1.658183544275106840e+02
1.651265354027231069e+02
1.644087495081581096e+02
1.636641591670230582e+02
1.628919118912859858e+02
1.620911532093801952e+02
1.612610280544571992e+02
1.604006782159820261e+02
1.595092413840798429e+02
1.585858491252972158e+02
1.576296270314032881e+02
1.566396948975781243e+02
1.556151694053446874e+02
1.545551658330192026e+02
1.534588054821135188e+02
1.523252219081362568e+02
1.511535653050848396e+02
1.499429833261090153e+02
1.486926084871313947e+02
1.474015340902791138e+02
1.460688276900519043e+02
1.446935779791257630e+02
1.432749579153962713e+02
1.418122623641988582e+02
1.403048911113796464e+02
1.387522989927542483e+02
1.371539377306856409e+02
1.355092242095951462e+02
1.338175706231083097e+02
1.320784398893661944e+02
1.302914063878111222e+02
1.284561716014576120e+02
1.265725377038551045e+02
1.246403654463382651e+02
1.226595426996921958e+02
1.206300068901328331e+02
1.185517978631338281e+02
1.164251257037948193e+02
1.142503957317605625e+02
1.120281885248241309e+02
1.097592064210942198e+02
1.074442215703209627e+02
1.050840800897354512e+02
1.026797590586543834e+02
1.002324398521531350e+02
9.774356710062714626e+01
9.521484163490315211e+01
9.264817751981864546e+01
9.004564990297049576e+01
8.740947271550034259e+01
8.474203083406077042e+01
8.204592871742305249e+01
7.932403817273385016e+01
7.657950592872066409e+01
7.381572541472644389e+01
7.103629816489295479e+01
6.824501043741507544e+01
6.544586083030560530e+01
6.264311389439343714e+01
5.984135729286075644e+01
5.704549846817260317e+01
5.426067743970496338e+01
5.149214169392421070e+01
4.874512789369039467e+01
4.602485201677045268e+01
4.333658175372916332e+01
4.068573613458156046e+01
3.807796021244147511e+01
3.551912154752809414e+01
3.301527677971150609e+01
3.057262412938450780e+01
2.819740950286399439e+01
2.589577966935136288e+01
2.367359578196291636e+01
2.153626641241540085e+01
1.948872927778128528e+01
1.753553438025171829e+01
1.568096315957625464e+01
1.392906909375836655e+01
1.228354065230013781e+01
1.074748828098316267e+01
9.323213023542356481e+00
8.012085461608934978e+00
6.814543731064582666e+00
5.730130103832556721e+00
4.757524410451886787e+00
3.894503290676168739e+00
3.137863528940556979e+00
2.483349217120196517e+00
1.925644070442389166e+00
1.458475933869553876e+00
1.074788450835860276e+00
7.669442218691434610e-01
5.268380878459671957e-01
3.459288473084914939e-01
2.152820113213161635e-01
1.256942820396813598e-01
6.798981864484050786e-02
3.375599486815076405e-02
1.552444605742024815e-02
6.513779820672256637e-03
2.556623953189343049e-03
1.060777571491465857e-03
5.408717646090653586e-04
3.769736057042277245e-04
3.398908501998875158e-04
3.291338249565009056e-04
3.224352267202268332e-04
3.162408307034195935e-04
3.101052192223549228e-04
3.040196328728491152e-04
2.979750843313233566e-04
2.919692039910604759e-04
2.860075771190324283e-04
2.800838205859522510e-04
2.741961162249708793e-04
2.683403533069158371e-04
2.625203659026855655e-04
2.567266364587645244e-04
2.509577797145428799e-04
2.452102282072123420e-04
2.394812197196107440e-04
2.337680353850634524e-04
2.280689592564724580e-04
2.223734488971570696e-04
2.167055783702863489e-04
2.110379345303885321e-04
2.053794337708807324e-04
1.997246825343665638e-04
1.940770705241698293e-04
1.884349181962240963e-04
1.827987509385338427e-04
1.771695184643322005e-04
1.715495674628934137e-04
1.659398343382965696e-04
1.603402443484420331e-04
1.547528804032887633e-04
1.491804386421012975e-04
1.436240675092174740e-04
1.380889421021550738e-04
1.325750055050291959e-04
1.270882643386014638e-04
1.216358984035004345e-04
1.162232761758201299e-04
1.108561882110956179e-04
1.055408897962939739e-04
1.002843395877249961e-04
9.509408320611667379e-05
8.997726545155793391e-05
8.494146611644420115e-05
7.999359205142102301e-05
7.514687256866462274e-05
7.039739583282396710e-05
6.576332314350105299e-05
6.124966031638321925e-05
5.686270819661766056e-05
5.260877040881323675e-05
4.849409727692539988e-05
4.453415966893506703e-05
4.072485770985012984e-05
3.707663683257617028e-05
3.359555490364760777e-05
3.028710871081297177e-05
2.715625024894009591e-05
2.421310823762886819e-05
2.144120339215810995e-05
1.886298932367633970e-05
1.647280471696332361e-05
1.427056977211215504e-05
1.225527032085940314e-05
1.042069360253083333e-05
8.770121403302489791e-06
7.296552449956236176e-06
5.992425567502017474e-06
4.849093761780330377e-06
3.858640516028875148e-06
3.012602324839950193e-06
2.300338389096944664e-06
1.709627395305719248e-06
1.232590782948004865e-06
8.535913060556585168e-07
5.617720360041742389e-07
3.451930828087904609e-07
1.920579908688623645e-07
9.121796185963532257e-08
3.203574543389236707e-08
4.793752511302257869e-09
7.395057151588382220e-10
1.219707915937073994e-08
3.265526168387688927e-08
5.680260432990312880e-08
8.054311174442601072e-08
1.009047865731286382e-07
1.159992626861758611e-07
1.249256251692683173e-07
1.275376973065215033e-07
1.242430522206441546e-07
1.159564333564977100e-07
1.039524919719178019e-07
8.958367044566722962e-08
