0.6067131132563286 0.001078435110958106
0.6241500235213617 0.0012300680612237107
0.638904332207159 0.0014006330006781746
0.6536586408929563 0.00159644148946117
0.6684129495787539 0.0018176073014710312
0.6841508788436044 0.002077229812402304
0.6979215669503485 0.002384300722298977
0.712675875636146 0.0026746589961623587
0.7323482872172091 0.002998345602122457
0.7520206987982723 0.0033903836924844295
0.7716931103793354 0.0038429161463272286
0.7935513454694056 0.004352703319395725
0.8164031366999334 0.004882322094207405
0.8454646538083224 0.005477348896778221
0.874973271179917 0.006174233780012354
0.9044818885515118 0.006956889958869535
0.9339905059231066 0.007793253530626052
0.9634991232947012 0.008755615324261421
0.993007740666296 0.009869595112271631
1.0225163580378909 0.011141974467234193
1.0520249754094855 0.01265604044877936
1.0815335927810803 0.014266272595126998
1.108583158705042 0.01610479794493233
1.1503870333148014 0.018007202712467578
1.1946499593721935 0.020174841175309953
1.2364538339819529 0.022442627618676946
1.280716760039345 0.025043659990730605
1.324979686096737 0.028119254166693315
1.3667835607064962 0.03129847848135594
1.415964589659154 0.03492143219534181
1.470063721507078 0.03823803619477104
1.5241628533550016 0.04175581908460065
1.5782619852029252 0.04526746264546366
1.6323611170508492 0.049096701342962526
1.6864602488987728 0.053153321190336666
1.7405593807466964 0.05705124967022244
1.79465851259462 0.060957864062010654
1.848757644442544 0.0642224357226445
1.9028567762904676 0.067692541839244
1.9569559081383912 0.07054551848243659
2.0110550399863154 0.07344539967160028
2.065154171834239 0.07651306367982882
2.1192533036821626 0.07941289721868504
2.173352435530086 0.08187852894393055
2.2274515673780098 0.08387102829920998
2.2815506992259333 0.08552315765669694
2.335649831073857 0.08715246242954008
2.3897489629217805 0.08878863648137246
2.443848094769705 0.08947602598151846
2.4979472266176286 0.09074323015045668
2.552046358465552 0.09261472245925581
2.6061454903134758 0.09269878991761432
2.6602446221613993 0.09290929256695629
2.714343754009323 0.09295145042386409
2.7684428858572465 0.09207013923855534
2.822542017705171 0.09263573217366165
2.8766411495530946 0.09107315375632816
2.930740281401018 0.09012784139182468
2.9848394132489418 0.08923281236926586
3.0389385450968653 0.08794679465854431
3.093037676944789 0.08656142499812716
3.1471368087927125 0.08585746852043015
3.201235940640637 0.08515923693372814
3.2553350724885606 0.08268478719182097
3.309434204336484 0.08013668885808241
3.3635333361844078 0.07798486667435284
3.4176324680323313 0.07602866149473043
3.471731599880255 0.07449232848570717
3.5258307317281785 0.07272263614389479
3.579929863576102 0.07060955346823498
3.6340289954240257 0.06868238812104444
3.68812812727195 0.0666867018786707
3.7422272591198738 0.06460230330160457
3.7963263909677973 0.06241294272866035
3.850425522815721 0.05972607098717777
3.9045246546636445 0.05720674897756691
3.958623786511568 0.05579705742839873
4.012722918359492 0.05420035929356832
4.066822050207415 0.05186703855275314
4.12092118205534 0.04983723015533253
4.175020313903263 0.04825759150627982
4.229119445751187 0.04653762647861155
4.2832185775991105 0.04465556842263235
4.337317709447034 0.04236640100605636
4.391416841294958 0.03997636587764927
4.445515973142881 0.038116802008943726
4.499615104990806 0.03654212621425747
4.553714236838729 0.03541600695967441
4.607813368686653 0.034030007096645026
4.6619125005345765 0.0316905857149025
4.7160116323825 0.029753962435966938
4.770110764230424 0.028485976678846003
4.824209896078347 0.02724729432942564
4.878309027926272 0.025968060269235635
4.932408159774195 0.024659229154240445
4.986507291622119 0.023373912385969774
5.0406064234700425 0.02184619367402437
5.079951246632169 0.02070750118382203
