100 2 
0.00000E+00 3.85498E-03 1.00582E+00 3.25221E+02 
7.64000E+00 3.85269E-03 1.00581E+00 3.25221E+02 
1.52800E+01 3.84583E-03 1.00573E+00 3.25220E+02 
2.29200E+01 3.83440E-03 1.00550E+00 3.25216E+02 
3.05600E+01 3.81845E-03 1.00508E+00 3.25204E+02 
3.82000E+01 3.79800E-03 1.00437E+00 3.25179E+02 
4.58400E+01 3.77312E-03 1.00332E+00 3.25135E+02 
5.34800E+01 3.74385E-03 1.00186E+00 3.25063E+02 
6.11200E+01 3.71027E-03 9.99938E-01 3.24952E+02 
6.87600E+01 3.67247E-03 9.97481E-01 3.24792E+02 
7.64000E+01 3.63055E-03 9.94435E-01 3.24570E+02 
8.40400E+01 3.58460E-03 9.90747E-01 3.24274E+02 
9.16800E+01 3.53476E-03 9.86365E-01 3.23889E+02 
9.93200E+01 3.48114E-03 9.81243E-01 3.23399E+02 
1.06960E+02 3.42390E-03 9.75336E-01 3.22789E+02 
1.14600E+02 3.36319E-03 9.68609E-01 3.22044E+02 
1.22240E+02 3.29917E-03 9.61025E-01 3.21145E+02 
1.29880E+02 3.23202E-03 9.52558E-01 3.20077E+02 
1.37520E+02 3.16192E-03 9.43184E-01 3.18823E+02 
1.45160E+02 3.08907E-03 9.32886E-01 3.17367E+02 
1.52800E+02 3.01368E-03 9.21653E-01 3.15693E+02 
1.60440E+02 2.93596E-03 9.09479E-01 3.13786E+02 
1.68080E+02 2.85614E-03 8.96366E-01 3.11631E+02 
1.75720E+02 2.77443E-03 8.82320E-01 3.09216E+02 
1.83360E+02 2.69108E-03 8.67354E-01 3.06528E+02 
1.91000E+02 2.60633E-03 8.51489E-01 3.03558E+02 
1.98640E+02 2.52042E-03 8.34751E-01 3.00297E+02 
2.06280E+02 2.43359E-03 8.17171E-01 2.96737E+02 
2.13920E+02 2.34609E-03 7.98786E-01 2.92874E+02 
2.21560E+02 2.25816E-03 7.79642E-01 2.88705E+02 
2.29200E+02 2.17006E-03 7.59786E-01 2.84229E+02 
2.36840E+02 2.08202E-03 7.39271E-01 2.79449E+02 
2.44480E+02 1.99428E-03 7.18156E-01 2.74367E+02 
2.52120E+02 1.90708E-03 6.96503E-01 2.68990E+02 
2.59760E+02 1.82063E-03 6.74377E-01 2.63327E+02 
2.67400E+02 1.73515E-03 6.51847E-01 2.57388E+02 
2.75040E+02 1.65084E-03 6.28983E-01 2.51187E+02 
2.82680E+02 1.56792E-03 6.05859E-01 2.44738E+02 
2.90320E+02 1.48655E-03 5.82547E-01 2.38059E+02 
2.97960E+02 1.40690E-03 5.59123E-01 2.31169E+02 
3.05600E+02 1.32915E-03 5.35660E-01 2.24088E+02 
3.13240E+02 1.25343E-03 5.12231E-01 2.16839E+02 
3.20880E+02 1.17987E-03 4.88910E-01 2.09445E+02 
3.28520E+02 1.10859E-03 4.65766E-01 2.01930E+02 
3.36160E+02 1.03968E-03 4.42866E-01 1.94320E+02 
3.43800E+02 9.73230E-04 4.20277E-01 1.86640E+02 
3.51440E+02 9.09312E-04 3.98059E-01 1.78917E+02 
3.59080E+02 8.47977E-04 3.76271E-01 1.71177E+02 
3.66720E+02 7.89264E-04 3.54966E-01 1.63446E+02 
3.74360E+02 7.33198E-04 3.34193E-01 1.55749E+02 
3.82000E+02 6.79790E-04 3.13997E-01 1.48112E+02 
3.89640E+02 6.29038E-04 2.94417E-01 1.40558E+02 
3.97280E+02 5.80926E-04 2.75489E-01 1.33111E+02 
4.04920E+02 5.35427E-04 2.57241E-01 1.25792E+02 
4.12560E+02 4.92505E-04 2.39698E-01 1.18622E+02 
4.20200E+02 4.52111E-04 2.22881E-01 1.11620E+02 
4.27840E+02 4.14187E-04 2.06802E-01 1.04803E+02 
4.35480E+02 3.78670E-04 1.91472E-01 9.81857E+01 
4.43120E+02 3.45486E-04 1.76896E-01 9.17829E+01 
4.50760E+02 3.14557E-04 1.63074E-01 8.56059E+01 
4.58400E+02 2.85800E-04 1.50003E-01 7.96645E+01 
4.66040E+02 2.59127E-04 1.37675E-01 7.39669E+01 
4.73680E+02 2.34446E-04 1.26080E-01 6.85191E+01 
4.81320E+02 2.11663E-04 1.15202E-01 6.33256E+01 
4.88960E+02 1.90684E-04 1.05026E-01 5.83889E+01 
4.96600E+02 1.71412E-04 9.55298E-02 5.37100E+01 
5.04240E+02 1.53751E-04 8.66929E-02 4.92882E+01 
5.11880E+02 1.37605E-04 7.84907E-02 4.51214E+01 
5.19520E+02 1.22880E-04 7.08979E-02 4.12062E+01 
5.27160E+02 1.09483E-04 6.38877E-02 3.75378E+01 
5.34800E+02 9.73243E-05 5.74322E-02 3.41104E+01 
5.42440E+02 8.63152E-05 5.15032E-02 3.09173E+01 
5.50080E+02 7.63714E-05 4.60719E-02 2.79507E+01 
5.57720E+02 6.74114E-05 4.11096E-02 2.52023E+01 
5.65360E+02 5.93573E-05 3.65874E-02 2.26632E+01 
5.73000E+02 5.21349E-05 3.24771E-02 2.03240E+01 
5.80640E+02 4.56741E-05 2.87508E-02 1.81748E+01 
5.88280E+02 3.99083E-05 2.53814E-02 1.62057E+01 
5.95920E+02 3.47753E-05 2.23425E-02 1.44066E+01 
6.03560E+02 3.02166E-05 1.96088E-02 1.27673E+01 
6.11200E+02 2.61777E-05 1.71560E-02 1.12777E+01 
6.18840E+02 2.26079E-05 1.49608E-02 9.92775E+00 
6.26480E+02 1.94604E-05 1.30012E-02 8.70775E+00 
6.34120E+02 1.66919E-05 1.12565E-02 7.60815E+00 
6.41760E+02 1.42626E-05 9.70693E-03 6.61975E+00 
6.49400E+02 1.21361E-05 8.33428E-03 5.73371E+00 
6.57040E+02 1.02792E-05 7.12144E-03 4.94155E+00 
6.64680E+02 8.66147E-06 6.05252E-03 4.23523E+00 
6.72320E+02 7.25562E-06 5.11283E-03 3.60713E+00 
6.79960E+02 6.03681E-06 4.28886E-03 3.05008E+00 
6.87600E+02 4.98271E-06 3.56819E-03 2.55736E+00 
6.95240E+02 4.07325E-06 2.93945E-03 2.12269E+00 
7.02880E+02 3.29047E-06 2.39232E-03 1.74026E+00 
7.10520E+02 2.61835E-06 1.91739E-03 1.40468E+00 
7.18160E+02 2.04264E-06 1.50620E-03 1.11098E+00 
7.25800E+02 1.55069E-06 1.15107E-03 8.54621E-01 
7.33440E+02 1.13133E-06 8.45146E-04 6.31439E-01 
7.41080E+02 7.74719E-07 5.82264E-04 4.37652E-01 
7.48720E+02 4.72189E-07 3.56942E-04 2.69832E-01 
7.56360E+02 2.16157E-07 1.64295E-04 1.24877E-01 
