100 2 
0.00000E+00 3.95426E-03 1.00579E+00 3.18262E+02 
7.52838E+00 3.95181E-03 1.00577E+00 3.18262E+02 
1.50568E+01 3.94445E-03 1.00569E+00 3.18260E+02 
2.25852E+01 3.93221E-03 1.00545E+00 3.18256E+02 
3.01135E+01 3.91512E-03 1.00500E+00 3.18244E+02 
3.76419E+01 3.89323E-03 1.00426E+00 3.18218E+02 
4.51703E+01 3.86661E-03 1.00315E+00 3.18172E+02 
5.26987E+01 3.83532E-03 1.00162E+00 3.18097E+02 
6.02271E+01 3.79946E-03 9.99589E-01 3.17982E+02 
6.77555E+01 3.75913E-03 9.97005E-01 3.17817E+02 
7.52838E+01 3.71444E-03 9.93806E-01 3.17587E+02 
8.28122E+01 3.66553E-03 9.89937E-01 3.17281E+02 
9.03406E+01 3.61253E-03 9.85347E-01 3.16883E+02 
9.78690E+01 3.55561E-03 9.79988E-01 3.16378E+02 
1.05397E+02 3.49493E-03 9.73818E-01 3.15751E+02 
1.12926E+02 3.43066E-03 9.66800E-01 3.14984E+02 
1.20454E+02 3.36300E-03 9.58903E-01 3.14062E+02 
1.27983E+02 3.29215E-03 9.50100E-01 3.12968E+02 
1.35511E+02 3.21832E-03 9.40371E-01 3.11686E+02 
1.43039E+02 3.14173E-03 9.29702E-01 3.10199E+02 
1.50568E+02 3.06261E-03 9.18085E-01 3.08493E+02 
1.58096E+02 2.98119E-03 9.05519E-01 3.06553E+02 
1.65624E+02 2.89773E-03 8.92008E-01 3.04366E+02 
1.73153E+02 2.81246E-03 8.77564E-01 3.01919E+02 
1.80681E+02 2.72565E-03 8.62204E-01 2.99201E+02 
1.88210E+02 2.63754E-03 8.45953E-01 2.96202E+02 
1.95738E+02 2.54840E-03 8.28839E-01 2.92917E+02 
2.03266E+02 2.45848E-03 8.10900E-01 2.89337E+02 
2.10795E+02 2.36804E-03 7.92176E-01 2.85460E+02 
2.18323E+02 2.27734E-03 7.72716E-01 2.81284E+02 
2.25852E+02 2.18663E-03 7.52570E-01 2.76810E+02 
2.33380E+02 2.09616E-03 7.31796E-01 2.72039E+02 
2.40908E+02 2.00616E-03 7.10453E-01 2.66978E+02 
2.48437E+02 1.91686E-03 6.88607E-01 2.61632E+02 
2.55965E+02 1.82851E-03 6.66324E-01 2.56012E+02 
2.63493E+02 1.74130E-03 6.43673E-01 2.50129E+02 
2.71022E+02 1.65544E-03 6.20727E-01 2.43996E+02 
2.78550E+02 1.57112E-03 5.97559E-01 2.37630E+02 
2.86079E+02 1.48852E-03 5.74241E-01 2.31047E+02 
2.93607E+02 1.40781E-03 5.50848E-01 2.24267E+02 
3.01135E+02 1.32913E-03 5.27453E-01 2.17310E+02 
3.08664E+02 1.25262E-03 5.04128E-01 2.10198E+02 
3.16192E+02 1.17841E-03 4.80942E-01 2.02954E+02 
3.23721E+02 1.10659E-03 4.57965E-01 1.95603E+02 
3.31249E+02 1.03726E-03 4.35262E-01 1.88168E+02 
3.38777E+02 9.70488E-04 4.12895E-01 1.80675E+02 
3.46306E+02 9.06338E-04 3.90923E-01 1.73149E+02 
3.53834E+02 8.44854E-04 3.69400E-01 1.65615E+02 
3.61362E+02 7.86064E-04 3.48379E-01 1.58098E+02 
3.68891E+02 7.29983E-04 3.27904E-01 1.50622E+02 
3.76419E+02 6.76614E-04 3.08017E-01 1.43212E+02 
3.83948E+02 6.25945E-04 2.88756E-01 1.35889E+02 
3.91476E+02 5.77954E-04 2.70150E-01 1.28676E+02 
3.99004E+02 5.32606E-04 2.52229E-01 1.21593E+02 
4.06533E+02 4.89856E-04 2.35012E-01 1.14659E+02 
4.14061E+02 4.49652E-04 2.18518E-01 1.07892E+02 
4.21590E+02 4.11929E-04 2.02758E-01 1.01308E+02 
4.29118E+02 3.76619E-04 1.87741E-01 9.49205E+01 
4.36646E+02 3.43645E-04 1.73468E-01 8.87426E+01 
4.44175E+02 3.12924E-04 1.59939E-01 8.27850E+01 
4.51703E+02 2.84369E-04 1.47150E-01 7.70566E+01 
4.59231E+02 2.57891E-04 1.35091E-01 7.15647E+01 
4.66760E+02 2.33395E-04 1.23751E-01 6.63147E+01 
4.74288E+02 2.10787E-04 1.13115E-01 6.13104E+01 
4.81817E+02 1.89969E-04 1.03164E-01 5.65538E+01 
4.89345E+02 1.70846E-04 9.38788E-02 5.20456E+01 
4.96873E+02 1.53320E-04 8.52374E-02 4.77848E+01 
5.04402E+02 1.37295E-04 7.72157E-02 4.37693E+01 
5.11930E+02 1.22677E-04 6.97883E-02 3.99953E+01 
5.19458E+02 1.09374E-04 6.29290E-02 3.64583E+01 
5.26987E+02 9.72963E-05 5.66102E-02 3.31525E+01 
5.34515E+02 8.63561E-05 5.08044E-02 3.00714E+01 
5.42044E+02 7.64697E-05 4.54833E-02 2.72075E+01 
5.49572E+02 6.75565E-05 4.06190E-02 2.45528E+01 
5.57100E+02 5.95395E-05 3.61834E-02 2.20987E+01 
5.64629E+02 5.23454E-05 3.21490E-02 1.98362E+01 
5.72157E+02 4.59049E-05 2.84888E-02 1.77559E+01 
5.79686E+02 4.01526E-05 2.51763E-02 1.58484E+01 
5.87214E+02 3.50269E-05 2.21861E-02 1.41039E+01 
5.94742E+02 3.04702E-05 1.94935E-02 1.25129E+01 
6.02271E+02 2.64289E-05 1.70751E-02 1.10656E+01 
6.09799E+02 2.28531E-05 1.49083E-02 9.75259E+00 
6.17328E+02 1.96965E-05 1.29718E-02 8.56455E+00 
6.24856E+02 1.69165E-05 1.12454E-02 7.49242E+00 
6.32384E+02 1.44740E-05 9.71011E-03 6.52745E+00 
6.39913E+02 1.23329E-05 8.34823E-03 5.66120E+00 
6.47441E+02 1.04604E-05 7.14314E-03 4.88560E+00 
6.54969E+02 8.82675E-06 6.07943E-03 4.19299E+00 
6.62498E+02 7.40474E-06 5.14283E-03 3.57609E+00 
6.70026E+02 6.16986E-06 4.32019E-03 3.02807E+00 
6.77555E+02 5.10000E-06 3.59942E-03 2.54248E+00 
6.85083E+02 4.17527E-06 2.96947E-03 2.11334E+00 
6.92611E+02 3.37785E-06 2.42025E-03 1.73506E+00 
7.00140E+02 2.69183E-06 1.94258E-03 1.40247E+00 
7.07668E+02 2.10303E-06 1.52818E-03 1.11080E+00 
7.15197E+02 1.59884E-06 1.16953E-03 8.55681E-01 
7.22725E+02 1.16812E-06 8.59904E-04 6.33099E-01 
7.30253E+02 8.01024E-07 5.93250E-04 4.39403E-01 
7.37782E+02 4.88885E-07 3.64166E-04 2.71274E-01 
7.45310E+02 2.24096E-07 1.67841E-04 1.25709E-01 
