100 2 
0.00000E+00 3.72227E-03 1.00586E+00 3.34939E+02 
7.78980E+00 3.72020E-03 1.00585E+00 3.34939E+02 
1.55796E+01 3.71400E-03 1.00577E+00 3.34938E+02 
2.33694E+01 3.70367E-03 1.00557E+00 3.34934E+02 
3.11592E+01 3.68925E-03 1.00517E+00 3.34923E+02 
3.89490E+01 3.67075E-03 1.00452E+00 3.34900E+02 
4.67388E+01 3.64820E-03 1.00355E+00 3.34858E+02 
5.45286E+01 3.62166E-03 1.00221E+00 3.34790E+02 
6.23184E+01 3.59117E-03 1.00042E+00 3.34685E+02 
7.01082E+01 3.55679E-03 9.98145E-01 3.34534E+02 
7.78980E+01 3.51860E-03 9.95316E-01 3.34324E+02 
8.56878E+01 3.47666E-03 9.91883E-01 3.34043E+02 
9.34776E+01 3.43108E-03 9.87797E-01 3.33677E+02 
1.01267E+02 3.38195E-03 9.83011E-01 3.33210E+02 
1.09057E+02 3.32937E-03 9.77480E-01 3.32628E+02 
1.16847E+02 3.27347E-03 9.71164E-01 3.31914E+02 
1.24637E+02 3.21439E-03 9.64028E-01 3.31052E+02 
1.32427E+02 3.15226E-03 9.56040E-01 3.30025E+02 
1.40216E+02 3.08723E-03 9.47174E-01 3.28816E+02 
1.48006E+02 3.01947E-03 9.37407E-01 3.27407E+02 
1.55796E+02 2.94915E-03 9.26724E-01 3.25784E+02 
1.63586E+02 2.87646E-03 9.15114E-01 3.23930E+02 
1.71376E+02 2.80159E-03 9.02573E-01 3.21829E+02 
1.79165E+02 2.72473E-03 8.89102E-01 3.19467E+02 
1.86955E+02 2.64611E-03 8.74708E-01 3.16831E+02 
1.94745E+02 2.56593E-03 8.59405E-01 3.13910E+02 
2.02535E+02 2.48442E-03 8.43212E-01 3.10693E+02 
2.10325E+02 2.40180E-03 8.26157E-01 3.07172E+02 
2.18114E+02 2.31831E-03 8.08271E-01 3.03340E+02 
2.25904E+02 2.23418E-03 7.89592E-01 2.99192E+02 
2.33694E+02 2.14964E-03 7.70165E-01 2.94727E+02 
2.41484E+02 2.06492E-03 7.50038E-01 2.89945E+02 
2.49274E+02 1.98027E-03 7.29265E-01 2.84848E+02 
2.57063E+02 1.89590E-03 7.07906E-01 2.79440E+02 
2.64853E+02 1.81204E-03 6.86023E-01 2.73729E+02 
2.72643E+02 1.72891E-03 6.63683E-01 2.67725E+02 
2.80433E+02 1.64672E-03 6.40954E-01 2.61439E+02 
2.88223E+02 1.56567E-03 6.17910E-01 2.54887E+02 
2.96012E+02 1.48595E-03 5.94624E-01 2.48084E+02 
3.03802E+02 1.40775E-03 5.71170E-01 2.41050E+02 
3.11592E+02 1.33122E-03 5.47625E-01 2.33806E+02 
3.19382E+02 1.25653E-03 5.24063E-01 2.26372E+02 
3.27172E+02 1.18382E-03 5.00560E-01 2.18774E+02 
3.34961E+02 1.11322E-03 4.77187E-01 2.11036E+02 
3.42751E+02 1.04484E-03 4.54017E-01 2.03185E+02 
3.50541E+02 9.78777E-04 4.31118E-01 1.95247E+02 
3.58331E+02 9.15114E-04 4.08555E-01 1.87251E+02 
3.66121E+02 8.53921E-04 3.86391E-01 1.79222E+02 
3.73910E+02 7.95249E-04 3.64683E-01 1.71190E+02 
3.81700E+02 7.39136E-04 3.43485E-01 1.63182E+02 
3.89490E+02 6.85607E-04 3.22846E-01 1.55224E+02 
3.97280E+02 6.34670E-04 3.02810E-01 1.47343E+02 
4.05070E+02 5.86323E-04 2.83416E-01 1.39563E+02 
4.12859E+02 5.40548E-04 2.64697E-01 1.31908E+02 
4.20649E+02 4.97317E-04 2.46682E-01 1.24401E+02 
4.28439E+02 4.56593E-04 2.29395E-01 1.17062E+02 
4.36229E+02 4.18325E-04 2.12852E-01 1.09910E+02 
4.44019E+02 3.82456E-04 1.97066E-01 1.02963E+02 
4.51808E+02 3.48920E-04 1.82047E-01 9.62360E+01 
4.59598E+02 3.17643E-04 1.67795E-01 8.97421E+01 
4.67388E+02 2.88547E-04 1.54311E-01 8.34927E+01 
4.75178E+02 2.61547E-04 1.41588E-01 7.74970E+01 
4.82968E+02 2.36556E-04 1.29616E-01 7.17622E+01 
4.90757E+02 2.13481E-04 1.18383E-01 6.62937E+01 
4.98547E+02 1.92229E-04 1.07872E-01 6.10949E+01 
5.06337E+02 1.72705E-04 9.80637E-02 5.61672E+01 
5.14127E+02 1.54814E-04 8.89360E-02 5.15104E+01 
5.21917E+02 1.38460E-04 8.04653E-02 4.71228E+01 
5.29706E+02 1.23549E-04 7.26255E-02 4.30010E+01 
5.37496E+02 1.09987E-04 6.53895E-02 3.91402E+01 
5.45286E+02 9.76824E-05 5.87290E-02 3.55346E+01 
5.53076E+02 8.65476E-05 5.26147E-02 3.21771E+01 
5.60866E+02 7.64962E-05 4.70170E-02 2.90597E+01 
5.68655E+02 6.74456E-05 4.19062E-02 2.61736E+01 
5.76445E+02 5.93165E-05 3.72525E-02 2.35094E+01 
5.84235E+02 5.20334E-05 3.30263E-02 2.10571E+01 
5.92025E+02 4.55245E-05 2.91987E-02 1.88062E+01 
5.99815E+02 3.97222E-05 2.57415E-02 1.67462E+01 
6.07604E+02 3.45626E-05 2.26270E-02 1.48661E+01 
6.15394E+02 2.99861E-05 1.98288E-02 1.31553E+01 
6.23184E+02 2.59370E-05 1.73216E-02 1.16027E+01 
6.30974E+02 2.23634E-05 1.50809E-02 1.01978E+01 
6.38764E+02 1.92174E-05 1.30839E-02 8.93015E+00 
6.46553E+02 1.64548E-05 1.13087E-02 7.78944E+00 
6.54343E+02 1.40349E-05 9.73490E-03 6.76588E+00 
6.62133E+02 1.19205E-05 8.34331E-03 5.85000E+00 
6.69923E+02 1.00777E-05 7.11611E-03 5.03275E+00 
6.77713E+02 8.47556E-06 6.03672E-03 4.30553E+00 
6.85502E+02 7.08621E-06 5.08986E-03 3.66022E+00 
6.93292E+02 5.88437E-06 4.26143E-03 3.08918E+00 
7.01082E+02 4.84734E-06 3.53852E-03 2.58524E+00 
7.08872E+02 3.95476E-06 2.90937E-03 2.14176E+00 
7.16662E+02 3.18845E-06 2.36324E-03 1.75255E+00 
7.24451E+02 2.53217E-06 1.89042E-03 1.41190E+00 
7.32241E+02 1.97154E-06 1.48215E-03 1.11457E+00 
7.40031E+02 1.49382E-06 1.13053E-03 8.55771E-01 
7.47821E+02 1.08777E-06 8.28500E-04 6.31113E-01 
7.55611E+02 7.43496E-07 5.69740E-04 4.36625E-01 
7.63400E+02 4.52331E-07 3.48631E-04 2.68714E-01 
7.71190E+02 2.06700E-07 1.60187E-04 1.24141E-01 
