100 2 
0.00000E+00 3.87726E-03 1.00581E+00 3.23637E+02 
7.61494E+00 3.87493E-03 1.00580E+00 3.23637E+02 
1.52299E+01 3.86796E-03 1.00572E+00 3.23636E+02 
2.28448E+01 3.85635E-03 1.00549E+00 3.23632E+02 
3.04598E+01 3.84014E-03 1.00506E+00 3.23620E+02 
3.80747E+01 3.81937E-03 1.00434E+00 3.23595E+02 
4.56897E+01 3.79409E-03 1.00328E+00 3.23550E+02 
5.33046E+01 3.76437E-03 1.00181E+00 3.23477E+02 
6.09195E+01 3.73028E-03 9.99858E-01 3.23366E+02 
6.85345E+01 3.69191E-03 9.97372E-01 3.23204E+02 
7.61494E+01 3.64936E-03 9.94291E-01 3.22981E+02 
8.37644E+01 3.60274E-03 9.90562E-01 3.22682E+02 
9.13793E+01 3.55219E-03 9.86132E-01 3.22294E+02 
9.89942E+01 3.49783E-03 9.80955E-01 3.21801E+02 
1.06609E+02 3.43981E-03 9.74989E-01 3.21187E+02 
1.14224E+02 3.37830E-03 9.68194E-01 3.20436E+02 
1.21839E+02 3.31345E-03 9.60539E-01 3.19532E+02 
1.29454E+02 3.24547E-03 9.51995E-01 3.18458E+02 
1.37069E+02 3.17453E-03 9.42539E-01 3.17197E+02 
1.44684E+02 3.10083E-03 9.32156E-01 3.15734E+02 
1.52299E+02 3.02460E-03 9.20835E-01 3.14052E+02 
1.59914E+02 2.94605E-03 9.08570E-01 3.12137E+02 
1.67529E+02 2.86540E-03 8.95365E-01 3.09974E+02 
1.75144E+02 2.78289E-03 8.81227E-01 3.07552E+02 
1.82759E+02 2.69876E-03 8.66171E-01 3.04857E+02 
1.90374E+02 2.61325E-03 8.50217E-01 3.01879E+02 
1.97988E+02 2.52660E-03 8.33391E-01 2.98612E+02 
2.05603E+02 2.43907E-03 8.15728E-01 2.95047E+02 
2.13218E+02 2.35091E-03 7.97265E-01 2.91180E+02 
2.20833E+02 2.26236E-03 7.78047E-01 2.87009E+02 
2.28448E+02 2.17367E-03 7.58124E-01 2.82533E+02 
2.36063E+02 2.08508E-03 7.37549E-01 2.77754E+02 
2.43678E+02 1.99683E-03 7.16381E-01 2.72676E+02 
2.51293E+02 1.90915E-03 6.94682E-01 2.67305E+02 
2.58908E+02 1.82227E-03 6.72519E-01 2.61651E+02 
2.66523E+02 1.73640E-03 6.49961E-01 2.55725E+02 
2.74138E+02 1.65175E-03 6.27077E-01 2.49538E+02 
2.81753E+02 1.56851E-03 6.03942E-01 2.43108E+02 
2.89368E+02 1.48686E-03 5.80628E-01 2.36450E+02 
2.96983E+02 1.40698E-03 5.57210E-01 2.29585E+02 
3.04598E+02 1.32902E-03 5.33762E-01 2.22532E+02 
3.12213E+02 1.25313E-03 5.10356E-01 2.15313E+02 
3.19828E+02 1.17942E-03 4.87065E-01 2.07953E+02 
3.27443E+02 1.10802E-03 4.63959E-01 2.00475E+02 
3.35057E+02 1.03902E-03 4.41104E-01 1.92905E+02 
3.42672E+02 9.72503E-04 4.18566E-01 1.85267E+02 
3.50287E+02 9.08536E-04 3.96404E-01 1.77589E+02 
3.57902E+02 8.47171E-04 3.74677E-01 1.69896E+02 
3.65517E+02 7.88445E-04 3.53436E-01 1.62213E+02 
3.73132E+02 7.32380E-04 3.32732E-01 1.54567E+02 
3.80747E+02 6.78985E-04 3.12607E-01 1.46981E+02 
3.88362E+02 6.28256E-04 2.93100E-01 1.39481E+02 
3.95977E+02 5.80176E-04 2.74246E-01 1.32087E+02 
4.03592E+02 5.34715E-04 2.56074E-01 1.24822E+02 
4.11207E+02 4.91836E-04 2.38607E-01 1.17707E+02 
4.18822E+02 4.51489E-04 2.21863E-01 1.10758E+02 
4.26437E+02 4.13615E-04 2.05858E-01 1.03995E+02 
4.34052E+02 3.78149E-04 1.90601E-01 9.74306E+01 
4.41667E+02 3.45016E-04 1.76095E-01 9.10795E+01 
4.49282E+02 3.14138E-04 1.62341E-01 8.49530E+01 
4.56897E+02 2.85431E-04 1.49335E-01 7.90607E+01 
4.64511E+02 2.58805E-04 1.37070E-01 7.34105E+01 
4.72126E+02 2.34169E-04 1.25533E-01 6.80083E+01 
4.79741E+02 2.11429E-04 1.14712E-01 6.28585E+01 
4.87356E+02 1.90489E-04 1.04588E-01 5.79633E+01 
4.94971E+02 1.71254E-04 9.51410E-02 5.33238E+01 
5.02586E+02 1.53626E-04 8.63495E-02 4.89393E+01 
5.10201E+02 1.37510E-04 7.81894E-02 4.48074E+01 
5.17816E+02 1.22811E-04 7.06351E-02 4.09248E+01 
5.25431E+02 1.09438E-04 6.36601E-02 3.72868E+01 
5.33046E+02 9.72992E-05 5.72365E-02 3.38876E+01 
5.40661E+02 8.63075E-05 5.13363E-02 3.07204E+01 
5.48276E+02 7.63784E-05 4.59309E-02 2.77776E+01 
5.55891E+02 6.74304E-05 4.09914E-02 2.50509E+01 
5.63506E+02 5.93861E-05 3.64896E-02 2.25315E+01 
5.71121E+02 5.21715E-05 3.23972E-02 2.02100E+01 
5.78736E+02 4.57165E-05 2.86864E-02 1.80769E+01 
5.86351E+02 3.99548E-05 2.53305E-02 1.61221E+01 
5.93966E+02 3.48244E-05 2.23031E-02 1.43357E+01 
6.01580E+02 3.02671E-05 1.95792E-02 1.27076E+01 
6.09195E+02 2.62284E-05 1.71345E-02 1.12278E+01 
6.16810E+02 2.26580E-05 1.49461E-02 9.88643E+00 
6.24425E+02 1.95090E-05 1.29921E-02 8.67387E+00 
6.32040E+02 1.67385E-05 1.12518E-02 7.58068E+00 
6.39655E+02 1.43067E-05 9.70575E-03 6.59775E+00 
6.47270E+02 1.21774E-05 8.33578E-03 5.71634E+00 
6.54885E+02 1.03174E-05 7.12491E-03 4.92806E+00 
6.62500E+02 8.69642E-06 6.05735E-03 4.22496E+00 
6.70115E+02 7.28726E-06 5.11854E-03 3.59950E+00 
6.77730E+02 6.06512E-06 4.29503E-03 3.04458E+00 
6.85345E+02 5.00773E-06 3.57447E-03 2.55355E+00 
6.92960E+02 4.09505E-06 2.94559E-03 2.12021E+00 
7.00575E+02 3.30917E-06 2.39809E-03 1.73878E+00 
7.08190E+02 2.63410E-06 1.92264E-03 1.40393E+00 
7.15805E+02 2.05560E-06 1.51081E-03 1.11074E+00 
7.23419E+02 1.56104E-06 1.15497E-03 8.54707E-01 
7.31034E+02 1.13924E-06 8.48269E-04 6.31698E-01 
7.38649E+02 7.80380E-07 5.84598E-04 4.37967E-01 
7.46264E+02 4.75784E-07 3.58480E-04 2.70107E-01 
7.53879E+02 2.17868E-07 1.65052E-04 1.25041E-01 
