100 2 
0.00000E+00 3.93012E-03 1.00579E+00 3.19931E+02 
7.55553E+00 3.92770E-03 1.00578E+00 3.19931E+02 
1.51111E+01 3.92046E-03 1.00570E+00 3.19930E+02 
2.26666E+01 3.90842E-03 1.00547E+00 3.19925E+02 
3.02221E+01 3.89161E-03 1.00502E+00 3.19913E+02 
3.77776E+01 3.87007E-03 1.00428E+00 3.19888E+02 
4.53332E+01 3.84386E-03 1.00319E+00 3.19843E+02 
5.28887E+01 3.81306E-03 1.00168E+00 3.19768E+02 
6.04442E+01 3.77776E-03 9.99672E-01 3.19654E+02 
6.79997E+01 3.73804E-03 9.97119E-01 3.19490E+02 
7.55553E+01 3.69402E-03 9.93957E-01 3.19262E+02 
8.31108E+01 3.64583E-03 9.90131E-01 3.18958E+02 
9.06663E+01 3.59359E-03 9.85590E-01 3.18563E+02 
9.82219E+01 3.53747E-03 9.80287E-01 3.18062E+02 
1.05777E+02 3.47762E-03 9.74180E-01 3.17439E+02 
1.13333E+02 3.41421E-03 9.67231E-01 3.16677E+02 
1.20888E+02 3.34743E-03 9.59408E-01 3.15760E+02 
1.28444E+02 3.27747E-03 9.50685E-01 3.14672E+02 
1.35999E+02 3.20454E-03 9.41040E-01 3.13396E+02 
1.43555E+02 3.12886E-03 9.30459E-01 3.11917E+02 
1.51111E+02 3.05064E-03 9.18934E-01 3.10218E+02 
1.58666E+02 2.97012E-03 9.06460E-01 3.08285E+02 
1.66222E+02 2.88753E-03 8.93044E-01 3.06105E+02 
1.73777E+02 2.80313E-03 8.78694E-01 3.03665E+02 
1.81333E+02 2.71715E-03 8.63427E-01 3.00954E+02 
1.88888E+02 2.62985E-03 8.47266E-01 2.97962E+02 
1.96444E+02 2.54149E-03 8.30242E-01 2.94681E+02 
2.03999E+02 2.45232E-03 8.12387E-01 2.91106E+02 
2.11555E+02 2.36259E-03 7.93743E-01 2.87232E+02 
2.19110E+02 2.27256E-03 7.74357E-01 2.83057E+02 
2.26666E+02 2.18248E-03 7.54279E-01 2.78581E+02 
2.34221E+02 2.09259E-03 7.33566E-01 2.73808E+02 
2.41777E+02 2.00314E-03 7.12276E-01 2.68740E+02 
2.49332E+02 1.91435E-03 6.90475E-01 2.63387E+02 
2.56888E+02 1.82646E-03 6.68228E-01 2.57755E+02 
2.64443E+02 1.73967E-03 6.45605E-01 2.51858E+02 
2.71999E+02 1.65418E-03 6.22678E-01 2.45709E+02 
2.79555E+02 1.57020E-03 5.99519E-01 2.39322E+02 
2.87110E+02 1.48790E-03 5.76202E-01 2.32715E+02 
2.94666E+02 1.40745E-03 5.52801E-01 2.25908E+02 
3.02221E+02 1.32900E-03 5.29389E-01 2.18921E+02 
3.09777E+02 1.25269E-03 5.06038E-01 2.11776E+02 
3.17332E+02 1.17863E-03 4.82820E-01 2.04495E+02 
3.24888E+02 1.10695E-03 4.59802E-01 1.97105E+02 
3.32443E+02 1.03772E-03 4.37052E-01 1.89627E+02 
3.39999E+02 9.71034E-04 4.14632E-01 1.82090E+02 
3.47554E+02 9.06945E-04 3.92601E-01 1.74516E+02 
3.55110E+02 8.45500E-04 3.71015E-01 1.66933E+02 
3.62665E+02 7.86733E-04 3.49926E-01 1.59364E+02 
3.70221E+02 7.30660E-04 3.29381E-01 1.51836E+02 
3.77776E+02 6.77287E-04 3.09420E-01 1.44371E+02 
3.85332E+02 6.26602E-04 2.90083E-01 1.36994E+02 
3.92887E+02 5.78587E-04 2.71402E-01 1.29725E+02 
4.00443E+02 5.33207E-04 2.53403E-01 1.22586E+02 
4.07998E+02 4.90420E-04 2.36109E-01 1.15596E+02 
4.15554E+02 4.50175E-04 2.19539E-01 1.08773E+02 
4.23110E+02 4.12408E-04 2.03703E-01 1.02133E+02 
4.30665E+02 3.77052E-04 1.88612E-01 9.56911E+01 
4.38221E+02 3.44032E-04 1.74268E-01 8.94599E+01 
4.45776E+02 3.13264E-04 1.60670E-01 8.34502E+01 
4.53332E+02 2.84665E-04 1.47815E-01 7.76714E+01 
4.60887E+02 2.58143E-04 1.35692E-01 7.21307E+01 
4.68443E+02 2.33606E-04 1.24292E-01 6.68339E+01 
4.75998E+02 2.10959E-04 1.13599E-01 6.17848E+01 
4.83554E+02 1.90106E-04 1.03595E-01 5.69857E+01 
4.91109E+02 1.70950E-04 9.42608E-02 5.24371E+01 
4.98665E+02 1.53394E-04 8.55736E-02 4.81383E+01 
5.06220E+02 1.37343E-04 7.75096E-02 4.40870E+01 
5.13776E+02 1.22701E-04 7.00435E-02 4.02797E+01 
5.21331E+02 1.09378E-04 6.31489E-02 3.67117E+01 
5.28887E+02 9.72829E-05 5.67982E-02 3.33772E+01 
5.36442E+02 8.63280E-05 5.09636E-02 3.02697E+01 
5.43998E+02 7.64295E-05 4.56169E-02 2.73815E+01 
5.51554E+02 6.75066E-05 4.07297E-02 2.47048E+01 
5.59109E+02 5.94822E-05 3.62741E-02 2.22307E+01 
5.66665E+02 5.22827E-05 3.22221E-02 1.99501E+01 
5.74220E+02 4.58386E-05 2.85465E-02 1.78536E+01 
5.81776E+02 4.00841E-05 2.52209E-02 1.59316E+01 
5.89331E+02 3.49577E-05 2.22195E-02 1.41743E+01 
5.96887E+02 3.04015E-05 1.95175E-02 1.25719E+01 
6.04442E+02 2.63617E-05 1.70912E-02 1.11147E+01 
6.11998E+02 2.27880E-05 1.49179E-02 9.79305E+00 
6.19553E+02 1.96344E-05 1.29762E-02 8.59753E+00 
6.27109E+02 1.68578E-05 1.12457E-02 7.51897E+00 
6.34664E+02 1.44190E-05 9.70729E-03 6.54853E+00 
6.42220E+02 1.22819E-05 8.34307E-03 5.67765E+00 
6.49775E+02 1.04136E-05 7.13635E-03 4.89821E+00 
6.57331E+02 8.78423E-06 6.07159E-03 4.20241E+00 
6.64886E+02 7.36648E-06 5.13443E-03 3.58293E+00 
6.72442E+02 6.13581E-06 4.31163E-03 3.03282E+00 
6.79997E+02 5.07005E-06 3.59104E-03 2.54560E+00 
6.87553E+02 4.14926E-06 2.96151E-03 2.11520E+00 
6.95109E+02 3.35561E-06 2.41291E-03 1.73599E+00 
7.02664E+02 2.67315E-06 1.93602E-03 1.40273E+00 
7.10220E+02 2.08769E-06 1.52248E-03 1.11063E+00 
7.17775E+02 1.58663E-06 1.16477E-03 8.55259E-01 
7.25331E+02 1.15880E-06 8.56110E-04 6.32574E-01 
7.32886E+02 7.94361E-07 5.90434E-04 4.38892E-01 
7.40442E+02 4.84658E-07 3.62319E-04 2.70870E-01 
7.47997E+02 2.22088E-07 1.66937E-04 1.25482E-01 
