100 2 
0.00000E+00 3.91012E-03 1.00580E+00 3.21325E+02 
7.57801E+00 3.90773E-03 1.00579E+00 3.21325E+02 
1.51560E+01 3.90060E-03 1.00570E+00 3.21324E+02 
2.27340E+01 3.88872E-03 1.00548E+00 3.21319E+02 
3.03120E+01 3.87213E-03 1.00503E+00 3.21308E+02 
3.78900E+01 3.85088E-03 1.00431E+00 3.21283E+02 
4.54680E+01 3.82503E-03 1.00323E+00 3.21237E+02 
5.30461E+01 3.79463E-03 1.00173E+00 3.21163E+02 
6.06241E+01 3.75979E-03 9.99742E-01 3.21050E+02 
6.82021E+01 3.72058E-03 9.97214E-01 3.20887E+02 
7.57801E+01 3.67711E-03 9.94082E-01 3.20661E+02 
8.33581E+01 3.62952E-03 9.90292E-01 3.20359E+02 
9.09361E+01 3.57792E-03 9.85793E-01 3.19966E+02 
9.85141E+01 3.52246E-03 9.80538E-01 3.19468E+02 
1.06092E+02 3.46330E-03 9.74483E-01 3.18848E+02 
1.13670E+02 3.40061E-03 9.67592E-01 3.18090E+02 
1.21248E+02 3.33456E-03 9.59832E-01 3.17178E+02 
1.28826E+02 3.26534E-03 9.51176E-01 3.16096E+02 
1.36404E+02 3.19317E-03 9.41602E-01 3.14825E+02 
1.43982E+02 3.11823E-03 9.31095E-01 3.13352E+02 
1.51560E+02 3.04076E-03 9.19646E-01 3.11659E+02 
1.59138E+02 2.96098E-03 9.07251E-01 3.09733E+02 
1.66716E+02 2.87913E-03 8.93913E-01 3.07559E+02 
1.74294E+02 2.79544E-03 8.79643E-01 3.05126E+02 
1.81872E+02 2.71016E-03 8.64455E-01 3.02420E+02 
1.89450E+02 2.62353E-03 8.48371E-01 2.99434E+02 
1.97028E+02 2.53582E-03 8.31421E-01 2.96158E+02 
2.04606E+02 2.44727E-03 8.13637E-01 2.92586E+02 
2.12184E+02 2.35813E-03 7.95061E-01 2.88714E+02 
2.19762E+02 2.26866E-03 7.75738E-01 2.84541E+02 
2.27340E+02 2.17910E-03 7.55718E-01 2.80065E+02 
2.34918E+02 2.08971E-03 7.35056E-01 2.75289E+02 
2.42496E+02 2.00071E-03 7.13811E-01 2.70217E+02 
2.50074E+02 1.91234E-03 6.92048E-01 2.64857E+02 
2.57652E+02 1.82483E-03 6.69832E-01 2.59217E+02 
2.65230E+02 1.73838E-03 6.47233E-01 2.53308E+02 
2.72808E+02 1.65322E-03 6.24322E-01 2.47144E+02 
2.80386E+02 1.56951E-03 6.01172E-01 2.40741E+02 
2.87964E+02 1.48746E-03 5.77856E-01 2.34115E+02 
2.95542E+02 1.40723E-03 5.54448E-01 2.27286E+02 
3.03120E+02 1.32896E-03 5.31022E-01 2.20274E+02 
3.10698E+02 1.25281E-03 5.07650E-01 2.13101E+02 
3.18276E+02 1.17888E-03 4.84405E-01 2.05790E+02 
3.25854E+02 1.10731E-03 4.61354E-01 1.98367E+02 
3.33432E+02 1.03817E-03 4.38564E-01 1.90854E+02 
3.41010E+02 9.71546E-04 4.16099E-01 1.83279E+02 
3.48588E+02 9.07505E-04 3.94019E-01 1.75666E+02 
3.56166E+02 8.46092E-04 3.72381E-01 1.68041E+02 
3.63744E+02 7.87342E-04 3.51235E-01 1.60430E+02 
3.71322E+02 7.31274E-04 3.30630E-01 1.52857E+02 
3.78900E+02 6.77893E-04 3.10608E-01 1.45347E+02 
3.86478E+02 6.27194E-04 2.91207E-01 1.37923E+02 
3.94056E+02 5.79156E-04 2.72461E-01 1.30608E+02 
4.01634E+02 5.33747E-04 2.54397E-01 1.23422E+02 
4.09212E+02 4.90928E-04 2.37039E-01 1.16385E+02 
4.16790E+02 4.50645E-04 2.20404E-01 1.09515E+02 
4.24368E+02 4.12840E-04 2.04505E-01 1.02828E+02 
4.31946E+02 3.77444E-04 1.89351E-01 9.63408E+01 
4.39524E+02 3.44382E-04 1.74947E-01 9.00647E+01 
4.47102E+02 3.13575E-04 1.61291E-01 8.40113E+01 
4.54680E+02 2.84936E-04 1.48379E-01 7.81900E+01 
4.62259E+02 2.58376E-04 1.36204E-01 7.26084E+01 
4.69837E+02 2.33803E-04 1.24753E-01 6.72722E+01 
4.77415E+02 2.11123E-04 1.14012E-01 6.21854E+01 
4.84993E+02 1.90238E-04 1.03963E-01 5.73504E+01 
4.92571E+02 1.71053E-04 9.45868E-02 5.27678E+01 
5.00149E+02 1.53471E-04 8.58608E-02 4.84370E+01 
5.07727E+02 1.37396E-04 7.77610E-02 4.43556E+01 
5.15305E+02 1.22734E-04 7.02621E-02 4.05201E+01 
5.22883E+02 1.09393E-04 6.33375E-02 3.69260E+01 
5.30461E+02 9.72818E-05 5.69598E-02 3.35673E+01 
5.38039E+02 8.63137E-05 5.11008E-02 3.04375E+01 
5.45617E+02 7.64043E-05 4.57322E-02 2.75290E+01 
5.53195E+02 6.74726E-05 4.08257E-02 2.48336E+01 
5.60773E+02 5.94412E-05 3.63529E-02 2.23426E+01 
5.68351E+02 5.22365E-05 3.22859E-02 2.00467E+01 
5.75929E+02 4.57887E-05 2.85973E-02 1.79366E+01 
5.83507E+02 4.00320E-05 2.52604E-02 1.60024E+01 
5.91085E+02 3.49044E-05 2.22494E-02 1.42342E+01 
5.98663E+02 3.03481E-05 1.95394E-02 1.26222E+01 
6.06241E+02 2.63090E-05 1.71063E-02 1.11566E+01 
6.13819E+02 2.27369E-05 1.49275E-02 9.82761E+00 
6.21397E+02 1.95852E-05 1.29812E-02 8.62575E+00 
6.28975E+02 1.68112E-05 1.12472E-02 7.54175E+00 
6.36553E+02 1.43752E-05 9.70598E-03 6.56666E+00 
6.44131E+02 1.22412E-05 8.33969E-03 5.69187E+00 
6.51709E+02 1.03762E-05 7.13148E-03 4.90915E+00 
6.59287E+02 8.75017E-06 6.06573E-03 4.21064E+00 
6.66865E+02 7.33579E-06 5.12802E-03 3.58894E+00 
6.74443E+02 6.10846E-06 4.30501E-03 3.03705E+00 
6.82021E+02 5.04595E-06 3.58448E-03 2.54843E+00 
6.89599E+02 4.12832E-06 2.95525E-03 2.11695E+00 
6.97177E+02 3.33769E-06 2.40711E-03 1.73692E+00 
7.04755E+02 2.65809E-06 1.93080E-03 1.40309E+00 
7.12333E+02 2.07532E-06 1.51794E-03 1.11060E+00 
7.19911E+02 1.57676E-06 1.16096E-03 8.54991E-01 
7.27489E+02 1.15127E-06 8.53071E-04 6.32200E-01 
7.35067E+02 7.88978E-07 5.88176E-04 4.38513E-01 
7.42645E+02 4.81242E-07 3.60835E-04 2.70563E-01 
7.50223E+02 2.20462E-07 1.66207E-04 1.25306E-01 
