100 2 
0.00000E+00 3.73513E-03 1.00586E+00 3.33975E+02 
7.77523E+00 3.73304E-03 1.00584E+00 3.33975E+02 
1.55505E+01 3.72677E-03 1.00577E+00 3.33974E+02 
2.33257E+01 3.71634E-03 1.00556E+00 3.33970E+02 
3.11009E+01 3.70177E-03 1.00516E+00 3.33959E+02 
3.88761E+01 3.68308E-03 1.00451E+00 3.33936E+02 
4.66514E+01 3.66031E-03 1.00353E+00 3.33894E+02 
5.44266E+01 3.63350E-03 1.00217E+00 3.33825E+02 
6.22018E+01 3.60271E-03 1.00038E+00 3.33720E+02 
6.99770E+01 3.56800E-03 9.98079E-01 3.33568E+02 
7.77523E+01 3.52944E-03 9.95228E-01 3.33357E+02 
8.55275E+01 3.48712E-03 9.91771E-01 3.33074E+02 
9.33027E+01 3.44112E-03 9.87656E-01 3.32706E+02 
1.01078E+02 3.39155E-03 9.82835E-01 3.32237E+02 
1.08853E+02 3.33852E-03 9.77267E-01 3.31652E+02 
1.16628E+02 3.28216E-03 9.70910E-01 3.30935E+02 
1.24404E+02 3.22259E-03 9.63730E-01 3.30069E+02 
1.32179E+02 3.15997E-03 9.55694E-01 3.29037E+02 
1.39954E+02 3.09445E-03 9.46777E-01 3.27823E+02 
1.47729E+02 3.02619E-03 9.36957E-01 3.26410E+02 
1.55505E+02 2.95538E-03 9.26219E-01 3.24782E+02 
1.63280E+02 2.88220E-03 9.14553E-01 3.22922E+02 
1.71055E+02 2.80684E-03 9.01954E-01 3.20815E+02 
1.78830E+02 2.72951E-03 8.88425E-01 3.18447E+02 
1.86605E+02 2.65042E-03 8.73973E-01 3.15806E+02 
1.94381E+02 2.56980E-03 8.58614E-01 3.12880E+02 
2.02156E+02 2.48785E-03 8.42366E-01 3.09658E+02 
2.09931E+02 2.40482E-03 8.25258E-01 3.06132E+02 
2.17706E+02 2.32094E-03 8.07321E-01 3.02297E+02 
2.25482E+02 2.23644E-03 7.88595E-01 2.98147E+02 
2.33257E+02 2.15155E-03 7.69124E-01 2.93680E+02 
2.41032E+02 2.06651E-03 7.48958E-01 2.88897E+02 
2.48807E+02 1.98155E-03 7.28150E-01 2.83801E+02 
2.56582E+02 1.89690E-03 7.06761E-01 2.78395E+02 
2.64358E+02 1.81279E-03 6.84852E-01 2.72688E+02 
2.72133E+02 1.72943E-03 6.62492E-01 2.66690E+02 
2.79908E+02 1.64703E-03 6.39749E-01 2.60412E+02 
2.87683E+02 1.56580E-03 6.16696E-01 2.53870E+02 
2.95459E+02 1.48592E-03 5.93406E-01 2.47079E+02 
3.03234E+02 1.40757E-03 5.69955E-01 2.40059E+02 
3.11009E+02 1.33093E-03 5.46417E-01 2.32830E+02 
3.18784E+02 1.25614E-03 5.22868E-01 2.25414E+02 
3.26559E+02 1.18335E-03 4.99382E-01 2.17836E+02 
3.34335E+02 1.11268E-03 4.76031E-01 2.10120E+02 
3.42110E+02 1.04425E-03 4.52888E-01 2.02293E+02 
3.49885E+02 9.78153E-04 4.30019E-01 1.94380E+02 
3.57660E+02 9.14468E-04 4.07491E-01 1.86411E+02 
3.65436E+02 8.53263E-04 3.85364E-01 1.78411E+02 
3.73211E+02 7.94590E-04 3.63696E-01 1.70409E+02 
3.80986E+02 7.38485E-04 3.42541E-01 1.62432E+02 
3.88761E+02 6.84970E-04 3.21946E-01 1.54506E+02 
3.96536E+02 6.34054E-04 3.01956E-01 1.46657E+02 
4.04312E+02 5.85733E-04 2.82608E-01 1.38910E+02 
4.12087E+02 5.39988E-04 2.63937E-01 1.31289E+02 
4.19862E+02 4.96791E-04 2.45970E-01 1.23816E+02 
4.27637E+02 4.56102E-04 2.28729E-01 1.16510E+02 
4.35413E+02 4.17871E-04 2.12233E-01 1.09392E+02 
4.43188E+02 3.82040E-04 1.96494E-01 1.02479E+02 
4.50963E+02 3.48541E-04 1.81519E-01 9.57842E+01 
4.58738E+02 3.17301E-04 1.67311E-01 8.93222E+01 
4.66514E+02 2.88241E-04 1.53869E-01 8.31039E+01 
4.74289E+02 2.61276E-04 1.41186E-01 7.71383E+01 
4.82064E+02 2.36318E-04 1.29252E-01 7.14325E+01 
4.89839E+02 2.13274E-04 1.18055E-01 6.59918E+01 
4.97614E+02 1.92052E-04 1.07578E-01 6.08195E+01 
5.05390E+02 1.72555E-04 9.78018E-02 5.59170E+01 
5.13165E+02 1.54688E-04 8.87039E-02 5.12840E+01 
5.20940E+02 1.38357E-04 8.02606E-02 4.69188E+01 
5.28715E+02 1.23465E-04 7.24460E-02 4.28179E+01 
5.36491E+02 1.09921E-04 6.52331E-02 3.89767E+01 
5.44266E+02 9.76327E-05 5.85936E-02 3.53892E+01 
5.52041E+02 8.65116E-05 5.24982E-02 3.20483E+01 
5.59816E+02 7.64722E-05 4.69177E-02 2.89463E+01 
5.67591E+02 6.74317E-05 4.18221E-02 2.60742E+01 
5.75367E+02 5.93111E-05 3.71819E-02 2.34227E+01 
5.83142E+02 5.20349E-05 3.29677E-02 2.09819E+01 
5.90917E+02 4.55317E-05 2.91506E-02 1.87414E+01 
5.98692E+02 3.97338E-05 2.57024E-02 1.66906E+01 
6.06468E+02 3.45776E-05 2.25958E-02 1.48188E+01 
6.14243E+02 3.00035E-05 1.98044E-02 1.31153E+01 
6.22018E+02 2.59560E-05 1.73028E-02 1.15691E+01 
6.29793E+02 2.23833E-05 1.50669E-02 1.01699E+01 
6.37568E+02 1.92377E-05 1.30738E-02 8.90705E+00 
6.45344E+02 1.64749E-05 1.13019E-02 7.77056E+00 
6.53119E+02 1.40545E-05 9.73069E-03 6.75060E+00 
6.60894E+02 1.19393E-05 8.34115E-03 5.83778E+00 
6.68669E+02 1.00954E-05 7.11553E-03 5.02311E+00 
6.76445E+02 8.49202E-06 6.03733E-03 4.29805E+00 
6.84220E+02 7.10129E-06 5.09129E-03 3.65451E+00 
6.91995E+02 5.89801E-06 4.26342E-03 3.08492E+00 
6.99770E+02 4.85951E-06 3.54085E-03 2.58216E+00 
7.07545E+02 3.96546E-06 2.91183E-03 2.13960E+00 
7.15321E+02 3.19768E-06 2.36568E-03 1.75110E+00 
7.23096E+02 2.54000E-06 1.89274E-03 1.41100E+00 
7.30871E+02 1.97801E-06 1.48424E-03 1.11407E+00 
7.38646E+02 1.49901E-06 1.13234E-03 8.55540E-01 
7.46422E+02 1.09175E-06 8.29977E-04 6.31057E-01 
7.54197E+02 7.46350E-07 5.70859E-04 4.36665E-01 
7.61972E+02 4.54149E-07 3.49377E-04 2.68786E-01 
7.69747E+02 2.07565E-07 1.60556E-04 1.24195E-01 
