100 2 
0.00000E+00 3.98168E-03 1.00578E+00 3.16383E+02 
7.49754E+00 3.97918E-03 1.00576E+00 3.16383E+02 
1.49951E+01 3.97169E-03 1.00568E+00 3.16382E+02 
2.24926E+01 3.95923E-03 1.00544E+00 3.16377E+02 
2.99902E+01 3.94183E-03 1.00498E+00 3.16365E+02 
3.74877E+01 3.91955E-03 1.00422E+00 3.16339E+02 
4.49853E+01 3.89244E-03 1.00310E+00 3.16293E+02 
5.24828E+01 3.86060E-03 1.00155E+00 3.16217E+02 
5.99803E+01 3.82412E-03 9.99495E-01 3.16101E+02 
6.74779E+01 3.78309E-03 9.96877E-01 3.15934E+02 
7.49754E+01 3.73765E-03 9.93638E-01 3.15703E+02 
8.24730E+01 3.68793E-03 9.89721E-01 3.15394E+02 
8.99705E+01 3.63407E-03 9.85075E-01 3.14993E+02 
9.74680E+01 3.57624E-03 9.79653E-01 3.14484E+02 
1.04966E+02 3.51462E-03 9.73413E-01 3.13852E+02 
1.12463E+02 3.44938E-03 9.66318E-01 3.13080E+02 
1.19961E+02 3.38072E-03 9.58338E-01 3.12152E+02 
1.27458E+02 3.30886E-03 9.49446E-01 3.11052E+02 
1.34956E+02 3.23401E-03 9.39623E-01 3.09762E+02 
1.42453E+02 3.15640E-03 9.28856E-01 3.08268E+02 
1.49951E+02 3.07626E-03 9.17138E-01 3.06554E+02 
1.57448E+02 2.99383E-03 9.04468E-01 3.04606E+02 
1.64946E+02 2.90938E-03 8.90853E-01 3.02411E+02 
1.72443E+02 2.82314E-03 8.76304E-01 2.99956E+02 
1.79941E+02 2.73538E-03 8.60840E-01 2.97231E+02 
1.87439E+02 2.64635E-03 8.44487E-01 2.94227E+02 
1.94936E+02 2.55633E-03 8.27275E-01 2.90935E+02 
2.02434E+02 2.46557E-03 8.09242E-01 2.87352E+02 
2.09931E+02 2.37433E-03 7.90430E-01 2.83473E+02 
2.17429E+02 2.28287E-03 7.70887E-01 2.79296E+02 
2.24926E+02 2.19145E-03 7.50666E-01 2.74824E+02 
2.32424E+02 2.10031E-03 7.29824E-01 2.70057E+02 
2.39921E+02 2.00969E-03 7.08423E-01 2.65003E+02 
2.47419E+02 1.91983E-03 6.86527E-01 2.59667E+02 
2.54916E+02 1.83095E-03 6.64204E-01 2.54060E+02 
2.62414E+02 1.74326E-03 6.41524E-01 2.48193E+02 
2.69912E+02 1.65697E-03 6.18558E-01 2.42080E+02 
2.77409E+02 1.57227E-03 5.95379E-01 2.35737E+02 
2.84907E+02 1.48933E-03 5.72062E-01 2.29181E+02 
2.92404E+02 1.40832E-03 5.48678E-01 2.22431E+02 
2.99902E+02 1.32939E-03 5.25303E-01 2.15508E+02 
3.07399E+02 1.25266E-03 5.02006E-01 2.08434E+02 
3.14897E+02 1.17826E-03 4.78858E-01 2.01232E+02 
3.22394E+02 1.10629E-03 4.55926E-01 1.93925E+02 
3.29892E+02 1.03683E-03 4.33275E-01 1.86538E+02 
3.37389E+02 9.69967E-04 4.10968E-01 1.79096E+02 
3.44887E+02 9.05747E-04 3.89062E-01 1.71623E+02 
3.52384E+02 8.44213E-04 3.67611E-01 1.64144E+02 
3.59882E+02 7.85393E-04 3.46664E-01 1.56685E+02 
3.67380E+02 7.29299E-04 3.26269E-01 1.49269E+02 
3.74877E+02 6.75931E-04 3.06464E-01 1.41919E+02 
3.82375E+02 6.25276E-04 2.87286E-01 1.34658E+02 
3.89872E+02 5.77308E-04 2.68767E-01 1.27508E+02 
3.97370E+02 5.31992E-04 2.50931E-01 1.20488E+02 
4.04867E+02 4.89281E-04 2.33800E-01 1.13617E+02 
4.12365E+02 4.49119E-04 2.17391E-01 1.06912E+02 
4.19862E+02 4.11443E-04 2.01715E-01 1.00390E+02 
4.27360E+02 3.76181E-04 1.86779E-01 9.40633E+01 
4.34857E+02 3.43255E-04 1.72586E-01 8.79450E+01 
4.42355E+02 3.12583E-04 1.59134E-01 8.20454E+01 
4.49853E+02 2.84076E-04 1.46419E-01 7.63734E+01 
4.57350E+02 2.57644E-04 1.34430E-01 7.09358E+01 
4.64848E+02 2.33191E-04 1.23156E-01 6.57380E+01 
4.72345E+02 2.10624E-04 1.12583E-01 6.07835E+01 
4.79843E+02 1.89844E-04 1.02691E-01 5.60744E+01 
4.87340E+02 1.70755E-04 9.34604E-02 5.16112E+01 
4.94838E+02 1.53260E-04 8.48697E-02 4.73928E+01 
5.02335E+02 1.37263E-04 7.68947E-02 4.34170E+01 
5.09833E+02 1.22670E-04 6.95102E-02 3.96801E+01 
5.17330E+02 1.09388E-04 6.26897E-02 3.61776E+01 
5.24828E+02 9.73285E-05 5.64062E-02 3.29038E+01 
5.32326E+02 8.64032E-05 5.06321E-02 2.98520E+01 
5.39823E+02 7.65289E-05 4.53393E-02 2.70150E+01 
5.47321E+02 6.76251E-05 4.05001E-02 2.43848E+01 
5.54818E+02 5.96153E-05 3.60866E-02 2.19529E+01 
5.62316E+02 5.24262E-05 3.20715E-02 1.97104E+01 
5.69813E+02 4.59888E-05 2.84280E-02 1.76482E+01 
5.77311E+02 4.02379E-05 2.51299E-02 1.57567E+01 
5.84808E+02 3.51121E-05 2.21519E-02 1.40265E+01 
5.92306E+02 3.05541E-05 1.94696E-02 1.24480E+01 
5.99803E+02 2.65105E-05 1.70597E-02 1.10117E+01 
6.07301E+02 2.29315E-05 1.48999E-02 9.70833E+00 
6.14798E+02 1.97711E-05 1.29689E-02 8.52857E+00 
6.22296E+02 1.69867E-05 1.12469E-02 7.46354E+00 
6.29794E+02 1.45394E-05 9.71498E-03 6.50460E+00 
6.37291E+02 1.23934E-05 8.35554E-03 5.64344E+00 
6.44789E+02 1.05158E-05 7.15211E-03 4.87208E+00 
6.52286E+02 8.87698E-06 6.08940E-03 4.18296E+00 
6.59784E+02 7.44985E-06 5.15328E-03 3.56891E+00 
6.67281E+02 6.20996E-06 4.33068E-03 3.02315E+00 
6.74779E+02 5.13522E-06 3.60960E-03 2.53935E+00 
6.82276E+02 4.20582E-06 2.97906E-03 2.11156E+00 
6.89774E+02 3.40396E-06 2.42904E-03 1.73428E+00 
6.97271E+02 2.71374E-06 1.95042E-03 1.40239E+00 
7.04769E+02 2.12099E-06 1.53495E-03 1.11117E+00 
7.12267E+02 1.61314E-06 1.17517E-03 8.56296E-01 
7.19764E+02 1.17903E-06 8.64387E-04 6.33798E-01 
7.27262E+02 8.08815E-07 5.96569E-04 4.40054E-01 
7.34759E+02 4.93825E-07 3.66340E-04 2.71776E-01 
7.42257E+02 2.26442E-07 1.68904E-04 1.25986E-01 
