100 2 
0.00000E+00 3.82262E-03 1.00583E+00 3.27545E+02 
7.67643E+00 3.82039E-03 1.00582E+00 3.27545E+02 
1.53529E+01 3.81368E-03 1.00574E+00 3.27544E+02 
2.30293E+01 3.80253E-03 1.00552E+00 3.27540E+02 
3.07057E+01 3.78694E-03 1.00510E+00 3.27528E+02 
3.83821E+01 3.76697E-03 1.00441E+00 3.27504E+02 
4.60586E+01 3.74265E-03 1.00338E+00 3.27461E+02 
5.37350E+01 3.71405E-03 1.00195E+00 3.27389E+02 
6.14114E+01 3.68122E-03 1.00005E+00 3.27280E+02 
6.90878E+01 3.64425E-03 9.97640E-01 3.27122E+02 
7.67643E+01 3.60324E-03 9.94646E-01 3.26903E+02 
8.44407E+01 3.55827E-03 9.91019E-01 3.26610E+02 
9.21171E+01 3.50946E-03 9.86707E-01 3.26229E+02 
9.97936E+01 3.45693E-03 9.81665E-01 3.25745E+02 
1.07470E+02 3.40082E-03 9.75848E-01 3.25142E+02 
1.15146E+02 3.34128E-03 9.69218E-01 3.24403E+02 
1.22823E+02 3.27846E-03 9.61741E-01 3.23513E+02 
1.30499E+02 3.21252E-03 9.53388E-01 3.22454E+02 
1.38176E+02 3.14365E-03 9.44134E-01 3.21211E+02 
1.45852E+02 3.07204E-03 9.33963E-01 3.19766E+02 
1.53529E+02 2.99788E-03 9.22860E-01 3.18103E+02 
1.61205E+02 2.92137E-03 9.10820E-01 3.16208E+02 
1.68881E+02 2.84275E-03 8.97841E-01 3.14065E+02 
1.76558E+02 2.76222E-03 8.83931E-01 3.11662E+02 
1.84234E+02 2.68001E-03 8.69100E-01 3.08986E+02 
1.91911E+02 2.59636E-03 8.53368E-01 3.06026E+02 
1.99587E+02 2.51151E-03 8.36757E-01 3.02774E+02 
2.07264E+02 2.42570E-03 8.19301E-01 2.99223E+02 
2.14940E+02 2.33917E-03 8.01033E-01 2.95366E+02 
2.22616E+02 2.25216E-03 7.81998E-01 2.91201E+02 
2.30293E+02 2.16492E-03 7.62242E-01 2.86727E+02 
2.37969E+02 2.07769E-03 7.41817E-01 2.81944E+02 
2.45646E+02 1.99069E-03 7.20782E-01 2.76857E+02 
2.53322E+02 1.90417E-03 6.99197E-01 2.71472E+02 
2.60999E+02 1.81835E-03 6.77126E-01 2.65796E+02 
2.68675E+02 1.73344E-03 6.54639E-01 2.59840E+02 
2.76351E+02 1.64964E-03 6.31806E-01 2.53618E+02 
2.84028E+02 1.56717E-03 6.08699E-01 2.47143E+02 
2.91704E+02 1.48620E-03 5.85391E-01 2.40434E+02 
2.99381E+02 1.40691E-03 5.61958E-01 2.33508E+02 
3.07057E+02 1.32946E-03 5.38474E-01 2.26387E+02 
3.14734E+02 1.25399E-03 5.15013E-01 2.19093E+02 
3.22410E+02 1.18064E-03 4.91647E-01 2.11650E+02 
3.30086E+02 1.10952E-03 4.68447E-01 2.04081E+02 
3.37763E+02 1.04075E-03 4.45482E-01 1.96413E+02 
3.45439E+02 9.74395E-04 4.22819E-01 1.88671E+02 
3.53116E+02 9.10544E-04 4.00519E-01 1.80882E+02 
3.60792E+02 8.49249E-04 3.78641E-01 1.73073E+02 
3.68469E+02 7.90552E-04 3.57240E-01 1.65270E+02 
3.76145E+02 7.34481E-04 3.36366E-01 1.57499E+02 
3.83821E+02 6.81050E-04 3.16065E-01 1.49785E+02 
3.91498E+02 6.30260E-04 2.96377E-01 1.42153E+02 
3.99174E+02 5.82098E-04 2.77339E-01 1.34627E+02 
4.06851E+02 5.36540E-04 2.58980E-01 1.27229E+02 
4.14527E+02 4.93550E-04 2.41326E-01 1.19979E+02 
4.22204E+02 4.53082E-04 2.24397E-01 1.12897E+02 
4.29880E+02 4.15082E-04 2.08209E-01 1.06001E+02 
4.37556E+02 3.79487E-04 1.92772E-01 9.93061E+01 
4.45233E+02 3.46224E-04 1.78092E-01 9.28267E+01 
4.52909E+02 3.15218E-04 1.64169E-01 8.65750E+01 
4.60586E+02 2.86385E-04 1.51001E-01 8.05611E+01 
4.68262E+02 2.59639E-04 1.38581E-01 7.47932E+01 
4.75939E+02 2.34889E-04 1.26898E-01 6.92780E+01 
4.83615E+02 2.12041E-04 1.15937E-01 6.40198E+01 
4.91291E+02 1.91001E-04 1.05682E-01 5.90215E+01 
4.98968E+02 1.71673E-04 9.61134E-02 5.42841E+01 
5.06644E+02 1.53961E-04 8.72086E-02 4.98072E+01 
5.14321E+02 1.37769E-04 7.89439E-02 4.55886E+01 
5.21997E+02 1.23003E-04 7.12936E-02 4.16249E+01 
5.29674E+02 1.09570E-04 6.42308E-02 3.79114E+01 
5.37350E+02 9.73792E-05 5.77277E-02 3.44423E+01 
5.45026E+02 8.63429E-05 5.17557E-02 3.12106E+01 
5.52703E+02 7.63760E-05 4.62859E-02 2.82087E+01 
5.60379E+02 6.73967E-05 4.12892E-02 2.54281E+01 
5.68056E+02 5.93270E-05 3.67366E-02 2.28598E+01 
5.75732E+02 5.20921E-05 3.25996E-02 2.04941E+01 
5.83409E+02 4.56217E-05 2.88500E-02 1.83212E+01 
5.91085E+02 3.98490E-05 2.54604E-02 1.63309E+01 
5.98761E+02 3.47112E-05 2.24042E-02 1.45129E+01 
6.06438E+02 3.01497E-05 1.96558E-02 1.28569E+01 
6.14114E+02 2.61096E-05 1.71905E-02 1.13526E+01 
6.21791E+02 2.25401E-05 1.49850E-02 9.98983E+00 
6.29467E+02 1.93940E-05 1.30170E-02 8.75873E+00 
6.37143E+02 1.66279E-05 1.12654E-02 7.64957E+00 
6.44820E+02 1.42017E-05 9.71050E-03 6.65302E+00 
6.52496E+02 1.20789E-05 8.33370E-03 5.76005E+00 
6.60173E+02 1.02260E-05 7.11776E-03 4.96208E+00 
6.67849E+02 8.61271E-06 6.04665E-03 4.25094E+00 
6.75526E+02 7.21138E-06 5.10552E-03 3.61888E+00 
6.83202E+02 5.99716E-06 4.28074E-03 3.05862E+00 
6.90878E+02 4.94761E-06 3.55975E-03 2.56334E+00 
6.98555E+02 4.04262E-06 2.93112E-03 2.12667E+00 
7.06231E+02 3.26415E-06 2.38441E-03 1.74272E+00 
7.13908E+02 2.59616E-06 1.91016E-03 1.40601E+00 
7.21584E+02 2.02437E-06 1.49981E-03 1.11152E+00 
7.29261E+02 1.53610E-06 1.14566E-03 8.54643E-01 
7.36937E+02 1.12017E-06 8.40787E-04 6.31171E-01 
7.44613E+02 7.66725E-07 5.79000E-04 4.37272E-01 
7.52290E+02 4.67107E-07 3.54783E-04 2.69478E-01 
7.59966E+02 2.13739E-07 1.63232E-04 1.24660E-01 
