100 2 
0.00000E+00 3.74943E-03 1.00585E+00 3.32909E+02 
7.75904E+00 3.74731E-03 1.00584E+00 3.32909E+02 
1.55181E+01 3.74098E-03 1.00576E+00 3.32908E+02 
2.32771E+01 3.73043E-03 1.00556E+00 3.32904E+02 
3.10361E+01 3.71569E-03 1.00515E+00 3.32893E+02 
3.87952E+01 3.69679E-03 1.00449E+00 3.32870E+02 
4.65542E+01 3.67377E-03 1.00351E+00 3.32827E+02 
5.43133E+01 3.64666E-03 1.00214E+00 3.32758E+02 
6.20723E+01 3.61554E-03 1.00032E+00 3.32652E+02 
6.98313E+01 3.58046E-03 9.98006E-01 3.32499E+02 
7.75904E+01 3.54150E-03 9.95132E-01 3.32287E+02 
8.53494E+01 3.49874E-03 9.91646E-01 3.32002E+02 
9.31084E+01 3.45229E-03 9.87498E-01 3.31632E+02 
1.00867E+02 3.40223E-03 9.82641E-01 3.31160E+02 
1.08627E+02 3.34870E-03 9.77032E-01 3.30572E+02 
1.16386E+02 3.29181E-03 9.70630E-01 3.29852E+02 
1.24145E+02 3.23171E-03 9.63400E-01 3.28981E+02 
1.31904E+02 3.16855E-03 9.55311E-01 3.27945E+02 
1.39663E+02 3.10247E-03 9.46338E-01 3.26726E+02 
1.47422E+02 3.03367E-03 9.36460E-01 3.25308E+02 
1.55181E+02 2.96231E-03 9.25661E-01 3.23673E+02 
1.62940E+02 2.88858E-03 9.13932E-01 3.21807E+02 
1.70699E+02 2.81268E-03 9.01270E-01 3.19694E+02 
1.78458E+02 2.73483E-03 8.87677E-01 3.17321E+02 
1.86217E+02 2.65523E-03 8.73162E-01 3.14673E+02 
1.93976E+02 2.57411E-03 8.57740E-01 3.11741E+02 
2.01735E+02 2.49169E-03 8.41432E-01 3.08514E+02 
2.09494E+02 2.40820E-03 8.24265E-01 3.04984E+02 
2.17253E+02 2.32388E-03 8.06273E-01 3.01144E+02 
2.25012E+02 2.23896E-03 7.87495E-01 2.96991E+02 
2.32771E+02 2.15369E-03 7.67976E-01 2.92523E+02 
2.40530E+02 2.06829E-03 7.47766E-01 2.87740E+02 
2.48289E+02 1.98299E-03 7.26919E-01 2.82644E+02 
2.56048E+02 1.89804E-03 7.05497E-01 2.77242E+02 
2.63807E+02 1.81364E-03 6.83561E-01 2.71540E+02 
2.71566E+02 1.73003E-03 6.61179E-01 2.65548E+02 
2.79325E+02 1.64740E-03 6.38420E-01 2.59279E+02 
2.87084E+02 1.56596E-03 6.15357E-01 2.52748E+02 
2.94843E+02 1.48590E-03 5.92064E-01 2.45970E+02 
3.02602E+02 1.40740E-03 5.68615E-01 2.38965E+02 
3.10361E+02 1.33063E-03 5.45086E-01 2.31754E+02 
3.18120E+02 1.25573E-03 5.21551E-01 2.24358E+02 
3.25879E+02 1.18285E-03 4.98084E-01 2.16802E+02 
3.33639E+02 1.11211E-03 4.74758E-01 2.09110E+02 
3.41398E+02 1.04362E-03 4.51644E-01 2.01309E+02 
3.49157E+02 9.77481E-04 4.28810E-01 1.93425E+02 
3.56916E+02 9.13770E-04 4.06319E-01 1.85485E+02 
3.64675E+02 8.52552E-04 3.84233E-01 1.77517E+02 
3.72434E+02 7.93876E-04 3.62610E-01 1.69548E+02 
3.80193E+02 7.37779E-04 3.41501E-01 1.61605E+02 
3.87952E+02 6.84280E-04 3.20956E-01 1.53714E+02 
3.95711E+02 6.33387E-04 3.01016E-01 1.45901E+02 
4.03470E+02 5.85094E-04 2.81720E-01 1.38191E+02 
4.11229E+02 5.39382E-04 2.63101E-01 1.30607E+02 
4.18988E+02 4.96221E-04 2.45186E-01 1.23171E+02 
4.26747E+02 4.55570E-04 2.27998E-01 1.15903E+02 
4.34506E+02 4.17379E-04 2.11554E-01 1.08823E+02 
4.42265E+02 3.81589E-04 1.95865E-01 1.01945E+02 
4.50024E+02 3.48131E-04 1.80939E-01 9.52870E+01 
4.57783E+02 3.16932E-04 1.66780E-01 8.88602E+01 
4.65542E+02 2.87911E-04 1.53383E-01 8.26761E+01 
4.73301E+02 2.60984E-04 1.40744E-01 7.67436E+01 
4.81060E+02 2.36062E-04 1.28853E-01 7.10698E+01 
4.88819E+02 2.13052E-04 1.17696E-01 6.56598E+01 
4.96578E+02 1.91861E-04 1.07256E-01 6.05167E+01 
5.04337E+02 1.72394E-04 9.75148E-02 5.56419E+01 
5.12096E+02 1.54554E-04 8.84494E-02 5.10351E+01 
5.19855E+02 1.38247E-04 8.00362E-02 4.66945E+01 
5.27614E+02 1.23377E-04 7.22494E-02 4.26167E+01 
5.35373E+02 1.09852E-04 6.50619E-02 3.87970E+01 
5.43133E+02 9.75811E-05 5.84454E-02 3.52293E+01 
5.50892E+02 8.64750E-05 5.23709E-02 3.19069E+01 
5.58651E+02 7.64484E-05 4.68091E-02 2.88217E+01 
5.66410E+02 6.74188E-05 4.17303E-02 2.59650E+01 
5.74169E+02 5.93073E-05 3.71050E-02 2.33275E+01 
5.81928E+02 5.20386E-05 3.29039E-02 2.08993E+01 
5.89687E+02 4.55414E-05 2.90982E-02 1.86702E+01 
5.97446E+02 3.97482E-05 2.56600E-02 1.66296E+01 
6.05205E+02 3.45956E-05 2.25620E-02 1.47669E+01 
6.12964E+02 3.00241E-05 1.97779E-02 1.30714E+01 
6.20723E+02 2.59782E-05 1.72826E-02 1.15323E+01 
6.28482E+02 2.24064E-05 1.50519E-02 1.01392E+01 
6.36241E+02 1.92610E-05 1.30632E-02 8.88176E+00 
6.44000E+02 1.64980E-05 1.12947E-02 7.74989E+00 
6.51759E+02 1.40769E-05 9.72637E-03 6.73389E+00 
6.59518E+02 1.19607E-05 8.33906E-03 5.82443E+00 
6.67277E+02 1.01155E-05 7.11515E-03 5.01259E+00 
6.75036E+02 8.51069E-06 6.03822E-03 4.28989E+00 
6.82795E+02 7.11839E-06 5.09309E-03 3.64831E+00 
6.90554E+02 5.91346E-06 4.26581E-03 3.08031E+00 
6.98313E+02 4.87327E-06 3.54357E-03 2.57882E+00 
7.06072E+02 3.97754E-06 2.91468E-03 2.13727E+00 
7.13831E+02 3.20811E-06 2.36849E-03 1.74956E+00 
7.21590E+02 2.54882E-06 1.89538E-03 1.41005E+00 
7.29349E+02 1.98531E-06 1.48663E-03 1.11355E+00 
7.37108E+02 1.50485E-06 1.13439E-03 8.55314E-01 
7.44867E+02 1.09623E-06 8.31651E-04 6.31017E-01 
7.52626E+02 7.49564E-07 5.72125E-04 4.36723E-01 
7.60385E+02 4.56194E-07 3.50220E-04 2.68874E-01 
7.68145E+02 2.08541E-07 1.60975E-04 1.24260E-01 
