100 2 
0.00000E+00 3.72211E-03 1.00586E+00 3.34951E+02 
7.78998E+00 3.72004E-03 1.00585E+00 3.34951E+02 
1.55800E+01 3.71384E-03 1.00577E+00 3.34950E+02 
2.33699E+01 3.70352E-03 1.00557E+00 3.34946E+02 
3.11599E+01 3.68910E-03 1.00517E+00 3.34935E+02 
3.89499E+01 3.67060E-03 1.00452E+00 3.34912E+02 
4.67399E+01 3.64805E-03 1.00355E+00 3.34870E+02 
5.45298E+01 3.62152E-03 1.00221E+00 3.34802E+02 
6.23198E+01 3.59103E-03 1.00042E+00 3.34697E+02 
7.01098E+01 3.55666E-03 9.98145E-01 3.34546E+02 
7.78998E+01 3.51846E-03 9.95317E-01 3.34336E+02 
8.56898E+01 3.47654E-03 9.91885E-01 3.34055E+02 
9.34797E+01 3.43096E-03 9.87799E-01 3.33689E+02 
1.01270E+02 3.38183E-03 9.83013E-01 3.33222E+02 
1.09060E+02 3.32926E-03 9.77482E-01 3.32640E+02 
1.16850E+02 3.27337E-03 9.71167E-01 3.31926E+02 
1.24640E+02 3.21429E-03 9.64032E-01 3.31064E+02 
1.32430E+02 3.15216E-03 9.56044E-01 3.30037E+02 
1.40220E+02 3.08714E-03 9.47178E-01 3.28828E+02 
1.48010E+02 3.01939E-03 9.37413E-01 3.27420E+02 
1.55800E+02 2.94908E-03 9.26730E-01 3.25796E+02 
1.63590E+02 2.87639E-03 9.15121E-01 3.23942E+02 
1.71380E+02 2.80152E-03 9.02581E-01 3.21841E+02 
1.79169E+02 2.72468E-03 8.89110E-01 3.19479E+02 
1.86959E+02 2.64606E-03 8.74717E-01 3.16844E+02 
1.94749E+02 2.56588E-03 8.59414E-01 3.13923E+02 
2.02539E+02 2.48438E-03 8.43223E-01 3.10706E+02 
2.10329E+02 2.40176E-03 8.26168E-01 3.07184E+02 
2.18119E+02 2.31828E-03 8.08283E-01 3.03352E+02 
2.25909E+02 2.23415E-03 7.89605E-01 2.99205E+02 
2.33699E+02 2.14961E-03 7.70178E-01 2.94740E+02 
2.41489E+02 2.06490E-03 7.50051E-01 2.89958E+02 
2.49279E+02 1.98025E-03 7.29279E-01 2.84860E+02 
2.57069E+02 1.89589E-03 7.07920E-01 2.79452E+02 
2.64859E+02 1.81203E-03 6.86037E-01 2.73742E+02 
2.72649E+02 1.72891E-03 6.63697E-01 2.67737E+02 
2.80439E+02 1.64672E-03 6.40969E-01 2.61452E+02 
2.88229E+02 1.56567E-03 6.17925E-01 2.54899E+02 
2.96019E+02 1.48595E-03 5.94639E-01 2.48097E+02 
3.03809E+02 1.40775E-03 5.71185E-01 2.41063E+02 
3.11599E+02 1.33122E-03 5.47640E-01 2.33818E+02 
3.19389E+02 1.25654E-03 5.24078E-01 2.26384E+02 
3.27179E+02 1.18383E-03 5.00574E-01 2.18786E+02 
3.34969E+02 1.11323E-03 4.77201E-01 2.11048E+02 
3.42759E+02 1.04485E-03 4.54031E-01 2.03196E+02 
3.50549E+02 9.78785E-04 4.31131E-01 1.95258E+02 
3.58339E+02 9.15122E-04 4.08568E-01 1.87261E+02 
3.66129E+02 8.53929E-04 3.86404E-01 1.79232E+02 
3.73919E+02 7.95257E-04 3.64695E-01 1.71200E+02 
3.81709E+02 7.39144E-04 3.43497E-01 1.63191E+02 
3.89499E+02 6.85615E-04 3.22857E-01 1.55233E+02 
3.97289E+02 6.34678E-04 3.02821E-01 1.47351E+02 
4.05079E+02 5.86330E-04 2.83426E-01 1.39571E+02 
4.12869E+02 5.40554E-04 2.64707E-01 1.31915E+02 
4.20659E+02 4.97324E-04 2.46691E-01 1.24408E+02 
4.28449E+02 4.56599E-04 2.29403E-01 1.17068E+02 
4.36239E+02 4.18330E-04 2.12859E-01 1.09916E+02 
4.44029E+02 3.82461E-04 1.97074E-01 1.02969E+02 
4.51819E+02 3.48924E-04 1.82053E-01 9.62415E+01 
4.59609E+02 3.17647E-04 1.67801E-01 8.97472E+01 
4.67399E+02 2.88551E-04 1.54316E-01 8.34974E+01 
4.75189E+02 2.61551E-04 1.41593E-01 7.75014E+01 
4.82979E+02 2.36559E-04 1.29621E-01 7.17663E+01 
4.90769E+02 2.13483E-04 1.18387E-01 6.62975E+01 
4.98559E+02 1.92231E-04 1.07876E-01 6.10983E+01 
5.06349E+02 1.72707E-04 9.80669E-02 5.61703E+01 
5.14139E+02 1.54816E-04 8.89389E-02 5.15132E+01 
5.21929E+02 1.38462E-04 8.04678E-02 4.71253E+01 
5.29719E+02 1.23550E-04 7.26277E-02 4.30032E+01 
5.37508E+02 1.09987E-04 6.53915E-02 3.91422E+01 
5.45298E+02 9.76830E-05 5.87306E-02 3.55364E+01 
5.53088E+02 8.65480E-05 5.26161E-02 3.21787E+01 
5.60878E+02 7.64965E-05 4.70182E-02 2.90611E+01 
5.68668E+02 6.74457E-05 4.19072E-02 2.61748E+01 
5.76458E+02 5.93165E-05 3.72533E-02 2.35105E+01 
5.84248E+02 5.20333E-05 3.30270E-02 2.10580E+01 
5.92038E+02 4.55244E-05 2.91993E-02 1.88070E+01 
5.99828E+02 3.97220E-05 2.57419E-02 1.67468E+01 
6.07618E+02 3.45624E-05 2.26273E-02 1.48667E+01 
6.15408E+02 2.99859E-05 1.98291E-02 1.31558E+01 
6.23198E+02 2.59368E-05 1.73218E-02 1.16031E+01 
6.30988E+02 2.23632E-05 1.50811E-02 1.01982E+01 
6.38778E+02 1.92172E-05 1.30840E-02 8.93043E+00 
6.46568E+02 1.64545E-05 1.13088E-02 7.78967E+00 
6.54358E+02 1.40346E-05 9.73495E-03 6.76607E+00 
6.62148E+02 1.19203E-05 8.34334E-03 5.85015E+00 
6.69938E+02 1.00775E-05 7.11611E-03 5.03286E+00 
6.77728E+02 8.47536E-06 6.03671E-03 4.30562E+00 
6.85518E+02 7.08602E-06 5.08983E-03 3.66029E+00 
6.93308E+02 5.88420E-06 4.26140E-03 3.08923E+00 
7.01098E+02 4.84719E-06 3.53849E-03 2.58528E+00 
7.08888E+02 3.95463E-06 2.90934E-03 2.14178E+00 
7.16678E+02 3.18833E-06 2.36321E-03 1.75256E+00 
7.24468E+02 2.53208E-06 1.89039E-03 1.41191E+00 
7.32258E+02 1.97147E-06 1.48212E-03 1.11458E+00 
7.40048E+02 1.49376E-06 1.13051E-03 8.55774E-01 
7.47838E+02 1.08772E-06 8.28481E-04 6.31113E-01 
7.55628E+02 7.43460E-07 5.69726E-04 4.36624E-01 
7.63418E+02 4.52308E-07 3.48621E-04 2.68712E-01 
7.71208E+02 2.06688E-07 1.60181E-04 1.24140E-01 
