100 2 
0.00000E+00 3.92628E-03 1.00580E+00 3.20198E+02 
7.55984E+00 3.92387E-03 1.00578E+00 3.20198E+02 
1.51197E+01 3.91665E-03 1.00570E+00 3.20197E+02 
2.26795E+01 3.90464E-03 1.00547E+00 3.20192E+02 
3.02394E+01 3.88787E-03 1.00502E+00 3.20180E+02 
3.77992E+01 3.86638E-03 1.00429E+00 3.20155E+02 
4.53591E+01 3.84025E-03 1.00320E+00 3.20110E+02 
5.29189E+01 3.80953E-03 1.00169E+00 3.20035E+02 
6.04788E+01 3.77431E-03 9.99686E-01 3.19921E+02 
6.80386E+01 3.73469E-03 9.97137E-01 3.19757E+02 
7.55984E+01 3.69077E-03 9.93981E-01 3.19530E+02 
8.31583E+01 3.64269E-03 9.90162E-01 3.19227E+02 
9.07181E+01 3.59058E-03 9.85629E-01 3.18832E+02 
9.82780E+01 3.53459E-03 9.80335E-01 3.18331E+02 
1.05838E+02 3.47487E-03 9.74238E-01 3.17708E+02 
1.13398E+02 3.41160E-03 9.67300E-01 3.16947E+02 
1.20958E+02 3.34496E-03 9.59489E-01 3.16032E+02 
1.28517E+02 3.27514E-03 9.50779E-01 3.14944E+02 
1.36077E+02 3.20236E-03 9.41148E-01 3.13670E+02 
1.43637E+02 3.12682E-03 9.30581E-01 3.12191E+02 
1.51197E+02 3.04874E-03 9.19070E-01 3.10494E+02 
1.58757E+02 2.96836E-03 9.06611E-01 3.08562E+02 
1.66317E+02 2.88592E-03 8.93210E-01 3.06384E+02 
1.73876E+02 2.80165E-03 8.78875E-01 3.03945E+02 
1.81436E+02 2.71580E-03 8.63623E-01 3.01235E+02 
1.88996E+02 2.62863E-03 8.47477E-01 2.98244E+02 
1.96556E+02 2.54040E-03 8.30467E-01 2.94964E+02 
2.04116E+02 2.45134E-03 8.12626E-01 2.91389E+02 
2.11676E+02 2.36173E-03 7.93995E-01 2.87515E+02 
2.19235E+02 2.27181E-03 7.74621E-01 2.83341E+02 
2.26795E+02 2.18183E-03 7.54554E-01 2.78865E+02 
2.34355E+02 2.09203E-03 7.33850E-01 2.74091E+02 
2.41915E+02 2.00267E-03 7.12569E-01 2.69023E+02 
2.49475E+02 1.91396E-03 6.90775E-01 2.63668E+02 
2.57035E+02 1.82614E-03 6.68534E-01 2.58035E+02 
2.64595E+02 1.73942E-03 6.45916E-01 2.52135E+02 
2.72154E+02 1.65399E-03 6.22992E-01 2.45983E+02 
2.79714E+02 1.57007E-03 5.99835E-01 2.39593E+02 
2.87274E+02 1.48781E-03 5.76518E-01 2.32983E+02 
2.94834E+02 1.40740E-03 5.53115E-01 2.26171E+02 
3.02394E+02 1.32899E-03 5.29700E-01 2.19179E+02 
3.09954E+02 1.25270E-03 5.06346E-01 2.12029E+02 
3.17513E+02 1.17868E-03 4.83122E-01 2.04743E+02 
3.25073E+02 1.10701E-03 4.60098E-01 1.97346E+02 
3.32633E+02 1.03780E-03 4.37340E-01 1.89862E+02 
3.40193E+02 9.71128E-04 4.14912E-01 1.82317E+02 
3.47753E+02 9.07048E-04 3.92871E-01 1.74736E+02 
3.55313E+02 8.45610E-04 3.71276E-01 1.67144E+02 
3.62873E+02 7.86846E-04 3.50176E-01 1.59568E+02 
3.70432E+02 7.30775E-04 3.29619E-01 1.52031E+02 
3.77992E+02 6.77400E-04 3.09647E-01 1.44558E+02 
3.85552E+02 6.26713E-04 2.90297E-01 1.37171E+02 
3.93112E+02 5.78693E-04 2.71603E-01 1.29893E+02 
4.00672E+02 5.33308E-04 2.53592E-01 1.22745E+02 
4.08232E+02 4.90515E-04 2.36286E-01 1.15746E+02 
4.15791E+02 4.50262E-04 2.19703E-01 1.08914E+02 
4.23351E+02 4.12489E-04 2.03856E-01 1.02266E+02 
4.30911E+02 3.77125E-04 1.88753E-01 9.58151E+01 
4.38471E+02 3.44097E-04 1.74397E-01 8.95753E+01 
4.46031E+02 3.13322E-04 1.60788E-01 8.35573E+01 
4.53591E+02 2.84715E-04 1.47922E-01 7.77703E+01 
4.61150E+02 2.58186E-04 1.35790E-01 7.22218E+01 
4.68710E+02 2.33643E-04 1.24380E-01 6.69175E+01 
4.76270E+02 2.10989E-04 1.13678E-01 6.18612E+01 
4.83830E+02 1.90130E-04 1.03665E-01 5.70552E+01 
4.91390E+02 1.70969E-04 9.43228E-02 5.25002E+01 
4.98950E+02 1.53408E-04 8.56281E-02 4.81952E+01 
5.06510E+02 1.37352E-04 7.75573E-02 4.41382E+01 
5.14069E+02 1.22707E-04 7.00850E-02 4.03255E+01 
5.21629E+02 1.09380E-04 6.31846E-02 3.67525E+01 
5.29189E+02 9.72819E-05 5.68288E-02 3.34134E+01 
5.36749E+02 8.63246E-05 5.09896E-02 3.03016E+01 
5.44309E+02 7.64241E-05 4.56387E-02 2.74096E+01 
5.51869E+02 6.74996E-05 4.07479E-02 2.47293E+01 
5.59428E+02 5.94739E-05 3.62889E-02 2.22520E+01 
5.66988E+02 5.22735E-05 3.22341E-02 1.99685E+01 
5.74548E+02 4.58286E-05 2.85561E-02 1.78694E+01 
5.82108E+02 4.00738E-05 2.52283E-02 1.59451E+01 
5.89668E+02 3.49472E-05 2.22251E-02 1.41857E+01 
5.97228E+02 3.03910E-05 1.95215E-02 1.25815E+01 
6.04788E+02 2.63513E-05 1.70940E-02 1.11227E+01 
6.12347E+02 2.27781E-05 1.49197E-02 9.79962E+00 
6.19907E+02 1.96248E-05 1.29771E-02 8.60288E+00 
6.27467E+02 1.68487E-05 1.12459E-02 7.52329E+00 
6.35027E+02 1.44104E-05 9.70697E-03 6.55196E+00 
6.42587E+02 1.22740E-05 8.34237E-03 5.68035E+00 
6.50147E+02 1.04064E-05 7.13536E-03 4.90027E+00 
6.57706E+02 8.77761E-06 6.07042E-03 4.20396E+00 
6.65266E+02 7.36052E-06 5.13316E-03 3.58405E+00 
6.72826E+02 6.13050E-06 4.31033E-03 3.03361E+00 
6.80386E+02 5.06537E-06 3.58975E-03 2.54613E+00 
6.87946E+02 4.14520E-06 2.96029E-03 2.11552E+00 
6.95506E+02 3.35214E-06 2.41178E-03 1.73615E+00 
7.03065E+02 2.67024E-06 1.93500E-03 1.40279E+00 
7.10625E+02 2.08529E-06 1.52160E-03 1.11062E+00 
7.18185E+02 1.58472E-06 1.16403E-03 8.55202E-01 
7.25745E+02 1.15734E-06 8.55519E-04 6.32497E-01 
7.33305E+02 7.93319E-07 5.89996E-04 4.38817E-01 
7.40865E+02 4.83996E-07 3.62030E-04 2.70809E-01 
7.48425E+02 2.21773E-07 1.66795E-04 1.25447E-01 
