100 2 
0.00000E+00 3.72591E-03 1.00586E+00 3.34665E+02 
7.78567E+00 3.72384E-03 1.00585E+00 3.34665E+02 
1.55713E+01 3.71762E-03 1.00577E+00 3.34664E+02 
2.33570E+01 3.70727E-03 1.00557E+00 3.34660E+02 
3.11427E+01 3.69280E-03 1.00517E+00 3.34649E+02 
3.89283E+01 3.67424E-03 1.00452E+00 3.34626E+02 
4.67140E+01 3.65163E-03 1.00355E+00 3.34584E+02 
5.44997E+01 3.62502E-03 1.00220E+00 3.34516E+02 
6.22853E+01 3.59444E-03 1.00041E+00 3.34411E+02 
7.00710E+01 3.55997E-03 9.98126E-01 3.34260E+02 
7.78567E+01 3.52167E-03 9.95291E-01 3.34050E+02 
8.56423E+01 3.47963E-03 9.91851E-01 3.33768E+02 
9.34280E+01 3.43393E-03 9.87757E-01 3.33401E+02 
1.01214E+02 3.38467E-03 9.82961E-01 3.32934E+02 
1.08999E+02 3.33197E-03 9.77419E-01 3.32351E+02 
1.16785E+02 3.27594E-03 9.71092E-01 3.31636E+02 
1.24571E+02 3.21672E-03 9.63943E-01 3.30773E+02 
1.32356E+02 3.15444E-03 9.55942E-01 3.29744E+02 
1.40142E+02 3.08928E-03 9.47061E-01 3.28534E+02 
1.47928E+02 3.02138E-03 9.37279E-01 3.27124E+02 
1.55713E+02 2.95092E-03 9.26581E-01 3.25499E+02 
1.63499E+02 2.87809E-03 9.14955E-01 3.23643E+02 
1.71285E+02 2.80308E-03 9.02397E-01 3.21540E+02 
1.79070E+02 2.72609E-03 8.88910E-01 3.19177E+02 
1.86856E+02 2.64733E-03 8.74499E-01 3.16540E+02 
1.94642E+02 2.56703E-03 8.59180E-01 3.13617E+02 
2.02427E+02 2.48539E-03 8.42972E-01 3.10399E+02 
2.10213E+02 2.40266E-03 8.25901E-01 3.06876E+02 
2.17999E+02 2.31905E-03 8.08001E-01 3.03043E+02 
2.25784E+02 2.23482E-03 7.89309E-01 2.98895E+02 
2.33570E+02 2.15018E-03 7.69869E-01 2.94430E+02 
2.41356E+02 2.06537E-03 7.49731E-01 2.89647E+02 
2.49141E+02 1.98063E-03 7.28948E-01 2.84550E+02 
2.56927E+02 1.89618E-03 7.07580E-01 2.79143E+02 
2.64713E+02 1.81225E-03 6.85690E-01 2.73433E+02 
2.72498E+02 1.72906E-03 6.63344E-01 2.67430E+02 
2.80284E+02 1.64681E-03 6.40612E-01 2.61147E+02 
2.88070E+02 1.56570E-03 6.17565E-01 2.54598E+02 
2.95855E+02 1.48594E-03 5.94278E-01 2.47799E+02 
3.03641E+02 1.40769E-03 5.70825E-01 2.40769E+02 
3.11427E+02 1.33114E-03 5.47282E-01 2.33528E+02 
3.19212E+02 1.25642E-03 5.23723E-01 2.26100E+02 
3.26998E+02 1.18369E-03 5.00225E-01 2.18507E+02 
3.34784E+02 1.11307E-03 4.76858E-01 2.10776E+02 
3.42569E+02 1.04467E-03 4.53696E-01 2.02931E+02 
3.50355E+02 9.78598E-04 4.30805E-01 1.95001E+02 
3.58141E+02 9.14929E-04 4.08252E-01 1.87012E+02 
3.65926E+02 8.53732E-04 3.86099E-01 1.78992E+02 
3.73712E+02 7.95060E-04 3.64402E-01 1.70968E+02 
3.81498E+02 7.38950E-04 3.43216E-01 1.62969E+02 
3.89283E+02 6.85425E-04 3.22590E-01 1.55020E+02 
3.97069E+02 6.34494E-04 3.02567E-01 1.47148E+02 
4.04855E+02 5.86154E-04 2.83186E-01 1.39377E+02 
4.12640E+02 5.40388E-04 2.64481E-01 1.31732E+02 
4.20426E+02 4.97167E-04 2.46480E-01 1.24234E+02 
4.28212E+02 4.56452E-04 2.29205E-01 1.16905E+02 
4.35997E+02 4.18195E-04 2.12676E-01 1.09763E+02 
4.43783E+02 3.82337E-04 1.96903E-01 1.02825E+02 
4.51569E+02 3.48811E-04 1.81896E-01 9.61074E+01 
4.59354E+02 3.17545E-04 1.67657E-01 8.96226E+01 
4.67140E+02 2.88459E-04 1.54185E-01 8.33820E+01 
4.74926E+02 2.61470E-04 1.41473E-01 7.73949E+01 
4.82711E+02 2.36487E-04 1.29512E-01 7.16684E+01 
4.90497E+02 2.13422E-04 1.18290E-01 6.62078E+01 
4.98283E+02 1.92178E-04 1.07788E-01 6.10165E+01 
5.06068E+02 1.72662E-04 9.79890E-02 5.60960E+01 
5.13854E+02 1.54778E-04 8.88699E-02 5.14460E+01 
5.21640E+02 1.38431E-04 8.04070E-02 4.70647E+01 
5.29425E+02 1.23525E-04 7.25744E-02 4.29489E+01 
5.37211E+02 1.09968E-04 6.53450E-02 3.90937E+01 
5.44997E+02 9.76680E-05 5.86904E-02 3.54932E+01 
5.52782E+02 8.65371E-05 5.25815E-02 3.21404E+01 
5.60568E+02 7.64892E-05 4.69887E-02 2.90274E+01 
5.68354E+02 6.74414E-05 4.18822E-02 2.61453E+01 
5.76139E+02 5.93147E-05 3.72323E-02 2.34847E+01 
5.83925E+02 5.20336E-05 3.30096E-02 2.10356E+01 
5.91711E+02 4.55264E-05 2.91850E-02 1.87877E+01 
5.99496E+02 3.97253E-05 2.57303E-02 1.67303E+01 
6.07282E+02 3.45667E-05 2.26181E-02 1.48527E+01 
6.15068E+02 2.99909E-05 1.98218E-02 1.31439E+01 
6.22853E+02 2.59423E-05 1.73162E-02 1.15932E+01 
6.30639E+02 2.23690E-05 1.50769E-02 1.01899E+01 
6.38425E+02 1.92231E-05 1.30810E-02 8.92356E+00 
6.46210E+02 1.64604E-05 1.13067E-02 7.78406E+00 
6.53996E+02 1.40404E-05 9.73367E-03 6.76152E+00 
6.61782E+02 1.19258E-05 8.34267E-03 5.84651E+00 
6.69567E+02 1.00827E-05 7.11592E-03 5.03000E+00 
6.77353E+02 8.48020E-06 6.03687E-03 4.30339E+00 
6.85139E+02 7.09045E-06 5.09024E-03 3.65859E+00 
6.92924E+02 5.88821E-06 4.26198E-03 3.08796E+00 
7.00710E+02 4.85077E-06 3.53917E-03 2.58436E+00 
7.08496E+02 3.95778E-06 2.91005E-03 2.14114E+00 
7.16281E+02 3.19105E-06 2.36392E-03 1.75213E+00 
7.24067E+02 2.53438E-06 1.89107E-03 1.41164E+00 
7.31853E+02 1.97337E-06 1.48274E-03 1.11443E+00 
7.39638E+02 1.49529E-06 1.13104E-03 8.55703E-01 
7.47424E+02 1.08889E-06 8.28917E-04 6.31095E-01 
7.55210E+02 7.44300E-07 5.70054E-04 4.36634E-01 
7.62995E+02 4.52843E-07 3.48841E-04 2.68733E-01 
7.70781E+02 2.06944E-07 1.60291E-04 1.24156E-01 
