100 2 
0.00000E+00 3.93932E-03 1.00579E+00 3.19293E+02 
7.54518E+00 3.93689E-03 1.00578E+00 3.19293E+02 
1.50904E+01 3.92960E-03 1.00569E+00 3.19292E+02 
2.26356E+01 3.91749E-03 1.00546E+00 3.19288E+02 
3.01807E+01 3.90057E-03 1.00501E+00 3.19275E+02 
3.77259E+01 3.87890E-03 1.00427E+00 3.19250E+02 
4.52711E+01 3.85253E-03 1.00318E+00 3.19204E+02 
5.28163E+01 3.82155E-03 1.00165E+00 3.19129E+02 
6.03615E+01 3.78603E-03 9.99640E-01 3.19015E+02 
6.79067E+01 3.74607E-03 9.97075E-01 3.18850E+02 
7.54518E+01 3.70180E-03 9.93899E-01 3.18622E+02 
8.29970E+01 3.65333E-03 9.90057E-01 3.18317E+02 
9.05422E+01 3.60081E-03 9.85497E-01 3.17921E+02 
9.80874E+01 3.54438E-03 9.80172E-01 3.17419E+02 
1.05633E+02 3.48421E-03 9.74041E-01 3.16794E+02 
1.13178E+02 3.42047E-03 9.67066E-01 3.16030E+02 
1.20723E+02 3.35336E-03 9.59215E-01 3.15111E+02 
1.28268E+02 3.28306E-03 9.50461E-01 3.14021E+02 
1.35813E+02 3.20979E-03 9.40784E-01 3.12742E+02 
1.43359E+02 3.13376E-03 9.30169E-01 3.11260E+02 
1.50904E+02 3.05519E-03 9.18609E-01 3.09559E+02 
1.58449E+02 2.97433E-03 9.06100E-01 3.07623E+02 
1.65994E+02 2.89141E-03 8.92647E-01 3.05440E+02 
1.73539E+02 2.80668E-03 8.78261E-01 3.02997E+02 
1.81084E+02 2.72038E-03 8.62959E-01 3.00284E+02 
1.88630E+02 2.63277E-03 8.46763E-01 2.97289E+02 
1.96175E+02 2.54411E-03 8.29704E-01 2.94007E+02 
2.03720E+02 2.45466E-03 8.11817E-01 2.90430E+02 
2.11265E+02 2.36466E-03 7.93143E-01 2.86554E+02 
2.18810E+02 2.27437E-03 7.73728E-01 2.82379E+02 
2.26356E+02 2.18405E-03 7.53625E-01 2.77904E+02 
2.33901E+02 2.09394E-03 7.32888E-01 2.73131E+02 
2.41446E+02 2.00428E-03 7.11578E-01 2.68066E+02 
2.48991E+02 1.91530E-03 6.89759E-01 2.62715E+02 
2.56536E+02 1.82723E-03 6.67498E-01 2.57088E+02 
2.64081E+02 1.74028E-03 6.44865E-01 2.51197E+02 
2.71627E+02 1.65465E-03 6.21930E-01 2.45053E+02 
2.79172E+02 1.57054E-03 5.98768E-01 2.38674E+02 
2.86717E+02 1.48813E-03 5.75450E-01 2.32077E+02 
2.94262E+02 1.40758E-03 5.52052E-01 2.25280E+02 
3.01807E+02 1.32904E-03 5.28647E-01 2.18304E+02 
3.09353E+02 1.25265E-03 5.05305E-01 2.11172E+02 
3.16898E+02 1.17854E-03 4.82100E-01 2.03905E+02 
3.24443E+02 1.10680E-03 4.59098E-01 1.96529E+02 
3.31988E+02 1.03753E-03 4.36365E-01 1.89068E+02 
3.39533E+02 9.70816E-04 4.13965E-01 1.81548E+02 
3.47078E+02 9.06704E-04 3.91957E-01 1.73992E+02 
3.54624E+02 8.45245E-04 3.70396E-01 1.66428E+02 
3.62169E+02 7.86470E-04 3.49332E-01 1.58879E+02 
3.69714E+02 7.30394E-04 3.28814E-01 1.51371E+02 
3.77259E+02 6.77022E-04 3.08882E-01 1.43927E+02 
3.84804E+02 6.26344E-04 2.89574E-01 1.36570E+02 
3.92350E+02 5.78338E-04 2.70921E-01 1.29323E+02 
3.99895E+02 5.32971E-04 2.52952E-01 1.22205E+02 
4.07440E+02 4.90199E-04 2.35688E-01 1.15237E+02 
4.14985E+02 4.49970E-04 2.19147E-01 1.08435E+02 
4.22530E+02 4.12220E-04 2.03340E-01 1.01817E+02 
4.30076E+02 3.76882E-04 1.88277E-01 9.53957E+01 
4.37621E+02 3.43879E-04 1.73960E-01 8.91849E+01 
4.45166E+02 3.13130E-04 1.60389E-01 8.31951E+01 
4.52711E+02 2.84548E-04 1.47559E-01 7.74356E+01 
4.60256E+02 2.58043E-04 1.35461E-01 7.19137E+01 
4.67801E+02 2.33522E-04 1.24084E-01 6.66348E+01 
4.75347E+02 2.10891E-04 1.13413E-01 6.16028E+01 
4.82892E+02 1.90051E-04 1.03429E-01 5.68200E+01 
4.90437E+02 1.70908E-04 9.41138E-02 5.22869E+01 
4.97982E+02 1.53363E-04 8.54441E-02 4.80027E+01 
5.05527E+02 1.37322E-04 7.73963E-02 4.39651E+01 
5.13073E+02 1.22690E-04 6.99451E-02 4.01705E+01 
5.20618E+02 1.09375E-04 6.30640E-02 3.66144E+01 
5.28163E+02 9.72864E-05 5.67256E-02 3.32910E+01 
5.35708E+02 8.63373E-05 5.09021E-02 3.01935E+01 
5.43253E+02 7.64436E-05 4.55653E-02 2.73147E+01 
5.50798E+02 6.75245E-05 4.06869E-02 2.46464E+01 
5.58344E+02 5.95030E-05 3.62390E-02 2.21800E+01 
5.65889E+02 5.23057E-05 3.21937E-02 1.99063E+01 
5.73434E+02 4.58631E-05 2.85240E-02 1.78161E+01 
5.80979E+02 4.01095E-05 2.52035E-02 1.58996E+01 
5.88524E+02 3.49834E-05 2.22064E-02 1.41473E+01 
5.96070E+02 3.04272E-05 1.95080E-02 1.25492E+01 
6.03615E+02 2.63868E-05 1.70848E-02 1.10958E+01 
6.11160E+02 2.28124E-05 1.49140E-02 9.77746E+00 
6.18705E+02 1.96577E-05 1.29743E-02 8.58482E+00 
6.26250E+02 1.68798E-05 1.12454E-02 7.50873E+00 
6.33795E+02 1.44396E-05 9.70821E-03 6.54039E+00 
6.41341E+02 1.23011E-05 8.34490E-03 5.67129E+00 
6.48886E+02 1.04312E-05 7.13881E-03 4.89332E+00 
6.56431E+02 8.80025E-06 6.07447E-03 4.19876E+00 
6.63976E+02 7.38090E-06 5.13754E-03 3.58026E+00 
6.71521E+02 6.14865E-06 4.31482E-03 3.03096E+00 
6.79067E+02 5.08135E-06 3.59417E-03 2.54437E+00 
6.86612E+02 4.15908E-06 2.96449E-03 2.11446E+00 
6.94157E+02 3.36401E-06 2.41566E-03 1.73561E+00 
7.01702E+02 2.68021E-06 1.93849E-03 1.40261E+00 
7.09247E+02 2.09349E-06 1.52463E-03 1.11068E+00 
7.16793E+02 1.59124E-06 1.16656E-03 8.55406E-01 
7.24338E+02 1.16232E-06 8.57540E-04 6.32765E-01 
7.31883E+02 7.96880E-07 5.91497E-04 4.39081E-01 
7.39428E+02 4.86255E-07 3.63015E-04 2.71020E-01 
7.46973E+02 2.22847E-07 1.67278E-04 1.25566E-01 
