100 2 
0.00000E+00 3.82485E-03 1.00583E+00 3.27384E+02 
7.67392E+00 3.82261E-03 1.00582E+00 3.27384E+02 
1.53478E+01 3.81590E-03 1.00574E+00 3.27383E+02 
2.30218E+01 3.80472E-03 1.00552E+00 3.27379E+02 
3.06957E+01 3.78911E-03 1.00510E+00 3.27367E+02 
3.83696E+01 3.76911E-03 1.00440E+00 3.27343E+02 
4.60435E+01 3.74475E-03 1.00337E+00 3.27300E+02 
5.37174E+01 3.71610E-03 1.00194E+00 3.27228E+02 
6.13913E+01 3.68322E-03 1.00005E+00 3.27118E+02 
6.90653E+01 3.64620E-03 9.97629E-01 3.26960E+02 
7.67392E+01 3.60512E-03 9.94631E-01 3.26742E+02 
8.44131E+01 3.56008E-03 9.91000E-01 3.26448E+02 
9.20870E+01 3.51120E-03 9.86684E-01 3.26067E+02 
9.97609E+01 3.45860E-03 9.81636E-01 3.25582E+02 
1.07435E+02 3.40241E-03 9.75813E-01 3.24979E+02 
1.15109E+02 3.34279E-03 9.69176E-01 3.24240E+02 
1.22783E+02 3.27988E-03 9.61691E-01 3.23349E+02 
1.30457E+02 3.21386E-03 9.53330E-01 3.22290E+02 
1.38131E+02 3.14491E-03 9.44068E-01 3.21045E+02 
1.45804E+02 3.07321E-03 9.33888E-01 3.19599E+02 
1.53478E+02 2.99896E-03 9.22776E-01 3.17936E+02 
1.61152E+02 2.92238E-03 9.10726E-01 3.16040E+02 
1.68826E+02 2.84367E-03 8.97739E-01 3.13896E+02 
1.76500E+02 2.76306E-03 8.83819E-01 3.11492E+02 
1.84174E+02 2.68077E-03 8.68979E-01 3.08815E+02 
1.91848E+02 2.59705E-03 8.53237E-01 3.05855E+02 
1.99522E+02 2.51212E-03 8.36618E-01 3.02603E+02 
2.07196E+02 2.42624E-03 8.19153E-01 2.99050E+02 
2.14870E+02 2.33964E-03 8.00877E-01 2.95193E+02 
2.22544E+02 2.25257E-03 7.81834E-01 2.91028E+02 
2.30218E+02 2.16527E-03 7.62071E-01 2.86553E+02 
2.37891E+02 2.07798E-03 7.41640E-01 2.81771E+02 
2.45565E+02 1.99094E-03 7.20599E-01 2.76684E+02 
2.53239E+02 1.90437E-03 6.99009E-01 2.71300E+02 
2.60913E+02 1.81850E-03 6.76935E-01 2.65625E+02 
2.68587E+02 1.73355E-03 6.54445E-01 2.59670E+02 
2.76261E+02 1.64972E-03 6.31610E-01 2.53449E+02 
2.83935E+02 1.56722E-03 6.08501E-01 2.46976E+02 
2.91609E+02 1.48622E-03 5.85194E-01 2.40269E+02 
2.99283E+02 1.40690E-03 5.61761E-01 2.33346E+02 
3.06957E+02 1.32943E-03 5.38278E-01 2.26228E+02 
3.14631E+02 1.25394E-03 5.14819E-01 2.18937E+02 
3.22305E+02 1.18058E-03 4.91456E-01 2.11496E+02 
3.29978E+02 1.10945E-03 4.68260E-01 2.03931E+02 
3.37652E+02 1.04067E-03 4.45300E-01 1.96267E+02 
3.45326E+02 9.74311E-04 4.22642E-01 1.88530E+02 
3.53000E+02 9.10455E-04 4.00347E-01 1.80746E+02 
3.60674E+02 8.49157E-04 3.78475E-01 1.72941E+02 
3.68348E+02 7.90459E-04 3.57081E-01 1.65143E+02 
3.76022E+02 7.34389E-04 3.36214E-01 1.57377E+02 
3.83696E+02 6.80960E-04 3.15920E-01 1.49669E+02 
3.91370E+02 6.30173E-04 2.96240E-01 1.42042E+02 
3.99044E+02 5.82014E-04 2.77209E-01 1.34522E+02 
4.06718E+02 5.36460E-04 2.58858E-01 1.27129E+02 
4.14392E+02 4.93475E-04 2.41212E-01 1.19885E+02 
4.22065E+02 4.53013E-04 2.24291E-01 1.12808E+02 
4.29739E+02 4.15018E-04 2.08111E-01 1.05917E+02 
4.37413E+02 3.79428E-04 1.92681E-01 9.92280E+01 
4.45087E+02 3.46171E-04 1.78008E-01 9.27540E+01 
4.52761E+02 3.15171E-04 1.64093E-01 8.65074E+01 
4.60435E+02 2.86343E-04 1.50932E-01 8.04986E+01 
4.68109E+02 2.59602E-04 1.38518E-01 7.47356E+01 
4.75783E+02 2.34857E-04 1.26840E-01 6.92251E+01 
4.83457E+02 2.12014E-04 1.15886E-01 6.39714E+01 
4.91131E+02 1.90978E-04 1.05636E-01 5.89774E+01 
4.98805E+02 1.71654E-04 9.60725E-02 5.42441E+01 
5.06479E+02 1.53945E-04 8.71725E-02 4.97710E+01 
5.14152E+02 1.37757E-04 7.89121E-02 4.55560E+01 
5.21826E+02 1.22994E-04 7.12659E-02 4.15957E+01 
5.29500E+02 1.09563E-04 6.42067E-02 3.78853E+01 
5.37174E+02 9.73748E-05 5.77070E-02 3.44191E+01 
5.44848E+02 8.63404E-05 5.17379E-02 3.11901E+01 
5.52522E+02 7.63752E-05 4.62708E-02 2.81907E+01 
5.60196E+02 6.73972E-05 4.12765E-02 2.54124E+01 
5.67870E+02 5.93286E-05 3.67261E-02 2.28461E+01 
5.75544E+02 5.20947E-05 3.25909E-02 2.04822E+01 
5.83218E+02 4.56250E-05 2.88429E-02 1.83109E+01 
5.90892E+02 3.98527E-05 2.54547E-02 1.63221E+01 
5.98566E+02 3.47153E-05 2.23998E-02 1.45054E+01 
6.06239E+02 3.01540E-05 1.96524E-02 1.28506E+01 
6.13913E+02 2.61141E-05 1.71880E-02 1.13473E+01 
6.21587E+02 2.25446E-05 1.49833E-02 9.98548E+00 
6.29261E+02 1.93984E-05 1.30158E-02 8.75515E+00 
6.36935E+02 1.66322E-05 1.12647E-02 7.64666E+00 
6.44609E+02 1.42058E-05 9.71018E-03 6.65067E+00 
6.52283E+02 1.20827E-05 8.33368E-03 5.75820E+00 
6.59957E+02 1.02296E-05 7.11796E-03 4.96063E+00 
6.67631E+02 8.61599E-06 6.04701E-03 4.24983E+00 
6.75305E+02 7.21436E-06 5.10599E-03 3.61804E+00 
6.82979E+02 5.99984E-06 4.28127E-03 3.05801E+00 
6.90653E+02 4.94998E-06 3.56031E-03 2.56291E+00 
6.98326E+02 4.04469E-06 2.93167E-03 2.12638E+00 
7.06000E+02 3.26594E-06 2.38494E-03 1.74254E+00 
7.13674E+02 2.59767E-06 1.91064E-03 1.40591E+00 
7.21348E+02 2.02561E-06 1.50024E-03 1.11148E+00 
7.29022E+02 1.53709E-06 1.14602E-03 8.54636E-01 
7.36696E+02 1.12093E-06 8.41080E-04 6.31185E-01 
7.44370E+02 7.67266E-07 5.79220E-04 4.37295E-01 
7.52044E+02 4.67453E-07 3.54930E-04 2.69501E-01 
7.59718E+02 2.13903E-07 1.63303E-04 1.24674E-01 
