100 2 
0.00000E+00 3.91427E-03 1.00580E+00 3.21035E+02 
7.57334E+00 3.91188E-03 1.00579E+00 3.21035E+02 
1.51467E+01 3.90472E-03 1.00570E+00 3.21034E+02 
2.27200E+01 3.89281E-03 1.00547E+00 3.21029E+02 
3.02934E+01 3.87617E-03 1.00503E+00 3.21017E+02 
3.78667E+01 3.85486E-03 1.00430E+00 3.20992E+02 
4.54401E+01 3.82894E-03 1.00322E+00 3.20947E+02 
5.30134E+01 3.79846E-03 1.00172E+00 3.20873E+02 
6.05867E+01 3.76351E-03 9.99728E-01 3.20760E+02 
6.81601E+01 3.72420E-03 9.97194E-01 3.20596E+02 
7.57334E+01 3.68062E-03 9.94056E-01 3.20370E+02 
8.33068E+01 3.63290E-03 9.90259E-01 3.20068E+02 
9.08801E+01 3.58117E-03 9.85751E-01 3.19674E+02 
9.84535E+01 3.52557E-03 9.80485E-01 3.19175E+02 
1.06027E+02 3.46627E-03 9.74420E-01 3.18555E+02 
1.13600E+02 3.40343E-03 9.67517E-01 3.17796E+02 
1.21173E+02 3.33723E-03 9.59744E-01 3.16883E+02 
1.28747E+02 3.26786E-03 9.51074E-01 3.15799E+02 
1.36320E+02 3.19552E-03 9.41485E-01 3.14528E+02 
1.43894E+02 3.12043E-03 9.30963E-01 3.13053E+02 
1.51467E+02 3.04281E-03 9.19497E-01 3.11359E+02 
1.59040E+02 2.96288E-03 9.07086E-01 3.09432E+02 
1.66614E+02 2.88087E-03 8.93732E-01 3.07257E+02 
1.74187E+02 2.79703E-03 8.79445E-01 3.04822E+02 
1.81760E+02 2.71160E-03 8.64240E-01 3.02115E+02 
1.89334E+02 2.62484E-03 8.48141E-01 2.99127E+02 
1.96907E+02 2.53699E-03 8.31175E-01 2.95850E+02 
2.04480E+02 2.44831E-03 8.13377E-01 2.92278E+02 
2.12054E+02 2.35905E-03 7.94787E-01 2.88406E+02 
2.19627E+02 2.26946E-03 7.75450E-01 2.84231E+02 
2.27200E+02 2.17980E-03 7.55418E-01 2.79756E+02 
2.34774E+02 2.09030E-03 7.34745E-01 2.74980E+02 
2.42347E+02 2.00121E-03 7.13491E-01 2.69909E+02 
2.49920E+02 1.91275E-03 6.91720E-01 2.64550E+02 
2.57494E+02 1.82516E-03 6.69497E-01 2.58912E+02 
2.65067E+02 1.73864E-03 6.46894E-01 2.53006E+02 
2.72640E+02 1.65341E-03 6.23979E-01 2.46845E+02 
2.80214E+02 1.56965E-03 6.00827E-01 2.40445E+02 
2.87787E+02 1.48755E-03 5.77510E-01 2.33823E+02 
2.95360E+02 1.40727E-03 5.54104E-01 2.26998E+02 
3.02934E+02 1.32896E-03 5.30681E-01 2.19992E+02 
3.10507E+02 1.25278E-03 5.07314E-01 2.12824E+02 
3.18080E+02 1.17883E-03 4.84074E-01 2.05520E+02 
3.25654E+02 1.10723E-03 4.61030E-01 1.98103E+02 
3.33227E+02 1.03807E-03 4.38248E-01 1.90598E+02 
3.40800E+02 9.71436E-04 4.15793E-01 1.83031E+02 
3.48374E+02 9.07384E-04 3.93723E-01 1.75426E+02 
3.55947E+02 8.45965E-04 3.72095E-01 1.67810E+02 
3.63520E+02 7.87212E-04 3.50961E-01 1.60208E+02 
3.71094E+02 7.31143E-04 3.30369E-01 1.52644E+02 
3.78667E+02 6.77764E-04 3.10360E-01 1.45144E+02 
3.86241E+02 6.27068E-04 2.90972E-01 1.37729E+02 
3.93814E+02 5.79034E-04 2.72240E-01 1.30423E+02 
4.01387E+02 5.33632E-04 2.54189E-01 1.23247E+02 
4.08961E+02 4.90819E-04 2.36844E-01 1.16220E+02 
4.16534E+02 4.50545E-04 2.20223E-01 1.09360E+02 
4.24107E+02 4.12748E-04 2.04337E-01 1.02683E+02 
4.31681E+02 3.77360E-04 1.89197E-01 9.62052E+01 
4.39254E+02 3.44307E-04 1.74805E-01 8.99384E+01 
4.46827E+02 3.13508E-04 1.61161E-01 8.38941E+01 
4.54401E+02 2.84878E-04 1.48261E-01 7.80817E+01 
4.61974E+02 2.58326E-04 1.36097E-01 7.25086E+01 
4.69547E+02 2.33761E-04 1.24656E-01 6.71806E+01 
4.77121E+02 2.11087E-04 1.13925E-01 6.21017E+01 
4.84694E+02 1.90209E-04 1.03886E-01 5.72742E+01 
4.92267E+02 1.71030E-04 9.45185E-02 5.26987E+01 
4.99841E+02 1.53454E-04 8.58005E-02 4.83745E+01 
5.07414E+02 1.37384E-04 7.77082E-02 4.42994E+01 
5.14987E+02 1.22726E-04 7.02162E-02 4.04699E+01 
5.22561E+02 1.09389E-04 6.32979E-02 3.68812E+01 
5.30134E+02 9.72812E-05 5.69258E-02 3.35276E+01 
5.37707E+02 8.63160E-05 5.10719E-02 3.04024E+01 
5.45281E+02 7.64090E-05 4.57080E-02 2.74982E+01 
5.52854E+02 6.74791E-05 4.08055E-02 2.48066E+01 
5.60427E+02 5.94492E-05 3.63362E-02 2.23191E+01 
5.68001E+02 5.22457E-05 3.22724E-02 2.00265E+01 
5.75574E+02 4.57987E-05 2.85865E-02 1.79192E+01 
5.83147E+02 4.00424E-05 2.52520E-02 1.59875E+01 
5.90721E+02 3.49152E-05 2.22431E-02 1.42217E+01 
5.98294E+02 3.03589E-05 1.95347E-02 1.26117E+01 
6.05867E+02 2.63197E-05 1.71030E-02 1.11478E+01 
6.13441E+02 2.27473E-05 1.49254E-02 9.82037E+00 
6.21014E+02 1.95953E-05 1.29801E-02 8.61982E+00 
6.28587E+02 1.68207E-05 1.12468E-02 7.53697E+00 
6.36161E+02 1.43842E-05 9.70617E-03 6.56285E+00 
6.43734E+02 1.22496E-05 8.34032E-03 5.68888E+00 
6.51307E+02 1.03839E-05 7.13243E-03 4.90684E+00 
6.58881E+02 8.75716E-06 6.06690E-03 4.20890E+00 
6.66454E+02 7.34209E-06 5.12931E-03 3.58766E+00 
6.74028E+02 6.11408E-06 4.30636E-03 3.03616E+00 
6.81601E+02 5.05090E-06 3.58582E-03 2.54783E+00 
6.89174E+02 4.13262E-06 2.95652E-03 2.11657E+00 
6.96748E+02 3.34137E-06 2.40830E-03 1.73672E+00 
7.04321E+02 2.66119E-06 1.93187E-03 1.40301E+00 
7.11894E+02 2.07786E-06 1.51887E-03 1.11060E+00 
7.19468E+02 1.57879E-06 1.16174E-03 8.55041E-01 
7.27041E+02 1.15281E-06 8.53694E-04 6.32273E-01 
7.34614E+02 7.90084E-07 5.88638E-04 4.38588E-01 
7.42188E+02 4.81945E-07 3.61140E-04 2.70625E-01 
7.49761E+02 2.20797E-07 1.66358E-04 1.25342E-01 
