100 2 
0.00000E+00 3.97043E-03 1.00578E+00 3.17152E+02 
7.51020E+00 3.96795E-03 1.00577E+00 3.17152E+02 
1.50204E+01 3.96051E-03 1.00568E+00 3.17151E+02 
2.25306E+01 3.94814E-03 1.00544E+00 3.17146E+02 
3.00408E+01 3.93087E-03 1.00499E+00 3.17134E+02 
3.75510E+01 3.90875E-03 1.00424E+00 3.17108E+02 
4.50612E+01 3.88184E-03 1.00312E+00 3.17062E+02 
5.25714E+01 3.85023E-03 1.00158E+00 3.16986E+02 
6.00816E+01 3.81400E-03 9.99533E-01 3.16871E+02 
6.75918E+01 3.77325E-03 9.96930E-01 3.16704E+02 
7.51020E+01 3.72812E-03 9.93707E-01 3.16474E+02 
8.26122E+01 3.67873E-03 9.89809E-01 3.16166E+02 
9.01224E+01 3.62523E-03 9.85186E-01 3.15766E+02 
9.76327E+01 3.56777E-03 9.79790E-01 3.15259E+02 
1.05143E+02 3.50653E-03 9.73578E-01 3.14629E+02 
1.12653E+02 3.44169E-03 9.66515E-01 3.13859E+02 
1.20163E+02 3.37344E-03 9.58568E-01 3.12934E+02 
1.27673E+02 3.30199E-03 9.49713E-01 3.11836E+02 
1.35184E+02 3.22756E-03 9.39928E-01 3.10549E+02 
1.42694E+02 3.15037E-03 9.29201E-01 3.09058E+02 
1.50204E+02 3.07065E-03 9.17525E-01 3.07348E+02 
1.57714E+02 2.98864E-03 9.04897E-01 3.05403E+02 
1.65224E+02 2.90459E-03 8.91324E-01 3.03211E+02 
1.72735E+02 2.81875E-03 8.76818E-01 3.00759E+02 
1.80245E+02 2.73137E-03 8.61397E-01 2.98037E+02 
1.87755E+02 2.64272E-03 8.45085E-01 2.95035E+02 
1.95265E+02 2.55306E-03 8.27913E-01 2.91746E+02 
2.02776E+02 2.46265E-03 8.09918E-01 2.88164E+02 
2.10286E+02 2.37174E-03 7.91142E-01 2.84285E+02 
2.17796E+02 2.28059E-03 7.71633E-01 2.80109E+02 
2.25306E+02 2.18946E-03 7.51443E-01 2.75636E+02 
2.32816E+02 2.09859E-03 7.30629E-01 2.70868E+02 
2.40327E+02 2.00823E-03 7.09251E-01 2.65810E+02 
2.47837E+02 1.91860E-03 6.87375E-01 2.60470E+02 
2.55347E+02 1.82993E-03 6.65068E-01 2.54858E+02 
2.62857E+02 1.74244E-03 6.42400E-01 2.48984E+02 
2.70367E+02 1.65633E-03 6.19442E-01 2.42863E+02 
2.77878E+02 1.57178E-03 5.96268E-01 2.36510E+02 
2.85388E+02 1.48898E-03 5.72950E-01 2.29943E+02 
2.92898E+02 1.40810E-03 5.49563E-01 2.23181E+02 
3.00408E+02 1.32927E-03 5.26179E-01 2.16244E+02 
3.07918E+02 1.25263E-03 5.02870E-01 2.09154E+02 
3.15429E+02 1.17830E-03 4.79707E-01 2.01935E+02 
3.22939E+02 1.10640E-03 4.56757E-01 1.94610E+02 
3.30449E+02 1.03699E-03 4.34085E-01 1.87203E+02 
3.37959E+02 9.70168E-04 4.11753E-01 1.79740E+02 
3.45469E+02 9.05977E-04 3.89820E-01 1.72246E+02 
3.52980E+02 8.44464E-04 3.68339E-01 1.64744E+02 
3.60490E+02 7.85656E-04 3.47363E-01 1.57262E+02 
3.68000E+02 7.29568E-04 3.26934E-01 1.49821E+02 
3.75510E+02 6.76200E-04 3.07096E-01 1.42447E+02 
3.83020E+02 6.25540E-04 2.87884E-01 1.35161E+02 
3.90531E+02 5.77563E-04 2.69330E-01 1.27985E+02 
3.98041E+02 5.32235E-04 2.51459E-01 1.20939E+02 
4.05551E+02 4.89508E-04 2.34293E-01 1.14042E+02 
4.13061E+02 4.49330E-04 2.17850E-01 1.07312E+02 
4.20571E+02 4.11635E-04 2.02139E-01 1.00764E+02 
4.28082E+02 3.76354E-04 1.87170E-01 9.44128E+01 
4.35592E+02 3.43409E-04 1.72945E-01 8.82702E+01 
4.43102E+02 3.12717E-04 1.59462E-01 8.23469E+01 
4.50612E+02 2.84191E-04 1.46716E-01 7.66519E+01 
4.58122E+02 2.57740E-04 1.34699E-01 7.11921E+01 
4.65633E+02 2.33270E-04 1.23398E-01 6.59730E+01 
4.73143E+02 2.10686E-04 1.12798E-01 6.09982E+01 
4.80653E+02 1.89892E-04 1.02883E-01 5.62698E+01 
4.88163E+02 1.70789E-04 9.36301E-02 5.17882E+01 
4.95673E+02 1.53281E-04 8.50188E-02 4.75525E+01 
5.03184E+02 1.37273E-04 7.70248E-02 4.35605E+01 
5.10694E+02 1.22670E-04 6.96228E-02 3.98085E+01 
5.18204E+02 1.09380E-04 6.27866E-02 3.62919E+01 
5.25714E+02 9.73131E-05 5.64887E-02 3.30050E+01 
5.33224E+02 8.63819E-05 5.07017E-02 2.99413E+01 
5.40735E+02 7.65029E-05 4.53974E-02 2.70933E+01 
5.48245E+02 6.75954E-05 4.05480E-02 2.44531E+01 
5.55755E+02 5.95828E-05 3.61256E-02 2.20122E+01 
5.63265E+02 5.23918E-05 3.21026E-02 1.97616E+01 
5.70776E+02 4.59532E-05 2.84523E-02 1.76920E+01 
5.78286E+02 4.02019E-05 2.51484E-02 1.57940E+01 
5.85796E+02 3.50762E-05 2.21654E-02 1.40580E+01 
5.93306E+02 3.05189E-05 1.94790E-02 1.24744E+01 
6.00816E+02 2.64764E-05 1.70656E-02 1.10336E+01 
6.08327E+02 2.28987E-05 1.49030E-02 9.72627E+00 
6.15837E+02 1.97399E-05 1.29698E-02 8.54314E+00 
6.23347E+02 1.69575E-05 1.12460E-02 7.47523E+00 
6.30857E+02 1.45122E-05 9.71277E-03 6.51384E+00 
6.38367E+02 1.23682E-05 8.35235E-03 5.65060E+00 
6.45878E+02 1.04928E-05 7.14826E-03 4.87752E+00 
6.53388E+02 8.85610E-06 6.08517E-03 4.18699E+00 
6.60898E+02 7.43111E-06 5.14887E-03 3.57178E+00 
6.68408E+02 6.19331E-06 4.32627E-03 3.02511E+00 
6.75918E+02 5.12061E-06 3.60534E-03 2.54058E+00 
6.83429E+02 4.19315E-06 2.97505E-03 2.11225E+00 
6.90939E+02 3.39313E-06 2.42537E-03 1.73456E+00 
6.98449E+02 2.70465E-06 1.94715E-03 1.40239E+00 
7.05959E+02 2.11355E-06 1.53213E-03 1.11100E+00 
7.13469E+02 1.60721E-06 1.17283E-03 8.56026E-01 
7.20980E+02 1.17451E-06 8.62525E-04 6.33498E-01 
7.28490E+02 8.05586E-07 5.95190E-04 4.39777E-01 
7.36000E+02 4.91778E-07 3.65438E-04 2.71564E-01 
7.43510E+02 2.25471E-07 1.68463E-04 1.25870E-01 
