100 2 
0.00000E+00 3.75083E-03 1.00585E+00 3.32805E+02 
7.75745E+00 3.74872E-03 1.00584E+00 3.32805E+02 
1.55149E+01 3.74237E-03 1.00576E+00 3.32804E+02 
2.32723E+01 3.73181E-03 1.00556E+00 3.32800E+02 
3.10298E+01 3.71706E-03 1.00515E+00 3.32789E+02 
3.87872E+01 3.69814E-03 1.00449E+00 3.32765E+02 
4.65447E+01 3.67509E-03 1.00350E+00 3.32723E+02 
5.43021E+01 3.64796E-03 1.00213E+00 3.32654E+02 
6.20596E+01 3.61680E-03 1.00032E+00 3.32548E+02 
6.98170E+01 3.58169E-03 9.97999E-01 3.32395E+02 
7.75745E+01 3.54269E-03 9.95123E-01 3.32182E+02 
8.53319E+01 3.49989E-03 9.91634E-01 3.31898E+02 
9.30894E+01 3.45338E-03 9.87483E-01 3.31527E+02 
1.00847E+02 3.40328E-03 9.82622E-01 3.31055E+02 
1.08604E+02 3.34970E-03 9.77009E-01 3.30467E+02 
1.16362E+02 3.29276E-03 9.70602E-01 3.29745E+02 
1.24119E+02 3.23261E-03 9.63367E-01 3.28875E+02 
1.31877E+02 3.16939E-03 9.55274E-01 3.27838E+02 
1.39634E+02 3.10326E-03 9.46295E-01 3.26619E+02 
1.47391E+02 3.03440E-03 9.36411E-01 3.25200E+02 
1.55149E+02 2.96299E-03 9.25606E-01 3.23565E+02 
1.62906E+02 2.88921E-03 9.13871E-01 3.21698E+02 
1.70664E+02 2.81326E-03 9.01203E-01 3.19585E+02 
1.78421E+02 2.73535E-03 8.87604E-01 3.17210E+02 
1.86179E+02 2.65570E-03 8.73083E-01 3.14563E+02 
1.93936E+02 2.57453E-03 8.57655E-01 3.11630E+02 
2.01694E+02 2.49206E-03 8.41340E-01 3.08402E+02 
2.09451E+02 2.40853E-03 8.24168E-01 3.04871E+02 
2.17209E+02 2.32417E-03 8.06170E-01 3.01031E+02 
2.24966E+02 2.23921E-03 7.87387E-01 2.96878E+02 
2.32723E+02 2.15390E-03 7.67864E-01 2.92410E+02 
2.40481E+02 2.06846E-03 7.47649E-01 2.87627E+02 
2.48238E+02 1.98314E-03 7.26799E-01 2.82531E+02 
2.55996E+02 1.89815E-03 7.05373E-01 2.77129E+02 
2.63753E+02 1.81373E-03 6.83434E-01 2.71427E+02 
2.71511E+02 1.73009E-03 6.61050E-01 2.65436E+02 
2.79268E+02 1.64744E-03 6.38290E-01 2.59168E+02 
2.87026E+02 1.56598E-03 6.15227E-01 2.52638E+02 
2.94783E+02 1.48590E-03 5.91933E-01 2.45861E+02 
3.02540E+02 1.40739E-03 5.68484E-01 2.38858E+02 
3.10298E+02 1.33060E-03 5.44956E-01 2.31649E+02 
3.18055E+02 1.25569E-03 5.21422E-01 2.24255E+02 
3.25813E+02 1.18280E-03 4.97957E-01 2.16701E+02 
3.33570E+02 1.11205E-03 4.74634E-01 2.09011E+02 
3.41328E+02 1.04356E-03 4.51523E-01 2.01213E+02 
3.49085E+02 9.77416E-04 4.28692E-01 1.93331E+02 
3.56843E+02 9.13702E-04 4.06205E-01 1.85395E+02 
3.64600E+02 8.52483E-04 3.84123E-01 1.77430E+02 
3.72357E+02 7.93807E-04 3.62504E-01 1.69464E+02 
3.80115E+02 7.37710E-04 3.41400E-01 1.61524E+02 
3.87872E+02 6.84213E-04 3.20859E-01 1.53637E+02 
3.95630E+02 6.33322E-04 3.00924E-01 1.45828E+02 
4.03387E+02 5.85032E-04 2.81633E-01 1.38121E+02 
4.11145E+02 5.39323E-04 2.63019E-01 1.30541E+02 
4.18902E+02 4.96166E-04 2.45110E-01 1.23108E+02 
4.26660E+02 4.55519E-04 2.27927E-01 1.15844E+02 
4.34417E+02 4.17332E-04 2.11487E-01 1.08767E+02 
4.42174E+02 3.81545E-04 1.95804E-01 1.01893E+02 
4.49932E+02 3.48092E-04 1.80883E-01 9.52385E+01 
4.57689E+02 3.16896E-04 1.66728E-01 8.88151E+01 
4.65447E+02 2.87879E-04 1.53336E-01 8.26344E+01 
4.73204E+02 2.60956E-04 1.40701E-01 7.67051E+01 
4.80962E+02 2.36037E-04 1.28814E-01 7.10345E+01 
4.88719E+02 2.13031E-04 1.17661E-01 6.56274E+01 
4.96477E+02 1.91843E-04 1.07225E-01 6.04871E+01 
5.04234E+02 1.72378E-04 9.74868E-02 5.56150E+01 
5.11992E+02 1.54541E-04 8.84246E-02 5.10108E+01 
5.19749E+02 1.38236E-04 8.00144E-02 4.66727E+01 
5.27506E+02 1.23369E-04 7.22303E-02 4.25971E+01 
5.35264E+02 1.09846E-04 6.50452E-02 3.87794E+01 
5.43021E+02 9.75762E-05 5.84310E-02 3.52138E+01 
5.50779E+02 8.64716E-05 5.23586E-02 3.18931E+01 
5.58536E+02 7.64462E-05 4.67986E-02 2.88095E+01 
5.66294E+02 6.74177E-05 4.17214E-02 2.59544E+01 
5.74051E+02 5.93070E-05 3.70975E-02 2.33182E+01 
5.81809E+02 5.20391E-05 3.28977E-02 2.08913E+01 
5.89566E+02 4.55425E-05 2.90932E-02 1.86633E+01 
5.97323E+02 3.97497E-05 2.56559E-02 1.66237E+01 
6.05081E+02 3.45974E-05 2.25587E-02 1.47619E+01 
6.12838E+02 3.00261E-05 1.97754E-02 1.30671E+01 
6.20596E+02 2.59804E-05 1.72806E-02 1.15287E+01 
6.28353E+02 2.24087E-05 1.50505E-02 1.01362E+01 
6.36111E+02 1.92634E-05 1.30622E-02 8.87930E+00 
6.43868E+02 1.65003E-05 1.12941E-02 7.74787E+00 
6.51626E+02 1.40791E-05 9.72596E-03 6.73226E+00 
6.59383E+02 1.19628E-05 8.33887E-03 5.82313E+00 
6.67140E+02 1.01175E-05 7.11513E-03 5.01157E+00 
6.74898E+02 8.51255E-06 6.03832E-03 4.28910E+00 
6.82655E+02 7.12009E-06 5.09328E-03 3.64771E+00 
6.90413E+02 5.91500E-06 4.26605E-03 3.07986E+00 
6.98170E+02 4.87464E-06 3.54384E-03 2.57850E+00 
7.05928E+02 3.97874E-06 2.91496E-03 2.13705E+00 
7.13685E+02 3.20914E-06 2.36878E-03 1.74942E+00 
7.21443E+02 2.54969E-06 1.89565E-03 1.40996E+00 
7.29200E+02 1.98603E-06 1.48686E-03 1.11350E+00 
7.36957E+02 1.50543E-06 1.13460E-03 8.55293E-01 
7.44715E+02 1.09667E-06 8.31818E-04 6.31014E-01 
7.52472E+02 7.49883E-07 5.72251E-04 4.36730E-01 
7.60230E+02 4.56396E-07 3.50304E-04 2.68883E-01 
7.67987E+02 2.08637E-07 1.61017E-04 1.24266E-01 
