100 2 
0.00000E+00 3.96016E-03 1.00578E+00 3.17856E+02 
7.52175E+00 3.95769E-03 1.00577E+00 3.17856E+02 
1.50435E+01 3.95031E-03 1.00568E+00 3.17855E+02 
2.25653E+01 3.93802E-03 1.00545E+00 3.17850E+02 
3.00870E+01 3.92086E-03 1.00500E+00 3.17838E+02 
3.76088E+01 3.89889E-03 1.00425E+00 3.17813E+02 
4.51305E+01 3.87216E-03 1.00314E+00 3.17767E+02 
5.26523E+01 3.84076E-03 1.00160E+00 3.17691E+02 
6.01740E+01 3.80476E-03 9.99568E-01 3.17576E+02 
6.76958E+01 3.76428E-03 9.96977E-01 3.17410E+02 
7.52175E+01 3.71943E-03 9.93770E-01 3.17181E+02 
8.27393E+01 3.67034E-03 9.89891E-01 3.16874E+02 
9.02610E+01 3.61716E-03 9.85288E-01 3.16475E+02 
9.77828E+01 3.56005E-03 9.79915E-01 3.15969E+02 
1.05305E+02 3.49916E-03 9.73730E-01 3.15341E+02 
1.12826E+02 3.43468E-03 9.66696E-01 3.14573E+02 
1.20348E+02 3.36681E-03 9.58780E-01 3.13650E+02 
1.27870E+02 3.29574E-03 9.49958E-01 3.12554E+02 
1.35392E+02 3.22169E-03 9.40209E-01 3.11270E+02 
1.42913E+02 3.14488E-03 9.29519E-01 3.09782E+02 
1.50435E+02 3.06554E-03 9.17880E-01 3.08075E+02 
1.57957E+02 2.98390E-03 9.05292E-01 3.06133E+02 
1.65479E+02 2.90022E-03 8.91758E-01 3.03944E+02 
1.73000E+02 2.81475E-03 8.77291E-01 3.01495E+02 
1.80522E+02 2.72773E-03 8.61909E-01 2.98775E+02 
1.88044E+02 2.63943E-03 8.45635E-01 2.95776E+02 
1.95566E+02 2.55009E-03 8.28500E-01 2.92488E+02 
2.03087E+02 2.45999E-03 8.10540E-01 2.88908E+02 
2.10609E+02 2.36939E-03 7.91798E-01 2.85031E+02 
2.18131E+02 2.27852E-03 7.72320E-01 2.80855E+02 
2.25653E+02 2.18766E-03 7.52158E-01 2.76381E+02 
2.33174E+02 2.09704E-03 7.31368E-01 2.71611E+02 
2.40696E+02 2.00691E-03 7.10013E-01 2.66551E+02 
2.48218E+02 1.91749E-03 6.88156E-01 2.61207E+02 
2.55740E+02 1.82902E-03 6.65864E-01 2.55590E+02 
2.63261E+02 1.74171E-03 6.43207E-01 2.49710E+02 
2.70783E+02 1.65576E-03 6.20257E-01 2.43582E+02 
2.78305E+02 1.57136E-03 5.97086E-01 2.37220E+02 
2.85827E+02 1.48868E-03 5.73768E-01 2.30643E+02 
2.93348E+02 1.40791E-03 5.50377E-01 2.23869E+02 
3.00870E+02 1.32917E-03 5.26986E-01 2.16920E+02 
3.08392E+02 1.25262E-03 5.03667E-01 2.09816E+02 
3.15914E+02 1.17836E-03 4.80490E-01 2.02581E+02 
3.23435E+02 1.10651E-03 4.57522E-01 1.95239E+02 
3.30957E+02 1.03716E-03 4.34831E-01 1.87815E+02 
3.38479E+02 9.70367E-04 4.12476E-01 1.80333E+02 
3.46001E+02 9.06202E-04 3.90518E-01 1.72818E+02 
3.53522E+02 8.44708E-04 3.69012E-01 1.65296E+02 
3.61044E+02 7.85911E-04 3.48006E-01 1.57792E+02 
3.68566E+02 7.29828E-04 3.27549E-01 1.50329E+02 
3.76088E+02 6.76459E-04 3.07680E-01 1.42932E+02 
3.83609E+02 6.25794E-04 2.88436E-01 1.35622E+02 
3.91131E+02 5.77808E-04 2.69850E-01 1.28423E+02 
3.98653E+02 5.32467E-04 2.51946E-01 1.21354E+02 
4.06175E+02 4.89727E-04 2.34749E-01 1.14433E+02 
4.13696E+02 4.49532E-04 2.18273E-01 1.07680E+02 
4.21218E+02 4.11820E-04 2.02531E-01 1.01109E+02 
4.28740E+02 3.76520E-04 1.87531E-01 9.47346E+01 
4.36262E+02 3.43557E-04 1.73276E-01 8.85696E+01 
4.43784E+02 3.12846E-04 1.59764E-01 8.26245E+01 
4.51305E+02 2.84302E-04 1.46991E-01 7.69083E+01 
4.58827E+02 2.57834E-04 1.34947E-01 7.14282E+01 
4.66349E+02 2.33348E-04 1.23621E-01 6.61895E+01 
4.73871E+02 2.10749E-04 1.12998E-01 6.11960E+01 
4.81392E+02 1.89940E-04 1.03060E-01 5.64497E+01 
4.88914E+02 1.70824E-04 9.37874E-02 5.19513E+01 
4.96436E+02 1.53305E-04 8.51570E-02 4.76997E+01 
5.03958E+02 1.37286E-04 7.71455E-02 4.36928E+01 
5.11479E+02 1.22674E-04 6.97275E-02 3.99268E+01 
5.19001E+02 1.09376E-04 6.28766E-02 3.63973E+01 
5.26523E+02 9.73017E-05 5.65655E-02 3.30984E+01 
5.34045E+02 8.63649E-05 5.07665E-02 3.00237E+01 
5.41566E+02 7.64813E-05 4.54517E-02 2.71656E+01 
5.49088E+02 6.75702E-05 4.05928E-02 2.45162E+01 
5.56610E+02 5.95548E-05 3.61621E-02 2.20670E+01 
5.64132E+02 5.23619E-05 3.21319E-02 1.98088E+01 
5.71653E+02 4.59222E-05 2.84753E-02 1.77325E+01 
5.79175E+02 4.01703E-05 2.51659E-02 1.58284E+01 
5.86697E+02 3.50446E-05 2.21784E-02 1.40871E+01 
5.94219E+02 3.04878E-05 1.94881E-02 1.24987E+01 
6.01740E+02 2.64460E-05 1.70715E-02 1.10538E+01 
6.09262E+02 2.28696E-05 1.49062E-02 9.74292E+00 
6.16784E+02 1.97122E-05 1.29709E-02 8.55668E+00 
6.24306E+02 1.69313E-05 1.12455E-02 7.48610E+00 
6.31827E+02 1.44878E-05 9.71101E-03 6.52244E+00 
6.39349E+02 1.23456E-05 8.34967E-03 5.65729E+00 
6.46871E+02 1.04721E-05 7.14495E-03 4.88262E+00 
6.54393E+02 8.83736E-06 6.08147E-03 4.19077E+00 
6.61914E+02 7.41428E-06 5.14499E-03 3.57450E+00 
6.69436E+02 6.17835E-06 4.32237E-03 3.02696E+00 
6.76958E+02 5.10746E-06 3.60155E-03 2.54177E+00 
6.84480E+02 4.18175E-06 2.97148E-03 2.11293E+00 
6.92001E+02 3.38339E-06 2.42210E-03 1.73486E+00 
6.99523E+02 2.69648E-06 1.94424E-03 1.40243E+00 
7.07045E+02 2.10684E-06 1.52961E-03 1.11086E+00 
7.14567E+02 1.60188E-06 1.17072E-03 8.55801E-01 
7.22088E+02 1.17044E-06 8.60853E-04 6.33241E-01 
7.29610E+02 8.02678E-07 5.93952E-04 4.39537E-01 
7.37132E+02 4.89935E-07 3.64627E-04 2.71378E-01 
7.44654E+02 2.24594E-07 1.68066E-04 1.25766E-01 
