100 2 
0.00000E+00 3.88402E-03 1.00581E+00 3.23159E+02 
7.60734E+00 3.88168E-03 1.00580E+00 3.23159E+02 
1.52147E+01 3.87467E-03 1.00571E+00 3.23158E+02 
2.28220E+01 3.86301E-03 1.00549E+00 3.23154E+02 
3.04294E+01 3.84672E-03 1.00505E+00 3.23142E+02 
3.80367E+01 3.82585E-03 1.00434E+00 3.23117E+02 
4.56441E+01 3.80046E-03 1.00327E+00 3.23072E+02 
5.32514E+01 3.77059E-03 1.00179E+00 3.22999E+02 
6.08587E+01 3.73635E-03 9.99834E-01 3.22887E+02 
6.84661E+01 3.69780E-03 9.97339E-01 3.22725E+02 
7.60734E+01 3.65507E-03 9.94248E-01 3.22501E+02 
8.36808E+01 3.60825E-03 9.90506E-01 3.22202E+02 
9.12881E+01 3.55748E-03 9.86062E-01 3.21813E+02 
9.88954E+01 3.50289E-03 9.80869E-01 3.21318E+02 
1.06503E+02 3.44464E-03 9.74884E-01 3.20703E+02 
1.14110E+02 3.38288E-03 9.68070E-01 3.19951E+02 
1.21717E+02 3.31779E-03 9.60392E-01 3.19045E+02 
1.29325E+02 3.24955E-03 9.51825E-01 3.17969E+02 
1.36932E+02 3.17836E-03 9.42345E-01 3.16707E+02 
1.44539E+02 3.10441E-03 9.31936E-01 3.15241E+02 
1.52147E+02 3.02792E-03 9.20588E-01 3.13557E+02 
1.59754E+02 2.94911E-03 9.08297E-01 3.11640E+02 
1.67362E+02 2.86822E-03 8.95064E-01 3.09475E+02 
1.74969E+02 2.78546E-03 8.80899E-01 3.07050E+02 
1.82576E+02 2.70109E-03 8.65815E-01 3.04352E+02 
1.90184E+02 2.61535E-03 8.49834E-01 3.01373E+02 
1.97791E+02 2.52849E-03 8.32982E-01 2.98104E+02 
2.05398E+02 2.44075E-03 8.15294E-01 2.94538E+02 
2.13006E+02 2.35239E-03 7.96808E-01 2.90670E+02 
2.20613E+02 2.26365E-03 7.77568E-01 2.86498E+02 
2.28220E+02 2.17478E-03 7.57624E-01 2.82022E+02 
2.35828E+02 2.08602E-03 7.37031E-01 2.77243E+02 
2.43435E+02 1.99762E-03 7.15847E-01 2.72166E+02 
2.51042E+02 1.90980E-03 6.94135E-01 2.66798E+02 
2.58650E+02 1.82279E-03 6.71961E-01 2.61147E+02 
2.66257E+02 1.73680E-03 6.49394E-01 2.55224E+02 
2.73864E+02 1.65204E-03 6.26505E-01 2.49042E+02 
2.81472E+02 1.56870E-03 6.03366E-01 2.42617E+02 
2.89079E+02 1.48697E-03 5.80052E-01 2.35966E+02 
2.96686E+02 1.40702E-03 5.56636E-01 2.29108E+02 
3.04294E+02 1.32900E-03 5.33192E-01 2.22063E+02 
3.11901E+02 1.25305E-03 5.09794E-01 2.14854E+02 
3.19508E+02 1.17930E-03 4.86512E-01 2.07504E+02 
3.27116E+02 1.10786E-03 4.63417E-01 2.00038E+02 
3.34723E+02 1.03883E-03 4.40576E-01 1.92479E+02 
3.42330E+02 9.72295E-04 4.18052E-01 1.84855E+02 
3.49938E+02 9.08313E-04 3.95908E-01 1.77190E+02 
3.57545E+02 8.46939E-04 3.74199E-01 1.69511E+02 
3.65152E+02 7.88208E-04 3.52978E-01 1.61843E+02 
3.72760E+02 7.32142E-04 3.32294E-01 1.54212E+02 
3.80367E+02 6.78751E-04 3.12191E-01 1.46642E+02 
3.87974E+02 6.28028E-04 2.92706E-01 1.39157E+02 
3.95582E+02 5.79957E-04 2.73875E-01 1.31780E+02 
4.03189E+02 5.34508E-04 2.55725E-01 1.24531E+02 
4.10796E+02 4.91642E-04 2.38280E-01 1.17432E+02 
4.18404E+02 4.51308E-04 2.21559E-01 1.10500E+02 
4.26011E+02 4.13449E-04 2.05576E-01 1.03752E+02 
4.33618E+02 3.77997E-04 1.90340E-01 9.72041E+01 
4.41226E+02 3.44880E-04 1.75855E-01 9.08686E+01 
4.48833E+02 3.14017E-04 1.62122E-01 8.47572E+01 
4.56440E+02 2.85324E-04 1.49136E-01 7.88797E+01 
4.64048E+02 2.58712E-04 1.36889E-01 7.32437E+01 
4.71655E+02 2.34089E-04 1.25370E-01 6.78552E+01 
4.79263E+02 2.11362E-04 1.14566E-01 6.27184E+01 
4.86870E+02 1.90434E-04 1.04457E-01 5.78358E+01 
4.94477E+02 1.71209E-04 9.50251E-02 5.32081E+01 
5.02085E+02 1.53591E-04 8.62472E-02 4.88347E+01 
5.09692E+02 1.37484E-04 7.80997E-02 4.47134E+01 
5.17299E+02 1.22793E-04 7.05570E-02 4.08406E+01 
5.24907E+02 1.09427E-04 6.35924E-02 3.72117E+01 
5.32514E+02 9.72937E-05 5.71784E-02 3.38209E+01 
5.40121E+02 8.63070E-05 5.12868E-02 3.06614E+01 
5.47729E+02 7.63822E-05 4.58891E-02 2.77258E+01 
5.55336E+02 6.74378E-05 4.09565E-02 2.50056E+01 
5.62943E+02 5.93962E-05 3.64607E-02 2.24921E+01 
5.70551E+02 5.21838E-05 3.23736E-02 2.01760E+01 
5.78158E+02 4.57303E-05 2.86675E-02 1.80476E+01 
5.85765E+02 3.99698E-05 2.53155E-02 1.60971E+01 
5.93373E+02 3.48401E-05 2.22916E-02 1.43145E+01 
6.00980E+02 3.02831E-05 1.95706E-02 1.26897E+01 
6.08587E+02 2.62444E-05 1.71284E-02 1.12129E+01 
6.16195E+02 2.26737E-05 1.49420E-02 9.87413E+00 
6.23802E+02 1.95243E-05 1.29896E-02 8.66379E+00 
6.31409E+02 1.67531E-05 1.12506E-02 7.57251E+00 
6.39017E+02 1.43205E-05 9.70561E-03 6.59123E+00 
6.46624E+02 1.21902E-05 8.33642E-03 5.71119E+00 
6.54231E+02 1.03292E-05 7.12611E-03 4.92407E+00 
6.61839E+02 8.70728E-06 6.05896E-03 4.22193E+00 
6.69446E+02 7.29707E-06 5.12039E-03 3.59726E+00 
6.77053E+02 6.07388E-06 4.29699E-03 3.04297E+00 
6.84661E+02 5.01545E-06 3.57645E-03 2.55245E+00 
6.92268E+02 4.10178E-06 2.94751E-03 2.11950E+00 
6.99875E+02 3.31495E-06 2.39989E-03 1.73837E+00 
7.07483E+02 2.63896E-06 1.92428E-03 1.40373E+00 
7.15090E+02 2.05960E-06 1.51224E-03 1.11069E+00 
7.22697E+02 1.56423E-06 1.15617E-03 8.54749E-01 
7.30305E+02 1.14168E-06 8.49238E-04 6.31790E-01 
7.37912E+02 7.82126E-07 5.85321E-04 4.38072E-01 
7.45519E+02 4.76891E-07 3.58956E-04 2.70196E-01 
7.53127E+02 2.18394E-07 1.65285E-04 1.25093E-01 
