100 2 
0.00000E+00 3.78874E-03 1.00584E+00 3.30010E+02 
7.71463E+00 3.78656E-03 1.00583E+00 3.30010E+02 
1.54293E+01 3.78002E-03 1.00575E+00 3.30009E+02 
2.31439E+01 3.76915E-03 1.00554E+00 3.30005E+02 
3.08585E+01 3.75395E-03 1.00512E+00 3.29993E+02 
3.85731E+01 3.73448E-03 1.00445E+00 3.29969E+02 
4.62878E+01 3.71076E-03 1.00344E+00 3.29926E+02 
5.40024E+01 3.68285E-03 1.00203E+00 3.29856E+02 
6.17170E+01 3.65081E-03 1.00018E+00 3.29748E+02 
6.94316E+01 3.61472E-03 9.97808E-01 3.29592E+02 
7.71463E+01 3.57465E-03 9.94869E-01 3.29377E+02 
8.48609E+01 3.53070E-03 9.91307E-01 3.29088E+02 
9.25755E+01 3.48298E-03 9.87071E-01 3.28711E+02 
1.00290E+02 3.43160E-03 9.82113E-01 3.28233E+02 
1.08005E+02 3.37668E-03 9.76392E-01 3.27636E+02 
1.15719E+02 3.31836E-03 9.69866E-01 3.26906E+02 
1.23434E+02 3.25680E-03 9.62502E-01 3.26025E+02 
1.31149E+02 3.19214E-03 9.54270E-01 3.24976E+02 
1.38863E+02 3.12457E-03 9.45145E-01 3.23744E+02 
1.46578E+02 3.05425E-03 9.35108E-01 3.22311E+02 
1.54293E+02 2.98138E-03 9.24144E-01 3.20661E+02 
1.62007E+02 2.90616E-03 9.12247E-01 3.18779E+02 
1.69722E+02 2.82879E-03 8.99413E-01 3.16649E+02 
1.77436E+02 2.74950E-03 8.85648E-01 3.14259E+02 
1.85151E+02 2.66850E-03 8.70962E-01 3.11596E+02 
1.92866E+02 2.58601E-03 8.55371E-01 3.08649E+02 
2.00580E+02 2.50228E-03 8.38899E-01 3.05408E+02 
2.08295E+02 2.41754E-03 8.21574E-01 3.01866E+02 
2.16010E+02 2.33203E-03 8.03432E-01 2.98016E+02 
2.23724E+02 2.24599E-03 7.84514E-01 2.93856E+02 
2.31439E+02 2.15966E-03 7.64866E-01 2.89384E+02 
2.39153E+02 2.07327E-03 7.44539E-01 2.84601E+02 
2.46868E+02 1.98706E-03 7.23589E-01 2.79510E+02 
2.54583E+02 1.90126E-03 7.02078E-01 2.74116E+02 
2.62297E+02 1.81609E-03 6.80068E-01 2.68427E+02 
2.70012E+02 1.73178E-03 6.57629E-01 2.62455E+02 
2.77727E+02 1.64853E-03 6.34829E-01 2.56210E+02 
2.85441E+02 1.56653E-03 6.11741E-01 2.49709E+02 
2.93156E+02 1.48598E-03 5.88440E-01 2.42968E+02 
3.00870E+02 1.40706E-03 5.64999E-01 2.36005E+02 
3.08585E+02 1.32992E-03 5.41493E-01 2.28843E+02 
3.16300E+02 1.25471E-03 5.17997E-01 2.21502E+02 
3.24014E+02 1.18158E-03 4.94584E-01 2.14006E+02 
3.31729E+02 1.11064E-03 4.71326E-01 2.06380E+02 
3.39444E+02 1.04200E-03 4.48293E-01 1.98651E+02 
3.47158E+02 9.75748E-04 4.25551E-01 1.90844E+02 
3.54873E+02 9.11964E-04 4.03163E-01 1.82985E+02 
3.62587E+02 8.50706E-04 3.81190E-01 1.75103E+02 
3.70302E+02 7.92021E-04 3.59687E-01 1.67224E+02 
3.78017E+02 7.35941E-04 3.38705E-01 1.59374E+02 
3.85731E+02 6.82481E-04 3.18292E-01 1.51579E+02 
3.93446E+02 6.31646E-04 2.98489E-01 1.43864E+02 
4.01161E+02 5.83426E-04 2.79333E-01 1.36254E+02 
4.08875E+02 5.37800E-04 2.60855E-01 1.28771E+02 
4.16590E+02 4.94734E-04 2.43082E-01 1.21435E+02 
4.24304E+02 4.54185E-04 2.26035E-01 1.14269E+02 
4.32019E+02 4.16100E-04 2.09730E-01 1.07288E+02 
4.39734E+02 3.80417E-04 1.94178E-01 1.00510E+02 
4.47448E+02 3.47067E-04 1.79386E-01 9.39484E+01 
4.55163E+02 3.15974E-04 1.65355E-01 8.76167E+01 
4.62878E+02 2.87057E-04 1.52083E-01 8.15250E+01 
4.70592E+02 2.60230E-04 1.39563E-01 7.56820E+01 
4.78307E+02 2.35403E-04 1.27785E-01 7.00943E+01 
4.86022E+02 2.12482E-04 1.16735E-01 6.47668E+01 
4.93736E+02 1.91375E-04 1.06396E-01 5.97024E+01 
5.01451E+02 1.71985E-04 9.67482E-02 5.49024E+01 
5.09165E+02 1.54216E-04 8.77703E-02 5.03662E+01 
5.16880E+02 1.37972E-04 7.94380E-02 4.60920E+01 
5.24595E+02 1.23160E-04 7.17256E-02 4.20762E+01 
5.32309E+02 1.09686E-04 6.46062E-02 3.83143E+01 
5.40024E+02 9.74596E-05 5.80515E-02 3.48003E+01 
5.47739E+02 8.63923E-05 5.20330E-02 3.15273E+01 
5.55453E+02 7.63991E-05 4.65214E-02 2.84874E+01 
5.63168E+02 6.73977E-05 4.14874E-02 2.56722E+01 
5.70882E+02 5.93096E-05 3.69019E-02 2.30723E+01 
5.78597E+02 5.20601E-05 3.27358E-02 2.06782E+01 
5.86312E+02 4.55781E-05 2.89608E-02 1.84796E+01 
5.94026E+02 3.97966E-05 2.55492E-02 1.64664E+01 
6.01741E+02 3.46527E-05 2.24741E-02 1.46281E+01 
6.09456E+02 3.00872E-05 1.97096E-02 1.29541E+01 
6.17170E+02 2.60449E-05 1.72308E-02 1.14340E+01 
6.24885E+02 2.24749E-05 1.50139E-02 1.00574E+01 
6.32599E+02 1.93296E-05 1.30366E-02 8.81435E+00 
6.40314E+02 1.65653E-05 1.12775E-02 7.69487E+00 
6.48029E+02 1.41418E-05 9.71652E-03 6.68948E+00 
6.55743E+02 1.20223E-05 8.33506E-03 5.78903E+00 
6.63458E+02 1.01732E-05 7.11559E-03 4.98477E+00 
6.71173E+02 8.56410E-06 6.04193E-03 4.26839E+00 
6.78887E+02 7.16717E-06 5.09908E-03 3.63202E+00 
6.86602E+02 5.95742E-06 4.27325E-03 3.06826E+00 
6.94316E+02 4.91237E-06 3.55178E-03 2.57017E+00 
7.02031E+02 4.01179E-06 2.92311E-03 2.13131E+00 
7.09746E+02 3.23763E-06 2.37672E-03 1.74567E+00 
7.17460E+02 2.57378E-06 1.90305E-03 1.40770E+00 
7.25175E+02 2.00591E-06 1.49350E-03 1.11232E+00 
7.32890E+02 1.52134E-06 1.14028E-03 8.54849E-01 
7.40604E+02 1.10887E-06 8.36437E-04 6.31023E-01 
7.48319E+02 7.58626E-07 5.75732E-04 4.36964E-01 
7.56033E+02 4.61960E-07 3.52618E-04 2.69166E-01 
7.63748E+02 2.11288E-07 1.62163E-04 1.24460E-01 
