100 2 
0.00000E+00 3.97475E-03 1.00578E+00 3.16856E+02 
7.50534E+00 3.97226E-03 1.00577E+00 3.16856E+02 
1.50107E+01 3.96481E-03 1.00568E+00 3.16855E+02 
2.25160E+01 3.95240E-03 1.00544E+00 3.16850E+02 
3.00214E+01 3.93508E-03 1.00498E+00 3.16838E+02 
3.75267E+01 3.91290E-03 1.00423E+00 3.16812E+02 
4.50320E+01 3.88591E-03 1.00312E+00 3.16766E+02 
5.25374E+01 3.85421E-03 1.00157E+00 3.16690E+02 
6.00427E+01 3.81788E-03 9.99518E-01 3.16575E+02 
6.75480E+01 3.77704E-03 9.96909E-01 3.16408E+02 
7.50534E+01 3.73178E-03 9.93680E-01 3.16177E+02 
8.25587E+01 3.68227E-03 9.89775E-01 3.15869E+02 
9.00641E+01 3.62863E-03 9.85143E-01 3.15469E+02 
9.75694E+01 3.57103E-03 9.79737E-01 3.14961E+02 
1.05075E+02 3.50964E-03 9.73514E-01 3.14330E+02 
1.12580E+02 3.44464E-03 9.66439E-01 3.13560E+02 
1.20085E+02 3.37624E-03 9.58479E-01 3.12633E+02 
1.27591E+02 3.30463E-03 9.49610E-01 3.11534E+02 
1.35096E+02 3.23004E-03 9.39811E-01 3.10246E+02 
1.42601E+02 3.15268E-03 9.29068E-01 3.08754E+02 
1.50107E+02 3.07280E-03 9.17376E-01 3.07042E+02 
1.57612E+02 2.99063E-03 9.04732E-01 3.05096E+02 
1.65117E+02 2.90643E-03 8.91143E-01 3.02903E+02 
1.72623E+02 2.82043E-03 8.76620E-01 3.00450E+02 
1.80128E+02 2.73291E-03 8.61182E-01 2.97727E+02 
1.87633E+02 2.64412E-03 8.44854E-01 2.94724E+02 
1.95139E+02 2.55432E-03 8.27667E-01 2.91434E+02 
2.02644E+02 2.46377E-03 8.09658E-01 2.87851E+02 
2.10149E+02 2.37273E-03 7.90868E-01 2.83973E+02 
2.17655E+02 2.28147E-03 7.71346E-01 2.79796E+02 
2.25160E+02 2.19022E-03 7.51144E-01 2.75323E+02 
2.32665E+02 2.09925E-03 7.30319E-01 2.70556E+02 
2.40171E+02 2.00879E-03 7.08932E-01 2.65499E+02 
2.47676E+02 1.91907E-03 6.87049E-01 2.60161E+02 
2.55182E+02 1.83032E-03 6.64735E-01 2.54550E+02 
2.62687E+02 1.74275E-03 6.42062E-01 2.48679E+02 
2.70192E+02 1.65657E-03 6.19101E-01 2.42562E+02 
2.77698E+02 1.57197E-03 5.95925E-01 2.36212E+02 
2.85203E+02 1.48912E-03 5.72608E-01 2.29650E+02 
2.92708E+02 1.40818E-03 5.49222E-01 2.22892E+02 
3.00214E+02 1.32931E-03 5.25841E-01 2.15961E+02 
3.07719E+02 1.25264E-03 5.02537E-01 2.08877E+02 
3.15224E+02 1.17828E-03 4.79380E-01 2.01664E+02 
3.22730E+02 1.10635E-03 4.56436E-01 1.94346E+02 
3.30235E+02 1.03693E-03 4.33773E-01 1.86947E+02 
3.37740E+02 9.70089E-04 4.11450E-01 1.79492E+02 
3.45246E+02 9.05886E-04 3.89527E-01 1.72006E+02 
3.52751E+02 8.44365E-04 3.68058E-01 1.64513E+02 
3.60256E+02 7.85553E-04 3.47093E-01 1.57039E+02 
3.67762E+02 7.29463E-04 3.26678E-01 1.49608E+02 
3.75267E+02 6.76095E-04 3.06852E-01 1.42243E+02 
3.82772E+02 6.25437E-04 2.87654E-01 1.34967E+02 
3.90278E+02 5.77464E-04 2.69113E-01 1.27801E+02 
3.97783E+02 5.32140E-04 2.51255E-01 1.20765E+02 
4.05288E+02 4.89420E-04 2.34103E-01 1.13878E+02 
4.12794E+02 4.49248E-04 2.17673E-01 1.07158E+02 
4.20299E+02 4.11560E-04 2.01976E-01 1.00620E+02 
4.27804E+02 3.76286E-04 1.87019E-01 9.42781E+01 
4.35310E+02 3.43349E-04 1.72806E-01 8.81449E+01 
4.42815E+02 3.12664E-04 1.59335E-01 8.22307E+01 
4.50320E+02 2.84146E-04 1.46601E-01 7.65445E+01 
4.57826E+02 2.57702E-04 1.34595E-01 7.10933E+01 
4.65331E+02 2.33239E-04 1.23305E-01 6.58824E+01 
4.72836E+02 2.10662E-04 1.12715E-01 6.09154E+01 
4.80342E+02 1.89873E-04 1.02808E-01 5.61945E+01 
4.87847E+02 1.70775E-04 9.35645E-02 5.17199E+01 
4.95352E+02 1.53273E-04 8.49612E-02 4.74910E+01 
5.02858E+02 1.37269E-04 7.69745E-02 4.35051E+01 
5.10363E+02 1.22670E-04 6.95793E-02 3.97590E+01 
5.17868E+02 1.09383E-04 6.27491E-02 3.62478E+01 
5.25374E+02 9.73186E-05 5.64568E-02 3.29660E+01 
5.32879E+02 8.63898E-05 5.06747E-02 2.99068E+01 
5.40384E+02 7.65125E-05 4.53749E-02 2.70631E+01 
5.47890E+02 6.76066E-05 4.05295E-02 2.44268E+01 
5.55395E+02 5.95951E-05 3.61105E-02 2.19893E+01 
5.62900E+02 5.24048E-05 3.20906E-02 1.97418E+01 
5.70406E+02 4.59667E-05 2.84429E-02 1.76751E+01 
5.77911E+02 4.02155E-05 2.51412E-02 1.57796E+01 
5.85416E+02 3.50899E-05 2.21601E-02 1.40458E+01 
5.92922E+02 3.05323E-05 1.94753E-02 1.24642E+01 
6.00427E+02 2.64894E-05 1.70633E-02 1.10252E+01 
6.07932E+02 2.29112E-05 1.49017E-02 9.71934E+00 
6.15438E+02 1.97518E-05 1.29694E-02 8.53751E+00 
6.22943E+02 1.69686E-05 1.12463E-02 7.47071E+00 
6.30448E+02 1.45226E-05 9.71358E-03 6.51026E+00 
6.37954E+02 1.23778E-05 8.35354E-03 5.64782E+00 
6.45459E+02 1.05016E-05 7.14971E-03 4.87542E+00 
6.52964E+02 8.86408E-06 6.08677E-03 4.18542E+00 
6.60470E+02 7.43828E-06 5.15055E-03 3.57067E+00 
6.67975E+02 6.19968E-06 4.32795E-03 3.02435E+00 
6.75480E+02 5.12620E-06 3.60696E-03 2.54010E+00 
6.82986E+02 4.19800E-06 2.97658E-03 2.11198E+00 
6.90491E+02 3.39727E-06 2.42677E-03 1.73444E+00 
6.97996E+02 2.70813E-06 1.94840E-03 1.40238E+00 
7.05502E+02 2.11639E-06 1.53320E-03 1.11106E+00 
7.13007E+02 1.60948E-06 1.17372E-03 8.56128E-01 
7.20513E+02 1.17624E-06 8.63235E-04 6.33610E-01 
7.28018E+02 8.06823E-07 5.95718E-04 4.39882E-01 
7.35523E+02 4.92561E-07 3.65783E-04 2.71644E-01 
7.43029E+02 2.25843E-07 1.68632E-04 1.25915E-01 
