100 2 
0.00000E+00 3.87272E-03 1.00581E+00 3.23959E+02 
7.62005E+00 3.87040E-03 1.00580E+00 3.23959E+02 
1.52401E+01 3.86345E-03 1.00572E+00 3.23958E+02 
2.28601E+01 3.85188E-03 1.00550E+00 3.23953E+02 
3.04802E+01 3.83572E-03 1.00506E+00 3.23942E+02 
3.81002E+01 3.81502E-03 1.00435E+00 3.23917E+02 
4.57203E+01 3.78982E-03 1.00329E+00 3.23872E+02 
5.33403E+01 3.76018E-03 1.00182E+00 3.23799E+02 
6.09604E+01 3.72620E-03 9.99875E-01 3.23688E+02 
6.85804E+01 3.68795E-03 9.97394E-01 3.23527E+02 
7.62005E+01 3.64552E-03 9.94321E-01 3.23304E+02 
8.38205E+01 3.59905E-03 9.90599E-01 3.23006E+02 
9.14406E+01 3.54864E-03 9.86179E-01 3.22618E+02 
9.90606E+01 3.49443E-03 9.81014E-01 3.22125E+02 
1.06681E+02 3.43657E-03 9.75059E-01 3.21512E+02 
1.14301E+02 3.37522E-03 9.68278E-01 3.20763E+02 
1.21921E+02 3.31054E-03 9.60638E-01 3.19860E+02 
1.29541E+02 3.24272E-03 9.52109E-01 3.18787E+02 
1.37161E+02 3.17196E-03 9.42670E-01 3.17527E+02 
1.44781E+02 3.09844E-03 9.32304E-01 3.16066E+02 
1.52401E+02 3.02237E-03 9.21001E-01 3.14385E+02 
1.60021E+02 2.94399E-03 9.08755E-01 3.12472E+02 
1.67641E+02 2.86351E-03 8.95568E-01 3.10311E+02 
1.75261E+02 2.78116E-03 8.81449E-01 3.07889E+02 
1.82881E+02 2.69719E-03 8.66411E-01 3.05196E+02 
1.90501E+02 2.61183E-03 8.50474E-01 3.02220E+02 
1.98121E+02 2.52534E-03 8.33667E-01 2.98954E+02 
2.05741E+02 2.43795E-03 8.16020E-01 2.95390E+02 
2.13361E+02 2.34992E-03 7.97574E-01 2.91524E+02 
2.20981E+02 2.26150E-03 7.78371E-01 2.87353E+02 
2.28601E+02 2.17293E-03 7.58461E-01 2.82877E+02 
2.36221E+02 2.08445E-03 7.37898E-01 2.78098E+02 
2.43842E+02 1.99631E-03 7.16740E-01 2.73019E+02 
2.51462E+02 1.90873E-03 6.95051E-01 2.67647E+02 
2.59082E+02 1.82193E-03 6.72896E-01 2.61991E+02 
2.66702E+02 1.73614E-03 6.50343E-01 2.56062E+02 
2.74322E+02 1.65156E-03 6.27463E-01 2.49873E+02 
2.81942E+02 1.56838E-03 6.04330E-01 2.43438E+02 
2.89562E+02 1.48679E-03 5.81017E-01 2.36776E+02 
2.97182E+02 1.40696E-03 5.57597E-01 2.29906E+02 
3.04802E+02 1.32904E-03 5.34146E-01 2.22847E+02 
3.12422E+02 1.25318E-03 5.10736E-01 2.15623E+02 
3.20042E+02 1.17951E-03 4.87439E-01 2.08255E+02 
3.27662E+02 1.10813E-03 4.64324E-01 2.00770E+02 
3.35282E+02 1.03915E-03 4.41461E-01 1.93191E+02 
3.42902E+02 9.72646E-04 4.18912E-01 1.85545E+02 
3.50522E+02 9.08690E-04 3.96739E-01 1.77858E+02 
3.58142E+02 8.47331E-04 3.74999E-01 1.70155E+02 
3.65762E+02 7.88607E-04 3.53746E-01 1.62463E+02 
3.73382E+02 7.32542E-04 3.33027E-01 1.54806E+02 
3.81002E+02 6.79145E-04 3.12888E-01 1.47210E+02 
3.88622E+02 6.28411E-04 2.93367E-01 1.39699E+02 
3.96242E+02 5.80325E-04 2.74498E-01 1.32294E+02 
4.03863E+02 5.34857E-04 2.56310E-01 1.25019E+02 
4.11483E+02 4.91969E-04 2.38827E-01 1.17892E+02 
4.19103E+02 4.51613E-04 2.22069E-01 1.10933E+02 
4.26723E+02 4.13729E-04 2.06049E-01 1.04158E+02 
4.34343E+02 3.78252E-04 1.90777E-01 9.75835E+01 
4.41963E+02 3.45109E-04 1.76256E-01 9.12219E+01 
4.49583E+02 3.14221E-04 1.62489E-01 8.50851E+01 
4.57203E+02 2.85504E-04 1.49470E-01 7.91829E+01 
4.64823E+02 2.58868E-04 1.37192E-01 7.35231E+01 
4.72443E+02 2.34223E-04 1.25644E-01 6.81117E+01 
4.80063E+02 2.11475E-04 1.14811E-01 6.29529E+01 
4.87683E+02 1.90528E-04 1.04676E-01 5.80494E+01 
4.95303E+02 1.71285E-04 9.52194E-02 5.34019E+01 
5.02923E+02 1.53650E-04 8.64187E-02 4.90098E+01 
5.10543E+02 1.37528E-04 7.82501E-02 4.48709E+01 
5.18163E+02 1.22824E-04 7.06880E-02 4.09817E+01 
5.25783E+02 1.09446E-04 6.37058E-02 3.73376E+01 
5.33403E+02 9.73035E-05 5.72759E-02 3.39326E+01 
5.41023E+02 8.63084E-05 5.13699E-02 3.07602E+01 
5.48643E+02 7.63763E-05 4.59592E-02 2.78125E+01 
5.56263E+02 6.74260E-05 4.10152E-02 2.50815E+01 
5.63884E+02 5.93797E-05 3.65092E-02 2.25581E+01 
5.71504E+02 5.21636E-05 3.24132E-02 2.02330E+01 
5.79124E+02 4.57074E-05 2.86993E-02 1.80966E+01 
5.86744E+02 3.99450E-05 2.53406E-02 1.61390E+01 
5.94364E+02 3.48141E-05 2.23109E-02 1.43500E+01 
6.01984E+02 3.02565E-05 1.95850E-02 1.27196E+01 
6.09604E+02 2.62178E-05 1.71387E-02 1.12378E+01 
6.17224E+02 2.26476E-05 1.49490E-02 9.89476E+00 
6.24844E+02 1.94989E-05 1.29938E-02 8.68069E+00 
6.32464E+02 1.67288E-05 1.12526E-02 7.58621E+00 
6.40084E+02 1.42976E-05 9.70591E-03 6.60218E+00 
6.47704E+02 1.21689E-05 8.33541E-03 5.71983E+00 
6.55324E+02 1.03095E-05 7.12414E-03 4.93077E+00 
6.62944E+02 8.68921E-06 6.05632E-03 4.22701E+00 
6.70564E+02 7.28073E-06 5.11733E-03 3.60102E+00 
6.78184E+02 6.05928E-06 4.29373E-03 3.04567E+00 
6.85804E+02 5.00256E-06 3.57315E-03 2.55431E+00 
6.93424E+02 4.09055E-06 2.94430E-03 2.12070E+00 
7.01044E+02 3.30532E-06 2.39689E-03 1.73907E+00 
7.08664E+02 2.63086E-06 1.92156E-03 1.40407E+00 
7.16284E+02 2.05293E-06 1.50985E-03 1.11078E+00 
7.23905E+02 1.55891E-06 1.15416E-03 8.54682E-01 
7.31525E+02 1.13762E-06 8.47625E-04 6.31641E-01 
7.39145E+02 7.79216E-07 5.84116E-04 4.37899E-01 
7.46765E+02 4.75044E-07 3.58162E-04 2.70048E-01 
7.54385E+02 2.17517E-07 1.64896E-04 1.25007E-01 
