100 2 
0.00000E+00 3.76650E-03 1.00585E+00 3.31644E+02 
7.73973E+00 3.76436E-03 1.00584E+00 3.31644E+02 
1.54795E+01 3.75794E-03 1.00576E+00 3.31643E+02 
2.32192E+01 3.74725E-03 1.00555E+00 3.31639E+02 
3.09589E+01 3.73231E-03 1.00514E+00 3.31628E+02 
3.86986E+01 3.71316E-03 1.00447E+00 3.31604E+02 
4.64384E+01 3.68984E-03 1.00348E+00 3.31562E+02 
5.41781E+01 3.66238E-03 1.00209E+00 3.31492E+02 
6.19178E+01 3.63086E-03 1.00026E+00 3.31385E+02 
6.96576E+01 3.59534E-03 9.97920E-01 3.31231E+02 
7.73973E+01 3.55590E-03 9.95018E-01 3.31017E+02 
8.51370E+01 3.51263E-03 9.91498E-01 3.30731E+02 
9.28767E+01 3.46562E-03 9.87312E-01 3.30358E+02 
1.00616E+02 3.41499E-03 9.82411E-01 3.29883E+02 
1.08356E+02 3.36085E-03 9.76752E-01 3.29291E+02 
1.16096E+02 3.30334E-03 9.70297E-01 3.28566E+02 
1.23836E+02 3.24261E-03 9.63008E-01 3.27691E+02 
1.31575E+02 3.17879E-03 9.54857E-01 3.26650E+02 
1.39315E+02 3.11207E-03 9.45817E-01 3.25425E+02 
1.47055E+02 3.04260E-03 9.35869E-01 3.24000E+02 
1.54795E+02 2.97059E-03 9.24999E-01 3.22359E+02 
1.62534E+02 2.89621E-03 9.13196E-01 3.20485E+02 
1.70274E+02 2.81967E-03 9.00459E-01 3.18365E+02 
1.78014E+02 2.74119E-03 8.86791E-01 3.15984E+02 
1.85753E+02 2.66098E-03 8.72201E-01 3.13330E+02 
1.93493E+02 2.57927E-03 8.56705E-01 3.10391E+02 
2.01233E+02 2.49628E-03 8.40325E-01 3.07158E+02 
2.08973E+02 2.41224E-03 8.23089E-01 3.03622E+02 
2.16712E+02 2.32741E-03 8.05031E-01 2.99778E+02 
2.24452E+02 2.24200E-03 7.86192E-01 2.95622E+02 
2.32192E+02 2.15626E-03 7.66616E-01 2.91152E+02 
2.39932E+02 2.07043E-03 7.46355E-01 2.86369E+02 
2.47671E+02 1.98474E-03 7.25463E-01 2.81275E+02 
2.55411E+02 1.89942E-03 7.04001E-01 2.75876E+02 
2.63151E+02 1.81469E-03 6.82033E-01 2.70180E+02 
2.70891E+02 1.73077E-03 6.59626E-01 2.64196E+02 
2.78630E+02 1.64787E-03 6.36849E-01 2.57938E+02 
2.86370E+02 1.56619E-03 6.13775E-01 2.51419E+02 
2.94110E+02 1.48592E-03 5.90478E-01 2.44657E+02 
3.01849E+02 1.40723E-03 5.67032E-01 2.37671E+02 
3.09589E+02 1.33030E-03 5.43513E-01 2.30481E+02 
3.17329E+02 1.25526E-03 5.19995E-01 2.23109E+02 
3.25069E+02 1.18227E-03 4.96551E-01 2.15579E+02 
3.32808E+02 1.11145E-03 4.73255E-01 2.07916E+02 
3.40548E+02 1.04289E-03 4.50176E-01 2.00146E+02 
3.48288E+02 9.76707E-04 4.27382E-01 1.92295E+02 
3.56027E+02 9.12964E-04 4.04936E-01 1.84391E+02 
3.63767E+02 8.51730E-04 3.82900E-01 1.76460E+02 
3.71507E+02 7.93051E-04 3.61329E-01 1.68531E+02 
3.79247E+02 7.36962E-04 3.40276E-01 1.60628E+02 
3.86986E+02 6.83480E-04 3.19788E-01 1.52779E+02 
3.94726E+02 6.32614E-04 2.99908E-01 1.45009E+02 
4.02466E+02 5.84353E-04 2.80673E-01 1.37343E+02 
4.10206E+02 5.38679E-04 2.62116E-01 1.29803E+02 
4.17945E+02 4.95560E-04 2.44263E-01 1.22411E+02 
4.25685E+02 4.54955E-04 2.27137E-01 1.15187E+02 
4.33425E+02 4.16811E-04 2.10753E-01 1.08150E+02 
4.41165E+02 3.81068E-04 1.95125E-01 1.01316E+02 
4.48904E+02 3.47658E-04 1.80257E-01 9.47004E+01 
4.56644E+02 3.16505E-04 1.66154E-01 8.83153E+01 
4.64384E+02 2.87531E-04 1.52812E-01 8.21716E+01 
4.72123E+02 2.60648E-04 1.40225E-01 7.62783E+01 
4.79863E+02 2.35767E-04 1.28384E-01 7.06422E+01 
4.87603E+02 2.12797E-04 1.17273E-01 6.52683E+01 
4.95343E+02 1.91643E-04 1.06878E-01 6.01597E+01 
5.03082E+02 1.72210E-04 9.71777E-02 5.53176E+01 
5.10822E+02 1.54401E-04 8.81507E-02 5.07418E+01 
5.18562E+02 1.38122E-04 7.97731E-02 4.64303E+01 
5.26302E+02 1.23278E-04 7.20189E-02 4.23797E+01 
5.34041E+02 1.09776E-04 6.48612E-02 3.85852E+01 
5.41781E+02 9.75246E-05 5.82718E-02 3.50411E+01 
5.49521E+02 8.64358E-05 5.22220E-02 3.17403E+01 
5.57260E+02 7.64240E-05 4.66822E-02 2.86750E+01 
5.65000E+02 6.74070E-05 4.16231E-02 2.58365E+01 
5.72740E+02 5.93060E-05 3.70153E-02 2.32155E+01 
5.80480E+02 5.20459E-05 3.28295E-02 2.08022E+01 
5.88219E+02 4.55556E-05 2.90374E-02 1.85865E+01 
5.95959E+02 3.97677E-05 2.56109E-02 1.65580E+01 
6.03699E+02 3.46190E-05 2.25229E-02 1.47059E+01 
6.11439E+02 3.00503E-05 1.97475E-02 1.30198E+01 
6.19178E+02 2.60061E-05 1.72594E-02 1.14891E+01 
6.26918E+02 2.24353E-05 1.50349E-02 1.01033E+01 
6.34658E+02 1.92900E-05 1.30511E-02 8.85209E+00 
6.42397E+02 1.65265E-05 1.12868E-02 7.72566E+00 
6.50137E+02 1.41045E-05 9.72171E-03 6.71432E+00 
6.57877E+02 1.19869E-05 8.33701E-03 5.80882E+00 
6.65617E+02 1.01401E-05 7.11507E-03 5.00031E+00 
6.73356E+02 8.53351E-06 6.03960E-03 4.28038E+00 
6.81096E+02 7.13926E-06 5.09550E-03 3.64109E+00 
6.88836E+02 5.93229E-06 4.26888E-03 3.07496E+00 
6.96576E+02 4.89002E-06 3.54700E-03 2.57497E+00 
7.04315E+02 3.99223E-06 2.91823E-03 2.13461E+00 
7.12055E+02 3.22078E-06 2.37198E-03 1.74781E+00 
7.19795E+02 2.55953E-06 1.89864E-03 1.40898E+00 
7.27534E+02 1.99415E-06 1.48955E-03 1.11298E+00 
7.35274E+02 1.51194E-06 1.13691E-03 8.55084E-01 
7.43014E+02 1.10166E-06 8.33697E-04 6.30998E-01 
7.50754E+02 7.53459E-07 5.73669E-04 4.36813E-01 
7.58493E+02 4.58674E-07 3.51248E-04 2.68992E-01 
7.66233E+02 2.09722E-07 1.61484E-04 1.24343E-01 
