100 2 
0.00000E+00 3.79073E-03 1.00584E+00 3.29864E+02 
7.71238E+00 3.78855E-03 1.00583E+00 3.29864E+02 
1.54248E+01 3.78200E-03 1.00575E+00 3.29863E+02 
2.31371E+01 3.77111E-03 1.00554E+00 3.29859E+02 
3.08495E+01 3.75590E-03 1.00512E+00 3.29847E+02 
3.85619E+01 3.73639E-03 1.00444E+00 3.29823E+02 
4.62743E+01 3.71264E-03 1.00343E+00 3.29780E+02 
5.39866E+01 3.68469E-03 1.00203E+00 3.29710E+02 
6.16990E+01 3.65260E-03 1.00017E+00 3.29602E+02 
6.94114E+01 3.61646E-03 9.97798E-01 3.29446E+02 
7.71238E+01 3.57633E-03 9.94856E-01 3.29230E+02 
8.48361E+01 3.53233E-03 9.91290E-01 3.28941E+02 
9.25485E+01 3.48454E-03 9.87049E-01 3.28564E+02 
1.00261E+02 3.43309E-03 9.82087E-01 3.28085E+02 
1.07973E+02 3.37810E-03 9.76359E-01 3.27489E+02 
1.15686E+02 3.31971E-03 9.69828E-01 3.26758E+02 
1.23398E+02 3.25807E-03 9.62457E-01 3.25876E+02 
1.31110E+02 3.19334E-03 9.54218E-01 3.24827E+02 
1.38823E+02 3.12569E-03 9.45085E-01 3.23594E+02 
1.46535E+02 3.05530E-03 9.35040E-01 3.22160E+02 
1.54248E+02 2.98235E-03 9.24068E-01 3.20509E+02 
1.61960E+02 2.90705E-03 9.12162E-01 3.18626E+02 
1.69672E+02 2.82961E-03 8.99320E-01 3.16496E+02 
1.77385E+02 2.75025E-03 8.85546E-01 3.14105E+02 
1.85097E+02 2.66917E-03 8.70851E-01 3.11442E+02 
1.92809E+02 2.58662E-03 8.55252E-01 3.08493E+02 
2.00522E+02 2.50283E-03 8.38772E-01 3.05252E+02 
2.08234E+02 2.41802E-03 8.21439E-01 3.01709E+02 
2.15947E+02 2.33245E-03 8.03290E-01 2.97859E+02 
2.23659E+02 2.24635E-03 7.84365E-01 2.93699E+02 
2.31371E+02 2.15996E-03 7.64710E-01 2.89227E+02 
2.39084E+02 2.07352E-03 7.44377E-01 2.84443E+02 
2.46796E+02 1.98727E-03 7.23423E-01 2.79352E+02 
2.54508E+02 1.90143E-03 7.01907E-01 2.73959E+02 
2.62221E+02 1.81622E-03 6.79893E-01 2.68271E+02 
2.69933E+02 1.73188E-03 6.57451E-01 2.62299E+02 
2.77646E+02 1.64859E-03 6.34649E-01 2.56056E+02 
2.85358E+02 1.56657E-03 6.11560E-01 2.49557E+02 
2.93070E+02 1.48599E-03 5.88258E-01 2.42817E+02 
3.00783E+02 1.40705E-03 5.64817E-01 2.35857E+02 
3.08495E+02 1.32989E-03 5.41313E-01 2.28697E+02 
3.16207E+02 1.25467E-03 5.17819E-01 2.21358E+02 
3.23920E+02 1.18152E-03 4.94409E-01 2.13866E+02 
3.31632E+02 1.11057E-03 4.71155E-01 2.06244E+02 
3.39345E+02 1.04192E-03 4.48126E-01 1.98518E+02 
3.47057E+02 9.75665E-04 4.25388E-01 1.90714E+02 
3.54769E+02 9.11876E-04 4.03005E-01 1.82860E+02 
3.62482E+02 8.50617E-04 3.81038E-01 1.74982E+02 
3.70194E+02 7.91932E-04 3.59541E-01 1.67108E+02 
3.77906E+02 7.35852E-04 3.38566E-01 1.59262E+02 
3.85619E+02 6.82394E-04 3.18159E-01 1.51472E+02 
3.93331E+02 6.31562E-04 2.98363E-01 1.43762E+02 
4.01044E+02 5.83346E-04 2.79214E-01 1.36157E+02 
4.08756E+02 5.37723E-04 2.60743E-01 1.28679E+02 
4.16468E+02 4.94662E-04 2.42977E-01 1.21349E+02 
4.24181E+02 4.54118E-04 2.25937E-01 1.14187E+02 
4.31893E+02 4.16038E-04 2.09639E-01 1.07211E+02 
4.39605E+02 3.80360E-04 1.94094E-01 1.00438E+02 
4.47318E+02 3.47015E-04 1.79308E-01 9.38815E+01 
4.55030E+02 3.15928E-04 1.65284E-01 8.75546E+01 
4.62743E+02 2.87016E-04 1.52018E-01 8.14675E+01 
4.70455E+02 2.60194E-04 1.39504E-01 7.56290E+01 
4.78167E+02 2.35371E-04 1.27732E-01 7.00456E+01 
4.85880E+02 2.12455E-04 1.16687E-01 6.47223E+01 
4.93592E+02 1.91352E-04 1.06353E-01 5.96618E+01 
5.01304E+02 1.71965E-04 9.67101E-02 5.48655E+01 
5.09017E+02 1.54200E-04 8.77366E-02 5.03329E+01 
5.16729E+02 1.37959E-04 7.94084E-02 4.60620E+01 
5.24442E+02 1.23150E-04 7.16997E-02 4.20493E+01 
5.32154E+02 1.09679E-04 6.45836E-02 3.82903E+01 
5.39866E+02 9.74542E-05 5.80321E-02 3.47789E+01 
5.47579E+02 8.63888E-05 5.20163E-02 3.15083E+01 
5.55291E+02 7.63972E-05 4.65072E-02 2.84708E+01 
5.63003E+02 6.73971E-05 4.14755E-02 2.56576E+01 
5.70716E+02 5.93103E-05 3.68919E-02 2.30596E+01 
5.78428E+02 5.20616E-05 3.27275E-02 2.06672E+01 
5.86141E+02 4.55804E-05 2.89541E-02 1.84702E+01 
5.93853E+02 3.97995E-05 2.55438E-02 1.64583E+01 
6.01565E+02 3.46559E-05 2.24698E-02 1.46212E+01 
6.09278E+02 3.00906E-05 1.97063E-02 1.29483E+01 
6.16990E+02 2.60486E-05 1.72283E-02 1.14291E+01 
6.24702E+02 2.24786E-05 1.50121E-02 1.00534E+01 
6.32415E+02 1.93332E-05 1.30354E-02 8.81101E+00 
6.40127E+02 1.65688E-05 1.12767E-02 7.69215E+00 
6.47840E+02 1.41452E-05 9.71611E-03 6.68729E+00 
6.55552E+02 1.20255E-05 8.33492E-03 5.78728E+00 
6.63264E+02 1.01763E-05 7.11568E-03 4.98340E+00 
6.70977E+02 8.56689E-06 6.04217E-03 4.26733E+00 
6.78689E+02 7.16971E-06 5.09943E-03 3.63122E+00 
6.86401E+02 5.95971E-06 4.27366E-03 3.06767E+00 
6.94114E+02 4.91440E-06 3.55223E-03 2.56976E+00 
7.01826E+02 4.01357E-06 2.92356E-03 2.13102E+00 
7.09539E+02 3.23916E-06 2.37715E-03 1.74548E+00 
7.17251E+02 2.57507E-06 1.90346E-03 1.40760E+00 
7.24963E+02 2.00698E-06 1.49386E-03 1.11227E+00 
7.32676E+02 1.52220E-06 1.14059E-03 8.54833E-01 
7.40388E+02 1.10952E-06 8.36686E-04 6.31027E-01 
7.48100E+02 7.59098E-07 5.75922E-04 4.36981E-01 
7.55813E+02 4.62258E-07 3.52743E-04 2.69183E-01 
7.63525E+02 2.11429E-07 1.62223E-04 1.24470E-01 
