100 2 
0.00000E+00 3.89511E-03 1.00581E+00 3.22378E+02 
7.59488E+00 3.89275E-03 1.00579E+00 3.22378E+02 
1.51898E+01 3.88569E-03 1.00571E+00 3.22377E+02 
2.27846E+01 3.87393E-03 1.00548E+00 3.22372E+02 
3.03795E+01 3.85752E-03 1.00504E+00 3.22360E+02 
3.79744E+01 3.83649E-03 1.00432E+00 3.22335E+02 
4.55693E+01 3.81090E-03 1.00325E+00 3.22290E+02 
5.31641E+01 3.78081E-03 1.00176E+00 3.22217E+02 
6.07590E+01 3.74631E-03 9.99795E-01 3.22104E+02 
6.83539E+01 3.70748E-03 9.97286E-01 3.21942E+02 
7.59488E+01 3.66443E-03 9.94178E-01 3.21717E+02 
8.35436E+01 3.61728E-03 9.90415E-01 3.21417E+02 
9.11385E+01 3.56616E-03 9.85947E-01 3.21026E+02 
9.87334E+01 3.51120E-03 9.80728E-01 3.20530E+02 
1.06328E+02 3.45257E-03 9.74713E-01 3.19913E+02 
1.13923E+02 3.39041E-03 9.67866E-01 3.19158E+02 
1.21518E+02 3.32491E-03 9.60153E-01 3.18250E+02 
1.29113E+02 3.25626E-03 9.51548E-01 3.17171E+02 
1.36708E+02 3.18464E-03 9.42028E-01 3.15905E+02 
1.44303E+02 3.11028E-03 9.31577E-01 3.14436E+02 
1.51898E+02 3.03337E-03 9.20186E-01 3.12748E+02 
1.59492E+02 2.95415E-03 9.07851E-01 3.10827E+02 
1.67087E+02 2.87285E-03 8.94573E-01 3.08658E+02 
1.74682E+02 2.78969E-03 8.80363E-01 3.06230E+02 
1.82277E+02 2.70494E-03 8.65234E-01 3.03529E+02 
1.89872E+02 2.61882E-03 8.49209E-01 3.00546E+02 
1.97467E+02 2.53159E-03 8.32316E-01 2.97274E+02 
2.05062E+02 2.44351E-03 8.14587E-01 2.93705E+02 
2.12657E+02 2.35482E-03 7.96062E-01 2.89836E+02 
2.20251E+02 2.26577E-03 7.76787E-01 2.85663E+02 
2.27846E+02 2.17660E-03 7.56810E-01 2.81187E+02 
2.35441E+02 2.08758E-03 7.36187E-01 2.76410E+02 
2.43036E+02 1.99892E-03 7.14978E-01 2.71335E+02 
2.50631E+02 1.91087E-03 6.93244E-01 2.65970E+02 
2.58226E+02 1.82364E-03 6.71052E-01 2.60323E+02 
2.65821E+02 1.73746E-03 6.48471E-01 2.54407E+02 
2.73416E+02 1.65253E-03 6.25572E-01 2.48233E+02 
2.81010E+02 1.56904E-03 6.02429E-01 2.41817E+02 
2.88605E+02 1.48717E-03 5.79113E-01 2.35176E+02 
2.96200E+02 1.40710E-03 5.55701E-01 2.28330E+02 
3.03795E+02 1.32897E-03 5.32265E-01 2.21299E+02 
3.11390E+02 1.25293E-03 5.08878E-01 2.14106E+02 
3.18985E+02 1.17911E-03 4.85611E-01 2.06773E+02 
3.26580E+02 1.10761E-03 4.62535E-01 1.99324E+02 
3.34175E+02 1.03854E-03 4.39716E-01 1.91785E+02 
3.41769E+02 9.71966E-04 4.17217E-01 1.84182E+02 
3.49364E+02 9.07959E-04 3.95100E-01 1.76539E+02 
3.56959E+02 8.46569E-04 3.73421E-01 1.68883E+02 
3.64554E+02 7.87830E-04 3.52232E-01 1.61240E+02 
3.72149E+02 7.31764E-04 3.31582E-01 1.53633E+02 
3.79744E+02 6.78378E-04 3.11513E-01 1.46089E+02 
3.87339E+02 6.27665E-04 2.92065E-01 1.38630E+02 
3.94934E+02 5.79608E-04 2.73270E-01 1.31279E+02 
4.02528E+02 5.34177E-04 2.55157E-01 1.24057E+02 
4.10123E+02 4.91331E-04 2.37749E-01 1.16984E+02 
4.17718E+02 4.51020E-04 2.21065E-01 1.10079E+02 
4.25313E+02 4.13184E-04 2.05118E-01 1.03358E+02 
4.32908E+02 3.77756E-04 1.89917E-01 9.68351E+01 
4.40503E+02 3.44663E-04 1.75466E-01 9.05250E+01 
4.48098E+02 3.13824E-04 1.61766E-01 8.44384E+01 
4.55693E+02 2.85154E-04 1.48812E-01 7.85848E+01 
4.63288E+02 2.58565E-04 1.36595E-01 7.29721E+01 
4.70882E+02 2.33964E-04 1.25106E-01 6.76059E+01 
4.78477E+02 2.11257E-04 1.14328E-01 6.24905E+01 
4.86072E+02 1.90347E-04 1.04245E-01 5.76282E+01 
4.93667E+02 1.71140E-04 9.48371E-02 5.30198E+01 
5.01262E+02 1.53537E-04 8.60814E-02 4.86646E+01 
5.08857E+02 1.37444E-04 7.79543E-02 4.45603E+01 
5.16452E+02 1.22766E-04 7.04303E-02 4.07035E+01 
5.24047E+02 1.09410E-04 6.34829E-02 3.70895E+01 
5.31641E+02 9.72867E-05 5.70844E-02 3.37124E+01 
5.39236E+02 8.63083E-05 5.12068E-02 3.05656E+01 
5.46831E+02 7.63901E-05 4.58216E-02 2.76415E+01 
5.54426E+02 6.74513E-05 4.09002E-02 2.49320E+01 
5.62021E+02 5.94142E-05 3.64143E-02 2.24281E+01 
5.69616E+02 5.22052E-05 3.23357E-02 2.01206E+01 
5.77211E+02 4.57542E-05 2.86372E-02 1.80001E+01 
5.84806E+02 3.99954E-05 2.52916E-02 1.60565E+01 
5.92400E+02 3.48667E-05 2.22733E-02 1.42801E+01 
5.99995E+02 3.03101E-05 1.95569E-02 1.26608E+01 
6.07590E+02 2.62713E-05 1.71187E-02 1.11888E+01 
6.15185E+02 2.27001E-05 1.49355E-02 9.85416E+00 
6.22780E+02 1.95498E-05 1.29858E-02 8.64746E+00 
6.30375E+02 1.67774E-05 1.12489E-02 7.55929E+00 
6.37970E+02 1.43434E-05 9.70558E-03 6.58066E+00 
6.45565E+02 1.22116E-05 8.33764E-03 5.70287E+00 
6.53159E+02 1.03490E-05 7.12826E-03 4.91764E+00 
6.60754E+02 8.72530E-06 6.06173E-03 4.21706E+00 
6.68349E+02 7.31334E-06 5.12353E-03 3.59366E+00 
6.75944E+02 6.08843E-06 4.30032E-03 3.04041E+00 
6.83539E+02 5.02829E-06 3.57980E-03 2.55070E+00 
6.91134E+02 4.11296E-06 2.95074E-03 2.11838E+00 
6.98729E+02 3.32452E-06 2.40291E-03 1.73772E+00 
7.06324E+02 2.64702E-06 1.92701E-03 1.40344E+00 
7.13918E+02 2.06622E-06 1.51463E-03 1.11063E+00 
7.21513E+02 1.56951E-06 1.15818E-03 8.54838E-01 
7.29108E+02 1.14572E-06 8.50848E-04 6.31953E-01 
7.36703E+02 7.85013E-07 5.86521E-04 4.38251E-01 
7.44298E+02 4.78724E-07 3.59746E-04 2.70346E-01 
7.51893E+02 2.19266E-07 1.65674E-04 1.25182E-01 
