100 2 
0.00000E+00 3.98696E-03 1.00577E+00 3.16023E+02 
7.49160E+00 3.98445E-03 1.00576E+00 3.16023E+02 
1.49832E+01 3.97693E-03 1.00567E+00 3.16022E+02 
2.24748E+01 3.96443E-03 1.00544E+00 3.16018E+02 
2.99664E+01 3.94697E-03 1.00498E+00 3.16005E+02 
3.74580E+01 3.92461E-03 1.00422E+00 3.15980E+02 
4.49496E+01 3.89742E-03 1.00309E+00 3.15933E+02 
5.24412E+01 3.86547E-03 1.00154E+00 3.15857E+02 
5.99328E+01 3.82887E-03 9.99477E-01 3.15741E+02 
6.74244E+01 3.78771E-03 9.96853E-01 3.15573E+02 
7.49160E+01 3.74212E-03 9.93606E-01 3.15342E+02 
8.24076E+01 3.69224E-03 9.89680E-01 3.15033E+02 
8.98992E+01 3.63822E-03 9.85023E-01 3.14631E+02 
9.73908E+01 3.58022E-03 9.79589E-01 3.14122E+02 
1.04882E+02 3.51841E-03 9.73336E-01 3.13489E+02 
1.12374E+02 3.45299E-03 9.66226E-01 3.12716E+02 
1.19866E+02 3.38414E-03 9.58230E-01 3.11787E+02 
1.27357E+02 3.31208E-03 9.49321E-01 3.10685E+02 
1.34849E+02 3.23704E-03 9.39481E-01 3.09394E+02 
1.42340E+02 3.15923E-03 9.28695E-01 3.07899E+02 
1.49832E+02 3.07889E-03 9.16958E-01 3.06184E+02 
1.57324E+02 2.99628E-03 9.04268E-01 3.04234E+02 
1.64815E+02 2.91163E-03 8.90633E-01 3.02037E+02 
1.72307E+02 2.82520E-03 8.76064E-01 2.99581E+02 
1.79798E+02 2.73726E-03 8.60580E-01 2.96855E+02 
1.87290E+02 2.64806E-03 8.44208E-01 2.93849E+02 
1.94782E+02 2.55787E-03 8.26977E-01 2.90557E+02 
2.02273E+02 2.46695E-03 8.08926E-01 2.86973E+02 
2.09765E+02 2.37556E-03 7.90098E-01 2.83093E+02 
2.17256E+02 2.28395E-03 7.70539E-01 2.78917E+02 
2.24748E+02 2.19239E-03 7.50304E-01 2.74444E+02 
2.32240E+02 2.10112E-03 7.29450E-01 2.69679E+02 
2.39731E+02 2.01038E-03 7.08038E-01 2.64626E+02 
2.47223E+02 1.92041E-03 6.86132E-01 2.59292E+02 
2.54714E+02 1.83143E-03 6.63801E-01 2.53687E+02 
2.62206E+02 1.74366E-03 6.41115E-01 2.47824E+02 
2.69698E+02 1.65728E-03 6.18146E-01 2.41715E+02 
2.77189E+02 1.57251E-03 5.94965E-01 2.35376E+02 
2.84681E+02 1.48950E-03 5.71648E-01 2.28825E+02 
2.92173E+02 1.40844E-03 5.48267E-01 2.22081E+02 
2.99664E+02 1.32945E-03 5.24895E-01 2.15165E+02 
3.07156E+02 1.25268E-03 5.01603E-01 2.08098E+02 
3.14647E+02 1.17824E-03 4.78462E-01 2.00904E+02 
3.22139E+02 1.10624E-03 4.55539E-01 1.93606E+02 
3.29631E+02 1.03676E-03 4.32899E-01 1.86228E+02 
3.37122E+02 9.69880E-04 4.10603E-01 1.78795E+02 
3.44614E+02 9.05645E-04 3.88709E-01 1.71332E+02 
3.52105E+02 8.44101E-04 3.67271E-01 1.63865E+02 
3.59597E+02 7.85275E-04 3.46340E-01 1.56416E+02 
3.67089E+02 7.29178E-04 3.25959E-01 1.49012E+02 
3.74580E+02 6.75810E-04 3.06170E-01 1.41673E+02 
3.82072E+02 6.25156E-04 2.87008E-01 1.34424E+02 
3.89563E+02 5.77193E-04 2.68505E-01 1.27286E+02 
3.97055E+02 5.31882E-04 2.50685E-01 1.20278E+02 
4.04547E+02 4.89178E-04 2.33571E-01 1.13419E+02 
4.12038E+02 4.49025E-04 2.17178E-01 1.06726E+02 
4.19530E+02 4.11357E-04 2.01518E-01 1.00215E+02 
4.27021E+02 3.76103E-04 1.86598E-01 9.39005E+01 
4.34513E+02 3.43187E-04 1.72420E-01 8.77935E+01 
4.42005E+02 3.12523E-04 1.58982E-01 8.19050E+01 
4.49496E+02 2.84025E-04 1.46281E-01 7.62437E+01 
4.56988E+02 2.57601E-04 1.34305E-01 7.08164E+01 
4.64479E+02 2.33157E-04 1.23044E-01 6.56285E+01 
4.71971E+02 2.10597E-04 1.12482E-01 6.06836E+01 
4.79463E+02 1.89824E-04 1.02602E-01 5.59835E+01 
4.86954E+02 1.70741E-04 9.33817E-02 5.15288E+01 
4.94446E+02 1.53252E-04 8.48006E-02 4.73185E+01 
5.01937E+02 1.37260E-04 7.68345E-02 4.33502E+01 
5.09429E+02 1.22671E-04 6.94581E-02 3.96204E+01 
5.16921E+02 1.09394E-04 6.26450E-02 3.61245E+01 
5.24412E+02 9.73368E-05 5.63682E-02 3.28567E+01 
5.31904E+02 8.64141E-05 5.06000E-02 2.98104E+01 
5.39395E+02 7.65420E-05 4.53126E-02 2.69786E+01 
5.46887E+02 6.76399E-05 4.04781E-02 2.43530E+01 
5.54379E+02 5.96312E-05 3.60688E-02 2.19254E+01 
5.61870E+02 5.24429E-05 3.20573E-02 1.96867E+01 
5.69362E+02 4.60060E-05 2.84169E-02 1.76279E+01 
5.76853E+02 4.02552E-05 2.51215E-02 1.57394E+01 
5.84345E+02 3.51293E-05 2.21458E-02 1.40119E+01 
5.91837E+02 3.05710E-05 1.94654E-02 1.24358E+01 
5.99328E+02 2.65269E-05 1.70571E-02 1.10016E+01 
6.06820E+02 2.29472E-05 1.48986E-02 9.70001E+00 
6.14311E+02 1.97859E-05 1.29687E-02 8.52182E+00 
6.21803E+02 1.70007E-05 1.12474E-02 7.45814E+00 
6.29295E+02 1.45524E-05 9.71614E-03 6.50034E+00 
6.36786E+02 1.24053E-05 8.35712E-03 5.64013E+00 
6.44278E+02 1.05268E-05 7.15399E-03 4.86958E+00 
6.51769E+02 8.88690E-06 6.09146E-03 4.18112E+00 
6.59261E+02 7.45875E-06 5.15541E-03 3.56760E+00 
6.66753E+02 6.21785E-06 4.33279E-03 3.02226E+00 
6.74244E+02 5.14216E-06 3.61164E-03 2.53879E+00 
6.81736E+02 4.21183E-06 2.98097E-03 2.11126E+00 
6.89227E+02 3.40908E-06 2.43078E-03 1.73416E+00 
6.96719E+02 2.71804E-06 1.95197E-03 1.40240E+00 
7.04211E+02 2.12452E-06 1.53628E-03 1.11126E+00 
7.11702E+02 1.61594E-06 1.17629E-03 8.56432E-01 
7.19194E+02 1.18117E-06 8.65272E-04 6.33945E-01 
7.26685E+02 8.10343E-07 5.97223E-04 4.40188E-01 
7.34177E+02 4.94795E-07 3.66769E-04 2.71878E-01 
7.41669E+02 2.26903E-07 1.69113E-04 1.26043E-01 
