100 2 
0.00000E+00 3.73064E-03 1.00586E+00 3.34311E+02 
7.78031E+00 3.72856E-03 1.00585E+00 3.34311E+02 
1.55606E+01 3.72232E-03 1.00577E+00 3.34310E+02 
2.33409E+01 3.71192E-03 1.00557E+00 3.34306E+02 
3.11212E+01 3.69740E-03 1.00517E+00 3.34295E+02 
3.89015E+01 3.67878E-03 1.00451E+00 3.34272E+02 
4.66818E+01 3.65609E-03 1.00354E+00 3.34230E+02 
5.44621E+01 3.62937E-03 1.00219E+00 3.34161E+02 
6.22424E+01 3.59869E-03 1.00039E+00 3.34056E+02 
7.00227E+01 3.56409E-03 9.98102E-01 3.33904E+02 
7.78031E+01 3.52566E-03 9.95259E-01 3.33694E+02 
8.55834E+01 3.48347E-03 9.91810E-01 3.33412E+02 
9.33637E+01 3.43762E-03 9.87705E-01 3.33044E+02 
1.01144E+02 3.38820E-03 9.82897E-01 3.32576E+02 
1.08924E+02 3.33533E-03 9.77341E-01 3.31992E+02 
1.16705E+02 3.27913E-03 9.70999E-01 3.31276E+02 
1.24485E+02 3.21973E-03 9.63834E-01 3.30411E+02 
1.32265E+02 3.15728E-03 9.55814E-01 3.29381E+02 
1.40045E+02 3.09193E-03 9.46915E-01 3.28169E+02 
1.47826E+02 3.02385E-03 9.37114E-01 3.26757E+02 
1.55606E+02 2.95321E-03 9.26395E-01 3.25131E+02 
1.63386E+02 2.88020E-03 9.14748E-01 3.23272E+02 
1.71167E+02 2.80501E-03 9.02170E-01 3.21168E+02 
1.78947E+02 2.72784E-03 8.88661E-01 3.18802E+02 
1.86727E+02 2.64892E-03 8.74229E-01 3.16163E+02 
1.94508E+02 2.56845E-03 8.58889E-01 3.13238E+02 
2.02288E+02 2.48666E-03 8.42661E-01 3.10018E+02 
2.10068E+02 2.40377E-03 8.25571E-01 3.06494E+02 
2.17849E+02 2.32002E-03 8.07652E-01 3.02660E+02 
2.25629E+02 2.23565E-03 7.88942E-01 2.98510E+02 
2.33409E+02 2.15088E-03 7.69486E-01 2.94044E+02 
2.41189E+02 2.06595E-03 7.49334E-01 2.89262E+02 
2.48970E+02 1.98110E-03 7.28538E-01 2.84165E+02 
2.56750E+02 1.89655E-03 7.07159E-01 2.78759E+02 
2.64530E+02 1.81253E-03 6.85260E-01 2.73050E+02 
2.72311E+02 1.72925E-03 6.62906E-01 2.67050E+02 
2.80091E+02 1.64692E-03 6.40168E-01 2.60770E+02 
2.87871E+02 1.56575E-03 6.17118E-01 2.54224E+02 
2.95652E+02 1.48593E-03 5.93830E-01 2.47429E+02 
3.03432E+02 1.40763E-03 5.70378E-01 2.40404E+02 
3.11212E+02 1.33103E-03 5.46837E-01 2.33169E+02 
3.18993E+02 1.25628E-03 5.23283E-01 2.25747E+02 
3.26773E+02 1.18351E-03 4.99791E-01 2.18162E+02 
3.34553E+02 1.11287E-03 4.76433E-01 2.10439E+02 
3.42333E+02 1.04446E-03 4.53280E-01 2.02603E+02 
3.50114E+02 9.78369E-04 4.30401E-01 1.94682E+02 
3.57894E+02 9.14691E-04 4.07861E-01 1.86703E+02 
3.65674E+02 8.53490E-04 3.85721E-01 1.78693E+02 
3.73455E+02 7.94818E-04 3.64039E-01 1.70681E+02 
3.81235E+02 7.38710E-04 3.42869E-01 1.62693E+02 
3.89015E+02 6.85191E-04 3.22259E-01 1.54755E+02 
3.96796E+02 6.34268E-04 3.02253E-01 1.46895E+02 
4.04576E+02 5.85937E-04 2.82889E-01 1.39137E+02 
4.12356E+02 5.40182E-04 2.64201E-01 1.31504E+02 
4.20136E+02 4.96973E-04 2.46217E-01 1.24019E+02 
4.27917E+02 4.56272E-04 2.28960E-01 1.16702E+02 
4.35697E+02 4.18028E-04 2.12448E-01 1.09572E+02 
4.43477E+02 3.82184E-04 1.96693E-01 1.02647E+02 
4.51258E+02 3.48672E-04 1.81702E-01 9.59412E+01 
4.59038E+02 3.17419E-04 1.67479E-01 8.94682E+01 
4.66818E+02 2.88347E-04 1.54022E-01 8.32390E+01 
4.74599E+02 2.61370E-04 1.41325E-01 7.72629E+01 
4.82379E+02 2.36400E-04 1.29379E-01 7.15471E+01 
4.90159E+02 2.13345E-04 1.18169E-01 6.60967E+01 
4.97940E+02 1.92113E-04 1.07680E-01 6.09152E+01 
5.05720E+02 1.72607E-04 9.78927E-02 5.60039E+01 
5.13500E+02 1.54732E-04 8.87845E-02 5.13627E+01 
5.21280E+02 1.38392E-04 8.03316E-02 4.69897E+01 
5.29061E+02 1.23494E-04 7.25083E-02 4.28815E+01 
5.36841E+02 1.09944E-04 6.52874E-02 3.90335E+01 
5.44621E+02 9.76497E-05 5.86405E-02 3.54397E+01 
5.52402E+02 8.65239E-05 5.25386E-02 3.20931E+01 
5.60182E+02 7.64803E-05 4.69521E-02 2.89857E+01 
5.67962E+02 6.74363E-05 4.18513E-02 2.61087E+01 
5.75743E+02 5.93127E-05 3.72063E-02 2.34528E+01 
5.83523E+02 5.20342E-05 3.29880E-02 2.10080E+01 
5.91303E+02 4.55290E-05 2.91672E-02 1.87639E+01 
5.99083E+02 3.97296E-05 2.57159E-02 1.67099E+01 
6.06864E+02 3.45722E-05 2.26066E-02 1.48353E+01 
6.14644E+02 2.99974E-05 1.98128E-02 1.31292E+01 
6.22424E+02 2.59493E-05 1.73093E-02 1.15808E+01 
6.30205E+02 2.23763E-05 1.50718E-02 1.01796E+01 
6.37985E+02 1.92305E-05 1.30773E-02 8.91506E+00 
6.45765E+02 1.64679E-05 1.13042E-02 7.77711E+00 
6.53546E+02 1.40476E-05 9.73211E-03 6.75590E+00 
6.61326E+02 1.19327E-05 8.34188E-03 5.84202E+00 
6.69106E+02 1.00892E-05 7.11570E-03 5.02645E+00 
6.76887E+02 8.48625E-06 6.03709E-03 4.30064E+00 
6.84667E+02 7.09600E-06 5.09077E-03 3.65649E+00 
6.92447E+02 5.89323E-06 4.26271E-03 3.08639E+00 
7.00227E+02 4.85525E-06 3.54003E-03 2.58322E+00 
7.08008E+02 3.96172E-06 2.91096E-03 2.14035E+00 
7.15788E+02 3.19445E-06 2.36482E-03 1.75160E+00 
7.23568E+02 2.53726E-06 1.89192E-03 1.41131E+00 
7.31349E+02 1.97575E-06 1.48351E-03 1.11424E+00 
7.39129E+02 1.49720E-06 1.13171E-03 8.55619E-01 
7.46909E+02 1.09036E-06 8.29459E-04 6.31074E-01 
7.54690E+02 7.45352E-07 5.70467E-04 4.36650E-01 
7.62470E+02 4.53512E-07 3.49115E-04 2.68759E-01 
7.70250E+02 2.07261E-07 1.60426E-04 1.24175E-01 
