100 2 
0.00000E+00 3.74050E-03 1.00585E+00 3.33574E+02 
7.76914E+00 3.73840E-03 1.00584E+00 3.33574E+02 
1.55383E+01 3.73211E-03 1.00577E+00 3.33573E+02 
2.33074E+01 3.72163E-03 1.00556E+00 3.33569E+02 
3.10766E+01 3.70700E-03 1.00516E+00 3.33558E+02 
3.88457E+01 3.68823E-03 1.00450E+00 3.33535E+02 
4.66149E+01 3.66536E-03 1.00352E+00 3.33493E+02 
5.43840E+01 3.63844E-03 1.00216E+00 3.33424E+02 
6.21532E+01 3.60753E-03 1.00036E+00 3.33318E+02 
6.99223E+01 3.57268E-03 9.98052E-01 3.33166E+02 
7.76914E+01 3.53397E-03 9.95192E-01 3.32954E+02 
8.54606E+01 3.49148E-03 9.91724E-01 3.32671E+02 
9.32297E+01 3.44531E-03 9.87596E-01 3.32302E+02 
1.00999E+02 3.39556E-03 9.82763E-01 3.31832E+02 
1.08768E+02 3.34234E-03 9.77179E-01 3.31246E+02 
1.16537E+02 3.28578E-03 9.70805E-01 3.30527E+02 
1.24306E+02 3.22601E-03 9.63606E-01 3.29660E+02 
1.32075E+02 3.16319E-03 9.55550E-01 3.28627E+02 
1.39845E+02 3.09746E-03 9.46612E-01 3.27411E+02 
1.47614E+02 3.02900E-03 9.36770E-01 3.25996E+02 
1.55383E+02 2.95798E-03 9.26009E-01 3.24365E+02 
1.63152E+02 2.88459E-03 9.14319E-01 3.22502E+02 
1.70921E+02 2.80903E-03 9.01697E-01 3.20393E+02 
1.78690E+02 2.73151E-03 8.88144E-01 3.18024E+02 
1.86459E+02 2.65223E-03 8.73668E-01 3.15380E+02 
1.94229E+02 2.57141E-03 8.58285E-01 3.12451E+02 
2.01998E+02 2.48929E-03 8.42015E-01 3.09227E+02 
2.09767E+02 2.40609E-03 8.24884E-01 3.05700E+02 
2.17536E+02 2.32204E-03 8.06927E-01 3.01863E+02 
2.25305E+02 2.23738E-03 7.88181E-01 2.97712E+02 
2.33074E+02 2.15235E-03 7.68692E-01 2.93245E+02 
2.40843E+02 2.06717E-03 7.48509E-01 2.88462E+02 
2.48613E+02 1.98209E-03 7.27687E-01 2.83365E+02 
2.56382E+02 1.89733E-03 7.06285E-01 2.77961E+02 
2.64151E+02 1.81311E-03 6.84366E-01 2.72256E+02 
2.71920E+02 1.72965E-03 6.61997E-01 2.66260E+02 
2.79689E+02 1.64717E-03 6.39249E-01 2.59986E+02 
2.87458E+02 1.56586E-03 6.16192E-01 2.53447E+02 
2.95227E+02 1.48591E-03 5.92901E-01 2.46662E+02 
3.02997E+02 1.40751E-03 5.69450E-01 2.39647E+02 
3.10766E+02 1.33081E-03 5.45916E-01 2.32425E+02 
3.18535E+02 1.25598E-03 5.22372E-01 2.25017E+02 
3.26304E+02 1.18316E-03 4.98893E-01 2.17447E+02 
3.34073E+02 1.11246E-03 4.75552E-01 2.09740E+02 
3.41842E+02 1.04401E-03 4.52419E-01 2.01922E+02 
3.49611E+02 9.77898E-04 4.29564E-01 1.94021E+02 
3.57381E+02 9.14203E-04 4.07049E-01 1.86062E+02 
3.65150E+02 8.52993E-04 3.84938E-01 1.78074E+02 
3.72919E+02 7.94319E-04 3.63287E-01 1.70085E+02 
3.80688E+02 7.38217E-04 3.42149E-01 1.62120E+02 
3.88457E+02 6.84709E-04 3.21573E-01 1.54207E+02 
3.96226E+02 6.33802E-04 3.01601E-01 1.46372E+02 
4.03995E+02 5.85491E-04 2.82274E-01 1.38639E+02 
4.11765E+02 5.39758E-04 2.63622E-01 1.31032E+02 
4.19534E+02 4.96575E-04 2.45674E-01 1.23573E+02 
4.27303E+02 4.55901E-04 2.28454E-01 1.16282E+02 
4.35072E+02 4.17685E-04 2.11977E-01 1.09178E+02 
4.42841E+02 3.81869E-04 1.96257E-01 1.02278E+02 
4.50610E+02 3.48386E-04 1.81301E-01 9.55969E+01 
4.58380E+02 3.17161E-04 1.67111E-01 8.91481E+01 
4.66149E+02 2.88116E-04 1.53686E-01 8.29427E+01 
4.73918E+02 2.61166E-04 1.41019E-01 7.69896E+01 
4.81687E+02 2.36221E-04 1.29102E-01 7.12958E+01 
4.89456E+02 2.13190E-04 1.17920E-01 6.58667E+01 
4.97225E+02 1.91979E-04 1.07457E-01 6.07054E+01 
5.04994E+02 1.72494E-04 9.76935E-02 5.58133E+01 
5.12763E+02 1.54637E-04 8.86079E-02 5.11902E+01 
5.20533E+02 1.38315E-04 8.01759E-02 4.68343E+01 
5.28302E+02 1.23432E-04 7.23718E-02 4.27421E+01 
5.36071E+02 1.09895E-04 6.51685E-02 3.89090E+01 
5.43840E+02 9.76129E-05 5.85376E-02 3.53289E+01 
5.51609E+02 8.64975E-05 5.24501E-02 3.19950E+01 
5.59378E+02 7.64629E-05 4.68767E-02 2.88993E+01 
5.67148E+02 6.74265E-05 4.17874E-02 2.60330E+01 
5.74917E+02 5.93093E-05 3.71528E-02 2.33868E+01 
5.82686E+02 5.20361E-05 3.29436E-02 2.09508E+01 
5.90455E+02 4.55351E-05 2.91308E-02 1.87145E+01 
5.98224E+02 3.97390E-05 2.56864E-02 1.66676E+01 
6.05993E+02 3.45842E-05 2.25830E-02 1.47993E+01 
6.13762E+02 3.00111E-05 1.97943E-02 1.30987E+01 
6.21532E+02 2.59642E-05 1.72951E-02 1.15553E+01 
6.29301E+02 2.23919E-05 1.50612E-02 1.01583E+01 
6.37070E+02 1.92464E-05 1.30698E-02 8.89750E+00 
6.44839E+02 1.64835E-05 1.12991E-02 7.76275E+00 
6.52608E+02 1.40628E-05 9.72902E-03 6.74429E+00 
6.60377E+02 1.19472E-05 8.34033E-03 5.83274E+00 
6.68146E+02 1.01029E-05 7.11535E-03 5.01913E+00 
6.75916E+02 8.49899E-06 6.03763E-03 4.29496E+00 
6.83685E+02 7.10768E-06 5.09195E-03 3.65217E+00 
6.91454E+02 5.90378E-06 4.26430E-03 3.08317E+00 
6.99223E+02 4.86465E-06 3.54186E-03 2.58089E+00 
7.06992E+02 3.96997E-06 2.91288E-03 2.13872E+00 
7.14761E+02 3.20158E-06 2.36673E-03 1.75052E+00 
7.22530E+02 2.54329E-06 1.89372E-03 1.41064E+00 
7.30300E+02 1.98074E-06 1.48513E-03 1.11387E+00 
7.38069E+02 1.50119E-06 1.13311E-03 8.55453E-01 
7.45838E+02 1.09342E-06 8.30602E-04 6.31040E-01 
7.53607E+02 7.47551E-07 5.71331E-04 4.36684E-01 
7.61376E+02 4.54914E-07 3.49692E-04 2.68818E-01 
7.69145E+02 2.07930E-07 1.60713E-04 1.24219E-01 
