100 2 
0.00000E+00 3.81819E-03 1.00583E+00 3.27865E+02 
7.68141E+00 3.81597E-03 1.00582E+00 3.27865E+02 
1.53628E+01 3.80928E-03 1.00574E+00 3.27864E+02 
2.30442E+01 3.79816E-03 1.00552E+00 3.27860E+02 
3.07257E+01 3.78263E-03 1.00510E+00 3.27849E+02 
3.84071E+01 3.76272E-03 1.00441E+00 3.27825E+02 
4.60885E+01 3.73849E-03 1.00338E+00 3.27781E+02 
5.37699E+01 3.70997E-03 1.00196E+00 3.27709E+02 
6.14513E+01 3.67725E-03 1.00007E+00 3.27600E+02 
6.91327E+01 3.64040E-03 9.97662E-01 3.27443E+02 
7.68141E+01 3.59950E-03 9.94675E-01 3.27224E+02 
8.44956E+01 3.55466E-03 9.91056E-01 3.26932E+02 
9.21770E+01 3.50600E-03 9.86755E-01 3.26552E+02 
9.98584E+01 3.45362E-03 9.81723E-01 3.26068E+02 
1.07540E+02 3.39767E-03 9.75919E-01 3.25466E+02 
1.15221E+02 3.33828E-03 9.69302E-01 3.24728E+02 
1.22903E+02 3.27562E-03 9.61840E-01 3.23839E+02 
1.30584E+02 3.20986E-03 9.53502E-01 3.22782E+02 
1.38265E+02 3.14116E-03 9.44266E-01 3.21540E+02 
1.45947E+02 3.06971E-03 9.34111E-01 3.20096E+02 
1.53628E+02 2.99572E-03 9.23026E-01 3.18435E+02 
1.61310E+02 2.91938E-03 9.11005E-01 3.16541E+02 
1.68991E+02 2.84092E-03 8.98045E-01 3.14401E+02 
1.76673E+02 2.76055E-03 8.84153E-01 3.11999E+02 
1.84354E+02 2.67850E-03 8.69341E-01 3.09325E+02 
1.92035E+02 2.59501E-03 8.53627E-01 3.06367E+02 
1.99717E+02 2.51030E-03 8.37035E-01 3.03116E+02 
2.07398E+02 2.42463E-03 8.19595E-01 2.99566E+02 
2.15080E+02 2.33823E-03 8.01344E-01 2.95710E+02 
2.22761E+02 2.25135E-03 7.82324E-01 2.91545E+02 
2.30442E+02 2.16423E-03 7.62582E-01 2.87071E+02 
2.38124E+02 2.07710E-03 7.42170E-01 2.82289E+02 
2.45805E+02 1.99021E-03 7.21145E-01 2.77201E+02 
2.53487E+02 1.90378E-03 6.99569E-01 2.71815E+02 
2.61168E+02 1.81804E-03 6.77507E-01 2.66137E+02 
2.68850E+02 1.73321E-03 6.55026E-01 2.60179E+02 
2.76531E+02 1.64949E-03 6.32197E-01 2.53954E+02 
2.84212E+02 1.56708E-03 6.09092E-01 2.47476E+02 
2.91894E+02 1.48617E-03 5.85786E-01 2.40762E+02 
2.99575E+02 1.40692E-03 5.62351E-01 2.33832E+02 
3.07257E+02 1.32951E-03 5.38864E-01 2.26705E+02 
3.14938E+02 1.25407E-03 5.15398E-01 2.19405E+02 
3.22619E+02 1.18075E-03 4.92026E-01 2.11955E+02 
3.30301E+02 1.10966E-03 4.68819E-01 2.04379E+02 
3.37982E+02 1.04090E-03 4.45845E-01 1.96702E+02 
3.45664E+02 9.74564E-04 4.23172E-01 1.88952E+02 
3.53345E+02 9.10722E-04 4.00860E-01 1.81154E+02 
3.61026E+02 8.49432E-04 3.78970E-01 1.73336E+02 
3.68708E+02 7.90737E-04 3.57555E-01 1.65523E+02 
3.76389E+02 7.34665E-04 3.36668E-01 1.57741E+02 
3.84071E+02 6.81231E-04 3.16352E-01 1.50017E+02 
3.91752E+02 6.30435E-04 2.96650E-01 1.42375E+02 
3.99434E+02 5.82266E-04 2.77596E-01 1.34837E+02 
4.07115E+02 5.36699E-04 2.59221E-01 1.27428E+02 
4.14796E+02 4.93699E-04 2.41552E-01 1.20167E+02 
4.22478E+02 4.53221E-04 2.24608E-01 1.13074E+02 
4.30159E+02 4.15211E-04 2.08405E-01 1.06167E+02 
4.37841E+02 3.79604E-04 1.92953E-01 9.94615E+01 
4.45522E+02 3.46330E-04 1.78259E-01 9.29716E+01 
4.53203E+02 3.15313E-04 1.64322E-01 8.67095E+01 
4.60885E+02 2.86470E-04 1.51140E-01 8.06855E+01 
4.68566E+02 2.59713E-04 1.38707E-01 7.49080E+01 
4.76248E+02 2.34953E-04 1.27012E-01 6.93833E+01 
4.83929E+02 2.12096E-04 1.16040E-01 6.41162E+01 
4.91611E+02 1.91047E-04 1.05774E-01 5.91094E+01 
4.99292E+02 1.71712E-04 9.61950E-02 5.43639E+01 
5.06973E+02 1.53992E-04 8.72808E-02 4.98793E+01 
5.14655E+02 1.37794E-04 7.90073E-02 4.56535E+01 
5.22336E+02 1.23022E-04 7.13490E-02 4.16831E+01 
5.30018E+02 1.09584E-04 6.42790E-02 3.79634E+01 
5.37699E+02 9.73884E-05 5.77692E-02 3.44884E+01 
5.45380E+02 8.63482E-05 5.17912E-02 3.12514E+01 
5.53062E+02 7.63780E-05 4.63160E-02 2.82447E+01 
5.60743E+02 6.73959E-05 4.13145E-02 2.54596E+01 
5.68425E+02 5.93239E-05 3.67577E-02 2.28872E+01 
5.76106E+02 5.20872E-05 3.26169E-02 2.05178E+01 
5.83787E+02 4.56154E-05 2.88641E-02 1.83416E+01 
5.91469E+02 3.98415E-05 2.54716E-02 1.63483E+01 
5.99150E+02 3.47030E-05 2.24130E-02 1.45277E+01 
6.06832E+02 3.01410E-05 1.96625E-02 1.28694E+01 
6.14513E+02 2.61007E-05 1.71955E-02 1.13630E+01 
6.22195E+02 2.25312E-05 1.49886E-02 9.99851E+00 
6.29876E+02 1.93853E-05 1.30194E-02 8.76586E+00 
6.37557E+02 1.66194E-05 1.12668E-02 7.65538E+00 
6.45239E+02 1.41937E-05 9.71115E-03 6.65768E+00 
6.52920E+02 1.20713E-05 8.33377E-03 5.76376E+00 
6.60602E+02 1.02190E-05 7.11739E-03 4.96498E+00 
6.68283E+02 8.60621E-06 6.04595E-03 4.25316E+00 
6.75964E+02 7.20549E-06 5.10461E-03 3.62055E+00 
6.83646E+02 5.99187E-06 4.27970E-03 3.05984E+00 
6.91327E+02 4.94292E-06 3.55866E-03 2.56420E+00 
6.99009E+02 4.03852E-06 2.93003E-03 2.12725E+00 
7.06690E+02 3.26063E-06 2.38337E-03 1.74308E+00 
7.14372E+02 2.59319E-06 1.90920E-03 1.40621E+00 
7.22053E+02 2.02192E-06 1.49896E-03 1.11161E+00 
7.29734E+02 1.53414E-06 1.14494E-03 8.54660E-01 
7.37416E+02 1.11867E-06 8.40206E-04 6.31144E-01 
7.45097E+02 7.65651E-07 5.78564E-04 4.37226E-01 
7.52779E+02 4.66426E-07 3.54495E-04 2.69434E-01 
7.60460E+02 2.13415E-07 1.63090E-04 1.24633E-01 
