100 2 
0.00000E+00 3.95873E-03 1.00578E+00 3.17954E+02 
7.52336E+00 3.95627E-03 1.00577E+00 3.17954E+02 
1.50467E+01 3.94889E-03 1.00569E+00 3.17953E+02 
2.25701E+01 3.93661E-03 1.00545E+00 3.17949E+02 
3.00934E+01 3.91947E-03 1.00500E+00 3.17936E+02 
3.76168E+01 3.89752E-03 1.00425E+00 3.17911E+02 
4.51402E+01 3.87082E-03 1.00314E+00 3.17865E+02 
5.26635E+01 3.83944E-03 1.00161E+00 3.17789E+02 
6.01869E+01 3.80348E-03 9.99573E-01 3.17674E+02 
6.77102E+01 3.76303E-03 9.96984E-01 3.17508E+02 
7.52336E+01 3.71822E-03 9.93779E-01 3.17279E+02 
8.27570E+01 3.66918E-03 9.89902E-01 3.16972E+02 
9.02803E+01 3.61604E-03 9.85302E-01 3.16574E+02 
9.78037E+01 3.55897E-03 9.79933E-01 3.16068E+02 
1.05327E+02 3.49813E-03 9.73751E-01 3.15440E+02 
1.12850E+02 3.43371E-03 9.66721E-01 3.14673E+02 
1.20374E+02 3.36588E-03 9.58810E-01 3.13750E+02 
1.27897E+02 3.29487E-03 9.49992E-01 3.12654E+02 
1.35420E+02 3.22087E-03 9.40248E-01 3.11371E+02 
1.42944E+02 3.14411E-03 9.29563E-01 3.09883E+02 
1.50467E+02 3.06483E-03 9.17930E-01 3.08176E+02 
1.57991E+02 2.98325E-03 9.05347E-01 3.06235E+02 
1.65514E+02 2.89962E-03 8.91819E-01 3.04046E+02 
1.73037E+02 2.81419E-03 8.77357E-01 3.01597E+02 
1.80561E+02 2.72722E-03 8.61980E-01 2.98878E+02 
1.88084E+02 2.63897E-03 8.45712E-01 2.95879E+02 
1.95607E+02 2.54968E-03 8.28582E-01 2.92592E+02 
2.03131E+02 2.45963E-03 8.10627E-01 2.89012E+02 
2.10654E+02 2.36906E-03 7.91889E-01 2.85135E+02 
2.18177E+02 2.27824E-03 7.72415E-01 2.80959E+02 
2.25701E+02 2.18741E-03 7.52257E-01 2.76484E+02 
2.33224E+02 2.09682E-03 7.31472E-01 2.71715E+02 
2.40748E+02 2.00672E-03 7.10120E-01 2.66654E+02 
2.48271E+02 1.91734E-03 6.88265E-01 2.61310E+02 
2.55794E+02 1.82890E-03 6.65975E-01 2.55692E+02 
2.63318E+02 1.74161E-03 6.43320E-01 2.49812E+02 
2.70841E+02 1.65568E-03 6.20371E-01 2.43682E+02 
2.78364E+02 1.57130E-03 5.97200E-01 2.37319E+02 
2.85888E+02 1.48864E-03 5.73883E-01 2.30741E+02 
2.93411E+02 1.40788E-03 5.50491E-01 2.23966E+02 
3.00934E+02 1.32916E-03 5.27099E-01 2.17014E+02 
3.08458E+02 1.25262E-03 5.03778E-01 2.09908E+02 
3.15981E+02 1.17837E-03 4.80599E-01 2.02671E+02 
3.23504E+02 1.10653E-03 4.57629E-01 1.95327E+02 
3.31028E+02 1.03718E-03 4.34935E-01 1.87900E+02 
3.38551E+02 9.70396E-04 4.12578E-01 1.80415E+02 
3.46075E+02 9.06235E-04 3.90616E-01 1.72898E+02 
3.53598E+02 8.44743E-04 3.69106E-01 1.65373E+02 
3.61121E+02 7.85948E-04 3.48096E-01 1.57866E+02 
3.68645E+02 7.29865E-04 3.27634E-01 1.50400E+02 
3.76168E+02 6.76496E-04 3.07761E-01 1.42999E+02 
3.83691E+02 6.25830E-04 2.88513E-01 1.35687E+02 
3.91215E+02 5.77843E-04 2.69922E-01 1.28484E+02 
3.98738E+02 5.32500E-04 2.52015E-01 1.21411E+02 
4.06261E+02 4.89758E-04 2.34812E-01 1.14488E+02 
4.13785E+02 4.49561E-04 2.18332E-01 1.07731E+02 
4.21308E+02 4.11846E-04 2.02586E-01 1.01157E+02 
4.28832E+02 3.76544E-04 1.87582E-01 9.47796E+01 
4.36355E+02 3.43578E-04 1.73322E-01 8.86114E+01 
4.43878E+02 3.12865E-04 1.59806E-01 8.26633E+01 
4.51402E+02 2.84318E-04 1.47029E-01 7.69442E+01 
4.58925E+02 2.57848E-04 1.34982E-01 7.14612E+01 
4.66448E+02 2.33359E-04 1.23653E-01 6.62198E+01 
4.73972E+02 2.10758E-04 1.13026E-01 6.12236E+01 
4.81495E+02 1.89947E-04 1.03085E-01 5.64749E+01 
4.89018E+02 1.70829E-04 9.38095E-02 5.19741E+01 
4.96542E+02 1.53308E-04 8.51765E-02 4.77203E+01 
5.04065E+02 1.37288E-04 7.71625E-02 4.37112E+01 
5.11589E+02 1.22675E-04 6.97422E-02 3.99434E+01 
5.19112E+02 1.09375E-04 6.28892E-02 3.64120E+01 
5.26635E+02 9.73003E-05 5.65763E-02 3.31115E+01 
5.34159E+02 8.63628E-05 5.07757E-02 3.00352E+01 
5.41682E+02 7.64784E-05 4.54593E-02 2.71757E+01 
5.49205E+02 6.75668E-05 4.05991E-02 2.45251E+01 
5.56729E+02 5.95510E-05 3.61672E-02 2.20746E+01 
5.64252E+02 5.23579E-05 3.21360E-02 1.98154E+01 
5.71775E+02 4.59180E-05 2.84785E-02 1.77381E+01 
5.79299E+02 4.01659E-05 2.51684E-02 1.58332E+01 
5.86822E+02 3.50403E-05 2.21802E-02 1.40911E+01 
5.94345E+02 3.04835E-05 1.94894E-02 1.25022E+01 
6.01869E+02 2.64419E-05 1.70724E-02 1.10567E+01 
6.09392E+02 2.28655E-05 1.49067E-02 9.74525E+00 
6.16916E+02 1.97084E-05 1.29711E-02 8.55858E+00 
6.24439E+02 1.69277E-05 1.12455E-02 7.48763E+00 
6.31962E+02 1.44844E-05 9.71078E-03 6.52364E+00 
6.39486E+02 1.23425E-05 8.34931E-03 5.65823E+00 
6.47009E+02 1.04693E-05 7.14451E-03 4.88334E+00 
6.54532E+02 8.83479E-06 6.08097E-03 4.19130E+00 
6.62056E+02 7.41196E-06 5.14446E-03 3.57488E+00 
6.69579E+02 6.17628E-06 4.32184E-03 3.02723E+00 
6.77102E+02 5.10565E-06 3.60103E-03 2.54194E+00 
6.84626E+02 4.18017E-06 2.97099E-03 2.11302E+00 
6.92149E+02 3.38205E-06 2.42165E-03 1.73491E+00 
6.99673E+02 2.69535E-06 1.94383E-03 1.40244E+00 
7.07196E+02 2.10592E-06 1.52926E-03 1.11085E+00 
7.14719E+02 1.60114E-06 1.17043E-03 8.55771E-01 
7.22243E+02 1.16987E-06 8.60621E-04 6.33206E-01 
7.29766E+02 8.02275E-07 5.93781E-04 4.39503E-01 
7.37289E+02 4.89680E-07 3.64515E-04 2.71353E-01 
7.44813E+02 2.24473E-07 1.68011E-04 1.25752E-01 
