100 2 
0.00000E+00 3.93387E-03 1.00579E+00 3.19671E+02 
7.55131E+00 3.93145E-03 1.00578E+00 3.19671E+02 
1.51026E+01 3.92419E-03 1.00570E+00 3.19670E+02 
2.26539E+01 3.91212E-03 1.00546E+00 3.19665E+02 
3.02052E+01 3.89526E-03 1.00502E+00 3.19653E+02 
3.77566E+01 3.87367E-03 1.00428E+00 3.19628E+02 
4.53079E+01 3.84740E-03 1.00318E+00 3.19582E+02 
5.28592E+01 3.81652E-03 1.00167E+00 3.19507E+02 
6.04105E+01 3.78113E-03 9.99659E-01 3.19393E+02 
6.79618E+01 3.74131E-03 9.97101E-01 3.19229E+02 
7.55131E+01 3.69719E-03 9.93933E-01 3.19001E+02 
8.30644E+01 3.64889E-03 9.90100E-01 3.18697E+02 
9.06157E+01 3.59653E-03 9.85552E-01 3.18301E+02 
9.81670E+01 3.54029E-03 9.80240E-01 3.17799E+02 
1.05718E+02 3.48031E-03 9.74123E-01 3.17175E+02 
1.13270E+02 3.41676E-03 9.67163E-01 3.16413E+02 
1.20821E+02 3.34985E-03 9.59329E-01 3.15495E+02 
1.28372E+02 3.27975E-03 9.50593E-01 3.14406E+02 
1.35924E+02 3.20668E-03 9.40936E-01 3.13129E+02 
1.43475E+02 3.13085E-03 9.30341E-01 3.11649E+02 
1.51026E+02 3.05250E-03 9.18801E-01 3.09949E+02 
1.58578E+02 2.97183E-03 9.06313E-01 3.08015E+02 
1.66129E+02 2.88911E-03 8.92882E-01 3.05834E+02 
1.73680E+02 2.80457E-03 8.78517E-01 3.03393E+02 
1.81231E+02 2.71846E-03 8.63236E-01 3.00680E+02 
1.88783E+02 2.63104E-03 8.47061E-01 2.97687E+02 
1.96334E+02 2.54256E-03 8.30022E-01 2.94406E+02 
2.03885E+02 2.45327E-03 8.12154E-01 2.90830E+02 
2.11437E+02 2.36343E-03 7.93498E-01 2.86955E+02 
2.18988E+02 2.27330E-03 7.74100E-01 2.82780E+02 
2.26539E+02 2.18312E-03 7.54012E-01 2.78305E+02 
2.34091E+02 2.09314E-03 7.33289E-01 2.73531E+02 
2.41642E+02 2.00360E-03 7.11991E-01 2.68465E+02 
2.49193E+02 1.91474E-03 6.90182E-01 2.63113E+02 
2.56745E+02 1.82677E-03 6.67930E-01 2.57483E+02 
2.64296E+02 1.73991E-03 6.45303E-01 2.51588E+02 
2.71847E+02 1.65437E-03 6.22373E-01 2.45441E+02 
2.79398E+02 1.57034E-03 5.99212E-01 2.39057E+02 
2.86950E+02 1.48799E-03 5.75895E-01 2.32454E+02 
2.94501E+02 1.40750E-03 5.52495E-01 2.25651E+02 
3.02052E+02 1.32901E-03 5.29085E-01 2.18669E+02 
3.09604E+02 1.25267E-03 5.05739E-01 2.11529E+02 
3.17155E+02 1.17859E-03 4.82525E-01 2.04254E+02 
3.24706E+02 1.10689E-03 4.59514E-01 1.96870E+02 
3.32258E+02 1.03764E-03 4.36771E-01 1.89399E+02 
3.39809E+02 9.70944E-04 4.14359E-01 1.81868E+02 
3.47360E+02 9.06845E-04 3.92338E-01 1.74302E+02 
3.54912E+02 8.45395E-04 3.70762E-01 1.66727E+02 
3.62463E+02 7.86624E-04 3.49684E-01 1.59166E+02 
3.70014E+02 7.30551E-04 3.29149E-01 1.51646E+02 
3.77566E+02 6.77178E-04 3.09200E-01 1.44190E+02 
3.85117E+02 6.26496E-04 2.89875E-01 1.36821E+02 
3.92668E+02 5.78484E-04 2.71205E-01 1.29561E+02 
4.00219E+02 5.33110E-04 2.53218E-01 1.22430E+02 
4.07771E+02 4.90329E-04 2.35937E-01 1.15449E+02 
4.15322E+02 4.50090E-04 2.19378E-01 1.08635E+02 
4.22873E+02 4.12331E-04 2.03555E-01 1.02004E+02 
4.30425E+02 3.76982E-04 1.88475E-01 9.55704E+01 
4.37976E+02 3.43969E-04 1.74142E-01 8.93475E+01 
4.45527E+02 3.13209E-04 1.60555E-01 8.33460E+01 
4.53079E+02 2.84617E-04 1.47710E-01 7.75751E+01 
4.60630E+02 2.58102E-04 1.35598E-01 7.20420E+01 
4.68181E+02 2.33572E-04 1.24207E-01 6.67525E+01 
4.75733E+02 2.10931E-04 1.13523E-01 6.17104E+01 
4.83284E+02 1.90083E-04 1.03527E-01 5.69179E+01 
4.90835E+02 1.70932E-04 9.42006E-02 5.23757E+01 
4.98387E+02 1.53381E-04 8.55206E-02 4.80829E+01 
5.05938E+02 1.37334E-04 7.74632E-02 4.40372E+01 
5.13489E+02 1.22697E-04 7.00033E-02 4.02351E+01 
5.21040E+02 1.09377E-04 6.31141E-02 3.66719E+01 
5.28592E+02 9.72841E-05 5.67685E-02 3.33420E+01 
5.36143E+02 8.63316E-05 5.09384E-02 3.02385E+01 
5.43694E+02 7.64350E-05 4.55957E-02 2.73542E+01 
5.51246E+02 6.75138E-05 4.07122E-02 2.46809E+01 
5.58797E+02 5.94905E-05 3.62597E-02 2.22099E+01 
5.66348E+02 5.22919E-05 3.22104E-02 1.99322E+01 
5.73900E+02 4.58485E-05 2.85373E-02 1.78383E+01 
5.81451E+02 4.00944E-05 2.52137E-02 1.59185E+01 
5.89002E+02 3.49681E-05 2.22141E-02 1.41633E+01 
5.96554E+02 3.04119E-05 1.95136E-02 1.25626E+01 
6.04105E+02 2.63718E-05 1.70885E-02 1.11070E+01 
6.11656E+02 2.27979E-05 1.49163E-02 9.78667E+00 
6.19207E+02 1.96438E-05 1.29754E-02 8.59233E+00 
6.26759E+02 1.68667E-05 1.12455E-02 7.51478E+00 
6.34310E+02 1.44273E-05 9.70764E-03 6.54519E+00 
6.41861E+02 1.22897E-05 8.34380E-03 5.67505E+00 
6.49413E+02 1.04208E-05 7.13734E-03 4.89621E+00 
6.56964E+02 8.79073E-06 6.07274E-03 4.20091E+00 
6.64515E+02 7.37234E-06 5.13569E-03 3.58184E+00 
6.72067E+02 6.14103E-06 4.31292E-03 3.03206E+00 
6.79618E+02 5.07464E-06 3.59230E-03 2.54509E+00 
6.87169E+02 4.15325E-06 2.96272E-03 2.11489E+00 
6.94721E+02 3.35903E-06 2.41403E-03 1.73583E+00 
7.02272E+02 2.67602E-06 1.93702E-03 1.40268E+00 
7.09823E+02 2.09005E-06 1.52335E-03 1.11065E+00 
7.17375E+02 1.58850E-06 1.16550E-03 8.55317E-01 
7.24926E+02 1.16023E-06 8.56691E-04 6.32650E-01 
7.32477E+02 7.95384E-07 5.90865E-04 4.38968E-01 
7.40028E+02 4.85308E-07 3.62603E-04 2.70931E-01 
7.47580E+02 2.22396E-07 1.67075E-04 1.25516E-01 
