100 2 
0.00000E+00 3.83612E-03 1.00582E+00 3.26573E+02 
7.66123E+00 3.83386E-03 1.00581E+00 3.26572E+02 
1.53225E+01 3.82709E-03 1.00573E+00 3.26571E+02 
2.29837E+01 3.81582E-03 1.00551E+00 3.26567E+02 
3.06449E+01 3.80008E-03 1.00509E+00 3.26556E+02 
3.83062E+01 3.77991E-03 1.00439E+00 3.26531E+02 
4.59674E+01 3.75536E-03 1.00335E+00 3.26487E+02 
5.36286E+01 3.72647E-03 1.00191E+00 3.26415E+02 
6.12898E+01 3.69334E-03 1.00001E+00 3.26305E+02 
6.89511E+01 3.65602E-03 9.97573E-01 3.26147E+02 
7.66123E+01 3.61462E-03 9.94558E-01 3.25927E+02 
8.42735E+01 3.56925E-03 9.90905E-01 3.25633E+02 
9.19348E+01 3.52001E-03 9.86564E-01 3.25250E+02 
9.95960E+01 3.46703E-03 9.81488E-01 3.24763E+02 
1.07257E+02 3.41044E-03 9.75634E-01 3.24157E+02 
1.14918E+02 3.35041E-03 9.68963E-01 3.23416E+02 
1.22580E+02 3.28709E-03 9.61441E-01 3.22522E+02 
1.30241E+02 3.22065E-03 9.53040E-01 3.21459E+02 
1.37902E+02 3.15126E-03 9.43736E-01 3.20211E+02 
1.45563E+02 3.07914E-03 9.33512E-01 3.18762E+02 
1.53225E+02 3.00446E-03 9.22354E-01 3.17094E+02 
1.60886E+02 2.92745E-03 9.10258E-01 3.15194E+02 
1.68547E+02 2.84832E-03 8.97223E-01 3.13046E+02 
1.76208E+02 2.76730E-03 8.83255E-01 3.10638E+02 
1.83870E+02 2.68462E-03 8.68368E-01 3.07957E+02 
1.91531E+02 2.60051E-03 8.52580E-01 3.04993E+02 
1.99192E+02 2.51521E-03 8.35916E-01 3.01737E+02 
2.06853E+02 2.42898E-03 8.18407E-01 2.98182E+02 
2.14514E+02 2.34204E-03 8.00091E-01 2.94322E+02 
2.22176E+02 2.25465E-03 7.81010E-01 2.90155E+02 
2.29837E+02 2.16705E-03 7.61211E-01 2.85680E+02 
2.37498E+02 2.07948E-03 7.40749E-01 2.80899E+02 
2.45159E+02 1.99218E-03 7.19680E-01 2.75814E+02 
2.52821E+02 1.90537E-03 6.98066E-01 2.70432E+02 
2.60482E+02 1.81928E-03 6.75973E-01 2.64761E+02 
2.68143E+02 1.73413E-03 6.53467E-01 2.58812E+02 
2.75804E+02 1.65013E-03 6.30621E-01 2.52599E+02 
2.83466E+02 1.56747E-03 6.07507E-01 2.46135E+02 
2.91127E+02 1.48633E-03 5.84197E-01 2.39438E+02 
2.98788E+02 1.40689E-03 5.60768E-01 2.32527E+02 
3.06449E+02 1.32931E-03 5.37292E-01 2.25423E+02 
3.14110E+02 1.25374E-03 5.13845E-01 2.18148E+02 
3.21772E+02 1.18030E-03 4.90497E-01 2.10725E+02 
3.29433E+02 1.10912E-03 4.67321E-01 2.03179E+02 
3.37094E+02 1.04028E-03 4.44383E-01 1.95535E+02 
3.44755E+02 9.73894E-04 4.21751E-01 1.87819E+02 
3.52417E+02 9.10015E-04 3.99485E-01 1.80058E+02 
3.60078E+02 8.48704E-04 3.77645E-01 1.72277E+02 
3.67739E+02 7.90000E-04 3.56284E-01 1.64504E+02 
3.75400E+02 7.33932E-04 3.35452E-01 1.56764E+02 
3.83062E+02 6.80512E-04 3.15195E-01 1.49083E+02 
3.90723E+02 6.29738E-04 2.95553E-01 1.41483E+02 
3.98384E+02 5.81598E-04 2.76561E-01 1.33990E+02 
4.06045E+02 5.36065E-04 2.58248E-01 1.26625E+02 
4.13706E+02 4.93104E-04 2.40641E-01 1.19409E+02 
4.21368E+02 4.52667E-04 2.23759E-01 1.12361E+02 
4.29029E+02 4.14700E-04 2.07617E-01 1.05498E+02 
4.36690E+02 3.79138E-04 1.92225E-01 9.88355E+01 
4.44351E+02 3.45908E-04 1.77588E-01 9.23882E+01 
4.52013E+02 3.14935E-04 1.63708E-01 8.61678E+01 
4.59674E+02 2.86135E-04 1.50581E-01 8.01843E+01 
4.67335E+02 2.59419E-04 1.38200E-01 7.44460E+01 
4.74996E+02 2.34698E-04 1.26553E-01 6.89590E+01 
4.82658E+02 2.11878E-04 1.15627E-01 6.37280E+01 
4.90319E+02 1.90864E-04 1.05405E-01 5.87556E+01 
4.97980E+02 1.71560E-04 9.58674E-02 5.40428E+01 
5.05641E+02 1.53869E-04 8.69911E-02 4.95890E+01 
5.13302E+02 1.37697E-04 7.87527E-02 4.53922E+01 
5.20964E+02 1.22949E-04 7.11266E-02 4.14488E+01 
5.28625E+02 1.09531E-04 6.40859E-02 3.77543E+01 
5.36286E+02 9.73537E-05 5.76028E-02 3.43027E+01 
5.43947E+02 8.63290E-05 5.16490E-02 3.10872E+01 
5.51609E+02 7.63720E-05 4.61954E-02 2.81002E+01 
5.59270E+02 6.74010E-05 4.12131E-02 2.53331E+01 
5.66931E+02 5.93379E-05 3.66734E-02 2.27771E+01 
5.74592E+02 5.21085E-05 3.25476E-02 2.04225E+01 
5.82254E+02 4.56423E-05 2.88078E-02 1.82596E+01 
5.89915E+02 3.98726E-05 2.54267E-02 1.62782E+01 
5.97576E+02 3.47369E-05 2.23778E-02 1.44681E+01 
6.05237E+02 3.01767E-05 1.96357E-02 1.28191E+01 
6.12898E+02 2.61372E-05 1.71756E-02 1.13210E+01 
6.20560E+02 2.25677E-05 1.49745E-02 9.96365E+00 
6.28221E+02 1.94211E-05 1.30101E-02 8.73721E+00 
6.35882E+02 1.66541E-05 1.12614E-02 7.63208E+00 
6.43543E+02 1.42267E-05 9.70875E-03 6.63896E+00 
6.51205E+02 1.21024E-05 8.33372E-03 5.74890E+00 
6.58866E+02 1.02479E-05 7.11911E-03 4.95339E+00 
6.66527E+02 8.63275E-06 6.04893E-03 4.24427E+00 
6.74188E+02 7.22958E-06 5.10843E-03 3.61388E+00 
6.81850E+02 6.01349E-06 4.28401E-03 3.05498E+00 
6.89511E+02 4.96207E-06 3.56317E-03 2.56078E+00 
6.97172E+02 4.05525E-06 2.93452E-03 2.12496E+00 
7.04833E+02 3.27501E-06 2.38764E-03 1.74165E+00 
7.12495E+02 2.60532E-06 1.91312E-03 1.40542E+00 
7.20156E+02 2.03191E-06 1.50243E-03 1.11127E+00 
7.27817E+02 1.54212E-06 1.14788E-03 8.54613E-01 
7.35478E+02 1.12478E-06 8.42578E-04 6.31266E-01 
7.43139E+02 7.70027E-07 5.80344E-04 4.37420E-01 
7.50801E+02 4.69206E-07 3.55672E-04 2.69619E-01 
7.58462E+02 2.14739E-07 1.63670E-04 1.24748E-01 
