100 2 
0.00000E+00 3.98367E-03 1.00577E+00 3.16248E+02 
7.49531E+00 3.98117E-03 1.00576E+00 3.16247E+02 
1.49906E+01 3.97366E-03 1.00567E+00 3.16246E+02 
2.24859E+01 3.96118E-03 1.00544E+00 3.16242E+02 
2.99812E+01 3.94376E-03 1.00498E+00 3.16230E+02 
3.74765E+01 3.92145E-03 1.00422E+00 3.16204E+02 
4.49718E+01 3.89432E-03 1.00310E+00 3.16157E+02 
5.24672E+01 3.86244E-03 1.00154E+00 3.16081E+02 
5.99625E+01 3.82590E-03 9.99488E-01 3.15965E+02 
6.74578E+01 3.78483E-03 9.96868E-01 3.15798E+02 
7.49531E+01 3.73933E-03 9.93626E-01 3.15567E+02 
8.24484E+01 3.68955E-03 9.89705E-01 3.15258E+02 
8.99437E+01 3.63563E-03 9.85055E-01 3.14857E+02 
9.74390E+01 3.57774E-03 9.79629E-01 3.14348E+02 
1.04934E+02 3.51604E-03 9.73384E-01 3.13715E+02 
1.12430E+02 3.45073E-03 9.66284E-01 3.12943E+02 
1.19925E+02 3.38201E-03 9.58297E-01 3.12015E+02 
1.27420E+02 3.31007E-03 9.49399E-01 3.10914E+02 
1.34916E+02 3.23515E-03 9.39569E-01 3.09624E+02 
1.42411E+02 3.15746E-03 9.28795E-01 3.08129E+02 
1.49906E+02 3.07725E-03 9.17070E-01 3.06415E+02 
1.57401E+02 2.99475E-03 9.04393E-01 3.04466E+02 
1.64897E+02 2.91022E-03 8.90770E-01 3.02270E+02 
1.72392E+02 2.82392E-03 8.76213E-01 2.99815E+02 
1.79887E+02 2.73609E-03 8.60742E-01 2.97089E+02 
1.87383E+02 2.64700E-03 8.44382E-01 2.94084E+02 
1.94878E+02 2.55691E-03 8.27163E-01 2.90793E+02 
2.02373E+02 2.46609E-03 8.09123E-01 2.87209E+02 
2.09869E+02 2.37479E-03 7.90305E-01 2.83330E+02 
2.17364E+02 2.28328E-03 7.70756E-01 2.79153E+02 
2.24859E+02 2.19180E-03 7.50530E-01 2.74681E+02 
2.32355E+02 2.10061E-03 7.29683E-01 2.69915E+02 
2.39850E+02 2.00995E-03 7.08278E-01 2.64861E+02 
2.47345E+02 1.92005E-03 6.86378E-01 2.59526E+02 
2.54840E+02 1.83113E-03 6.64052E-01 2.53919E+02 
2.62336E+02 1.74341E-03 6.41370E-01 2.48054E+02 
2.69831E+02 1.65709E-03 6.18402E-01 2.41942E+02 
2.77326E+02 1.57236E-03 5.95223E-01 2.35601E+02 
2.84822E+02 1.48940E-03 5.71906E-01 2.29047E+02 
2.92317E+02 1.40836E-03 5.48523E-01 2.22299E+02 
2.99812E+02 1.32941E-03 5.25149E-01 2.15379E+02 
3.07308E+02 1.25267E-03 5.01854E-01 2.08308E+02 
3.14803E+02 1.17825E-03 4.78709E-01 2.01109E+02 
3.22298E+02 1.10627E-03 4.55780E-01 1.93805E+02 
3.29794E+02 1.03681E-03 4.33134E-01 1.86421E+02 
3.37289E+02 9.69934E-04 4.10831E-01 1.78982E+02 
3.44784E+02 9.05708E-04 3.88929E-01 1.71513E+02 
3.52279E+02 8.44170E-04 3.67483E-01 1.64039E+02 
3.59775E+02 7.85348E-04 3.46542E-01 1.56584E+02 
3.67270E+02 7.29253E-04 3.26152E-01 1.49172E+02 
3.74765E+02 6.75885E-04 3.06353E-01 1.41827E+02 
3.82261E+02 6.25230E-04 2.87181E-01 1.34570E+02 
3.89756E+02 5.77264E-04 2.68668E-01 1.27424E+02 
3.97251E+02 5.31950E-04 2.50838E-01 1.20409E+02 
4.04747E+02 4.89242E-04 2.33714E-01 1.13542E+02 
4.12242E+02 4.49083E-04 2.17311E-01 1.06842E+02 
4.19737E+02 4.11410E-04 2.01641E-01 1.00324E+02 
4.27233E+02 3.76152E-04 1.86711E-01 9.40020E+01 
4.34728E+02 3.43229E-04 1.72523E-01 8.78879E+01 
4.42223E+02 3.12560E-04 1.59077E-01 8.19925E+01 
4.49718E+02 2.84057E-04 1.46367E-01 7.63245E+01 
4.57214E+02 2.57627E-04 1.34383E-01 7.08908E+01 
4.64709E+02 2.33178E-04 1.23114E-01 6.56967E+01 
4.72204E+02 2.10614E-04 1.12545E-01 6.07459E+01 
4.79700E+02 1.89837E-04 1.02657E-01 5.60402E+01 
4.87195E+02 1.70750E-04 9.34307E-02 5.15802E+01 
4.94690E+02 1.53257E-04 8.48437E-02 4.73648E+01 
5.02186E+02 1.37262E-04 7.68720E-02 4.33918E+01 
5.09681E+02 1.22671E-04 6.94905E-02 3.96576E+01 
5.17176E+02 1.09390E-04 6.26728E-02 3.61576E+01 
5.24672E+02 9.73315E-05 5.63918E-02 3.28860E+01 
5.32167E+02 8.64072E-05 5.06199E-02 2.98363E+01 
5.39662E+02 7.65337E-05 4.53292E-02 2.70012E+01 
5.47157E+02 6.76307E-05 4.04918E-02 2.43728E+01 
5.54653E+02 5.96212E-05 3.60799E-02 2.19425E+01 
5.62148E+02 5.24325E-05 3.20662E-02 1.97015E+01 
5.69643E+02 4.59952E-05 2.84238E-02 1.76405E+01 
5.77139E+02 4.02443E-05 2.51267E-02 1.57502E+01 
5.84634E+02 3.51185E-05 2.21496E-02 1.40210E+01 
5.92129E+02 3.05605E-05 1.94680E-02 1.24434E+01 
5.99625E+02 2.65166E-05 1.70587E-02 1.10079E+01 
6.07120E+02 2.29374E-05 1.48994E-02 9.70519E+00 
6.14615E+02 1.97766E-05 1.29688E-02 8.52602E+00 
6.22111E+02 1.69920E-05 1.12471E-02 7.46150E+00 
6.29606E+02 1.45443E-05 9.71541E-03 6.50300E+00 
6.37101E+02 1.23979E-05 8.35612E-03 5.64218E+00 
6.44596E+02 1.05199E-05 7.15280E-03 4.87113E+00 
6.52092E+02 8.88070E-06 6.09017E-03 4.18227E+00 
6.59587E+02 7.45319E-06 5.15408E-03 3.56841E+00 
6.67082E+02 6.21292E-06 4.33147E-03 3.02282E+00 
6.74578E+02 5.13783E-06 3.61037E-03 2.53914E+00 
6.82073E+02 4.20808E-06 2.97978E-03 2.11145E+00 
6.89568E+02 3.40588E-06 2.42969E-03 1.73423E+00 
6.97064E+02 2.71535E-06 1.95100E-03 1.40239E+00 
7.04559E+02 2.12231E-06 1.53545E-03 1.11120E+00 
7.12054E+02 1.61419E-06 1.17559E-03 8.56347E-01 
7.19550E+02 1.17983E-06 8.64718E-04 6.33852E-01 
7.27045E+02 8.09389E-07 5.96815E-04 4.40104E-01 
7.34540E+02 4.94189E-07 3.66501E-04 2.71814E-01 
7.42035E+02 2.26617E-07 1.68983E-04 1.26008E-01 
