100 2 
0.00000E+00 3.93753E-03 1.00579E+00 3.19417E+02 
7.54720E+00 3.93510E-03 1.00578E+00 3.19417E+02 
1.50944E+01 3.92782E-03 1.00569E+00 3.19416E+02 
2.26416E+01 3.91572E-03 1.00546E+00 3.19412E+02 
3.01888E+01 3.89882E-03 1.00501E+00 3.19400E+02 
3.77360E+01 3.87718E-03 1.00427E+00 3.19374E+02 
4.52832E+01 3.85084E-03 1.00318E+00 3.19329E+02 
5.28304E+01 3.81989E-03 1.00166E+00 3.19254E+02 
6.03776E+01 3.78442E-03 9.99647E-01 3.19139E+02 
6.79248E+01 3.74451E-03 9.97084E-01 3.18975E+02 
7.54720E+01 3.70028E-03 9.93910E-01 3.18747E+02 
8.30192E+01 3.65187E-03 9.90071E-01 3.18442E+02 
9.05664E+01 3.59940E-03 9.85515E-01 3.18046E+02 
9.81136E+01 3.54303E-03 9.80195E-01 3.17544E+02 
1.05661E+02 3.48293E-03 9.74068E-01 3.16919E+02 
1.13208E+02 3.41925E-03 9.67098E-01 3.16156E+02 
1.20755E+02 3.35220E-03 9.59252E-01 3.15237E+02 
1.28302E+02 3.28197E-03 9.50504E-01 3.14147E+02 
1.35850E+02 3.20877E-03 9.40834E-01 3.12870E+02 
1.43397E+02 3.13280E-03 9.30226E-01 3.11388E+02 
1.50944E+02 3.05431E-03 9.18672E-01 3.09687E+02 
1.58491E+02 2.97351E-03 9.06170E-01 3.07752E+02 
1.66038E+02 2.89065E-03 8.92724E-01 3.05570E+02 
1.73586E+02 2.80598E-03 8.78345E-01 3.03127E+02 
1.81133E+02 2.71975E-03 8.63050E-01 3.00414E+02 
1.88680E+02 2.63220E-03 8.46861E-01 2.97420E+02 
1.96227E+02 2.54360E-03 8.29809E-01 2.94138E+02 
2.03774E+02 2.45420E-03 8.11928E-01 2.90561E+02 
2.11322E+02 2.36425E-03 7.93260E-01 2.86686E+02 
2.18869E+02 2.27402E-03 7.73851E-01 2.82511E+02 
2.26416E+02 2.18374E-03 7.53752E-01 2.78036E+02 
2.33963E+02 2.09368E-03 7.33019E-01 2.73263E+02 
2.41510E+02 2.00406E-03 7.11713E-01 2.68197E+02 
2.49058E+02 1.91511E-03 6.89898E-01 2.62846E+02 
2.56605E+02 1.82708E-03 6.67640E-01 2.57218E+02 
2.64152E+02 1.74016E-03 6.45009E-01 2.51325E+02 
2.71699E+02 1.65456E-03 6.22076E-01 2.45181E+02 
2.79246E+02 1.57047E-03 5.98914E-01 2.38800E+02 
2.86794E+02 1.48808E-03 5.75596E-01 2.32201E+02 
2.94341E+02 1.40755E-03 5.52198E-01 2.25402E+02 
3.01888E+02 1.32903E-03 5.28791E-01 2.18424E+02 
3.09435E+02 1.25266E-03 5.05448E-01 2.11289E+02 
3.16982E+02 1.17855E-03 4.82239E-01 2.04020E+02 
3.24530E+02 1.10683E-03 4.59234E-01 1.96641E+02 
3.32077E+02 1.03757E-03 4.36499E-01 1.89177E+02 
3.39624E+02 9.70858E-04 4.14095E-01 1.81653E+02 
3.47171E+02 9.06750E-04 3.92082E-01 1.74094E+02 
3.54718E+02 8.45294E-04 3.70516E-01 1.66526E+02 
3.62266E+02 7.86520E-04 3.49448E-01 1.58973E+02 
3.69813E+02 7.30445E-04 3.28924E-01 1.51461E+02 
3.77360E+02 6.77073E-04 3.08986E-01 1.44013E+02 
3.84907E+02 6.26394E-04 2.89673E-01 1.36653E+02 
3.92454E+02 5.78386E-04 2.71014E-01 1.29401E+02 
4.00002E+02 5.33016E-04 2.53039E-01 1.22279E+02 
4.07549E+02 4.90242E-04 2.35770E-01 1.15307E+02 
4.15096E+02 4.50009E-04 2.19223E-01 1.08501E+02 
4.22643E+02 4.12256E-04 2.03411E-01 1.01878E+02 
4.30190E+02 3.76915E-04 1.88342E-01 9.54531E+01 
4.37738E+02 3.43909E-04 1.74020E-01 8.92383E+01 
4.45285E+02 3.13156E-04 1.60444E-01 8.32447E+01 
4.52832E+02 2.84571E-04 1.47609E-01 7.74814E+01 
4.60379E+02 2.58062E-04 1.35506E-01 7.19558E+01 
4.67926E+02 2.33538E-04 1.24124E-01 6.66734E+01 
4.75474E+02 2.10904E-04 1.13449E-01 6.16382E+01 
4.83021E+02 1.90062E-04 1.03461E-01 5.68522E+01 
4.90568E+02 1.70916E-04 9.41422E-02 5.23161E+01 
4.98115E+02 1.53369E-04 8.54692E-02 4.80290E+01 
5.05662E+02 1.37326E-04 7.74183E-02 4.39888E+01 
5.13210E+02 1.22692E-04 6.99642E-02 4.01917E+01 
5.20757E+02 1.09375E-04 6.30804E-02 3.66333E+01 
5.28304E+02 9.72856E-05 5.67397E-02 3.33077E+01 
5.35851E+02 8.63354E-05 5.09140E-02 3.02083E+01 
5.43398E+02 7.64407E-05 4.55752E-02 2.73277E+01 
5.50946E+02 6.75209E-05 4.06952E-02 2.46577E+01 
5.58493E+02 5.94989E-05 3.62457E-02 2.21898E+01 
5.66040E+02 5.23012E-05 3.21992E-02 1.99148E+01 
5.73587E+02 4.58582E-05 2.85284E-02 1.78233E+01 
5.81134E+02 4.01045E-05 2.52068E-02 1.59058E+01 
5.88682E+02 3.49784E-05 2.22089E-02 1.41525E+01 
5.96229E+02 3.04221E-05 1.95098E-02 1.25536E+01 
6.03776E+02 2.63819E-05 1.70860E-02 1.10995E+01 
6.11323E+02 2.28076E-05 1.49148E-02 9.78049E+00 
6.18870E+02 1.96531E-05 1.29746E-02 8.58728E+00 
6.26418E+02 1.68755E-05 1.12454E-02 7.51072E+00 
6.33965E+02 1.44356E-05 9.70802E-03 6.54197E+00 
6.41512E+02 1.22973E-05 8.34453E-03 5.67252E+00 
6.49059E+02 1.04278E-05 7.13832E-03 4.89427E+00 
6.56606E+02 8.79711E-06 6.07390E-03 4.19946E+00 
6.64154E+02 7.37807E-06 5.13692E-03 3.58078E+00 
6.71701E+02 6.14614E-06 4.31419E-03 3.03132E+00 
6.79248E+02 5.07914E-06 3.59355E-03 2.54461E+00 
6.86795E+02 4.15716E-06 2.96391E-03 2.11460E+00 
6.94342E+02 3.36237E-06 2.41512E-03 1.73568E+00 
7.01890E+02 2.67883E-06 1.93800E-03 1.40263E+00 
7.09437E+02 2.09236E-06 1.52421E-03 1.11067E+00 
7.16984E+02 1.59034E-06 1.16621E-03 8.55376E-01 
7.24531E+02 1.16163E-06 8.57260E-04 6.32727E-01 
7.32078E+02 7.96388E-07 5.91289E-04 4.39044E-01 
7.39626E+02 4.85943E-07 3.62879E-04 2.70990E-01 
7.47173E+02 2.22698E-07 1.67211E-04 1.25550E-01 
