100 2 
0.00000E+00 3.73322E-03 1.00586E+00 3.34118E+02 
7.77738E+00 3.73114E-03 1.00584E+00 3.34117E+02 
1.55548E+01 3.72488E-03 1.00577E+00 3.34117E+02 
2.33321E+01 3.71447E-03 1.00556E+00 3.34112E+02 
3.11095E+01 3.69992E-03 1.00517E+00 3.34101E+02 
3.88869E+01 3.68125E-03 1.00451E+00 3.34078E+02 
4.66643E+01 3.65852E-03 1.00353E+00 3.34036E+02 
5.44417E+01 3.63175E-03 1.00218E+00 3.33968E+02 
6.22190E+01 3.60100E-03 1.00038E+00 3.33862E+02 
6.99964E+01 3.56634E-03 9.98089E-01 3.33710E+02 
7.77738E+01 3.52784E-03 9.95241E-01 3.33500E+02 
8.55512E+01 3.48557E-03 9.91787E-01 3.33217E+02 
9.33286E+01 3.43963E-03 9.87676E-01 3.32849E+02 
1.01106E+02 3.39013E-03 9.82861E-01 3.32381E+02 
1.08883E+02 3.33717E-03 9.77298E-01 3.31796E+02 
1.16661E+02 3.28087E-03 9.70948E-01 3.31079E+02 
1.24438E+02 3.22138E-03 9.63774E-01 3.30214E+02 
1.32215E+02 3.15883E-03 9.55745E-01 3.29183E+02 
1.39993E+02 3.09338E-03 9.46835E-01 3.27970E+02 
1.47770E+02 3.02520E-03 9.37023E-01 3.26557E+02 
1.55548E+02 2.95446E-03 9.26294E-01 3.24930E+02 
1.63325E+02 2.88135E-03 9.14636E-01 3.23070E+02 
1.71102E+02 2.80606E-03 9.02046E-01 3.20964E+02 
1.78880E+02 2.72880E-03 8.88525E-01 3.18598E+02 
1.86657E+02 2.64979E-03 8.74082E-01 3.15958E+02 
1.94434E+02 2.56922E-03 8.58730E-01 3.13032E+02 
2.02212E+02 2.48735E-03 8.42491E-01 3.09811E+02 
2.09989E+02 2.40438E-03 8.25391E-01 3.06286E+02 
2.17767E+02 2.32055E-03 8.07462E-01 3.02450E+02 
2.25544E+02 2.23610E-03 7.88743E-01 2.98301E+02 
2.33321E+02 2.15126E-03 7.69278E-01 2.93835E+02 
2.41099E+02 2.06627E-03 7.49117E-01 2.89052E+02 
2.48876E+02 1.98136E-03 7.28315E-01 2.83955E+02 
2.56654E+02 1.89675E-03 7.06929E-01 2.78549E+02 
2.64431E+02 1.81268E-03 6.85025E-01 2.72842E+02 
2.72208E+02 1.72935E-03 6.62667E-01 2.66843E+02 
2.79986E+02 1.64699E-03 6.39927E-01 2.60564E+02 
2.87763E+02 1.56578E-03 6.16875E-01 2.54020E+02 
2.95540E+02 1.48592E-03 5.93586E-01 2.47227E+02 
3.03318E+02 1.40760E-03 5.70134E-01 2.40205E+02 
3.11095E+02 1.33097E-03 5.46595E-01 2.32974E+02 
3.18873E+02 1.25620E-03 5.23044E-01 2.25556E+02 
3.26650E+02 1.18342E-03 4.99555E-01 2.17974E+02 
3.34427E+02 1.11276E-03 4.76202E-01 2.10255E+02 
3.42205E+02 1.04434E-03 4.53054E-01 2.02424E+02 
3.49982E+02 9.78244E-04 4.30181E-01 1.94508E+02 
3.57759E+02 9.14563E-04 4.07648E-01 1.86534E+02 
3.65537E+02 8.53359E-04 3.85515E-01 1.78531E+02 
3.73314E+02 7.94686E-04 3.63841E-01 1.70524E+02 
3.81092E+02 7.38580E-04 3.42680E-01 1.62542E+02 
3.88869E+02 6.85063E-04 3.22078E-01 1.54611E+02 
3.96646E+02 6.34145E-04 3.02081E-01 1.46758E+02 
4.04424E+02 5.85819E-04 2.82727E-01 1.39006E+02 
4.12201E+02 5.40070E-04 2.64049E-01 1.31380E+02 
4.19979E+02 4.96868E-04 2.46075E-01 1.23902E+02 
4.27756E+02 4.56174E-04 2.28827E-01 1.16592E+02 
4.35533E+02 4.17937E-04 2.12324E-01 1.09469E+02 
4.43311E+02 3.82100E-04 1.96578E-01 1.02550E+02 
4.51088E+02 3.48596E-04 1.81597E-01 9.58507E+01 
4.58865E+02 3.17351E-04 1.67382E-01 8.93841E+01 
4.66643E+02 2.88286E-04 1.53934E-01 8.31611E+01 
4.74420E+02 2.61316E-04 1.41245E-01 7.71911E+01 
4.82198E+02 2.36353E-04 1.29306E-01 7.14810E+01 
4.89975E+02 2.13304E-04 1.18104E-01 6.60363E+01 
4.97752E+02 1.92077E-04 1.07622E-01 6.08601E+01 
5.05530E+02 1.72577E-04 9.78403E-02 5.59538E+01 
5.13307E+02 1.54707E-04 8.87380E-02 5.13174E+01 
5.21084E+02 1.38372E-04 8.02907E-02 4.69489E+01 
5.28862E+02 1.23477E-04 7.24724E-02 4.28449E+01 
5.36639E+02 1.09930E-04 6.52561E-02 3.90008E+01 
5.44417E+02 9.76399E-05 5.86134E-02 3.54106E+01 
5.52194E+02 8.65168E-05 5.25153E-02 3.20673E+01 
5.59971E+02 7.64756E-05 4.69323E-02 2.89630E+01 
5.67749E+02 6.74336E-05 4.18345E-02 2.60888E+01 
5.75526E+02 5.93117E-05 3.71922E-02 2.34355E+01 
5.83303E+02 5.20346E-05 3.29763E-02 2.09929E+01 
5.91081E+02 4.55305E-05 2.91576E-02 1.87509E+01 
5.98858E+02 3.97320E-05 2.57081E-02 1.66988E+01 
6.06636E+02 3.45753E-05 2.26003E-02 1.48258E+01 
6.14413E+02 3.00009E-05 1.98079E-02 1.31212E+01 
6.22190E+02 2.59531E-05 1.73055E-02 1.15741E+01 
6.29968E+02 2.23803E-05 1.50690E-02 1.01740E+01 
6.37745E+02 1.92347E-05 1.30753E-02 8.91045E+00 
6.45523E+02 1.64719E-05 1.13029E-02 7.77333E+00 
6.53300E+02 1.40516E-05 9.73129E-03 6.75285E+00 
6.61077E+02 1.19365E-05 8.34145E-03 5.83957E+00 
6.68855E+02 1.00927E-05 7.11560E-03 5.02452E+00 
6.76632E+02 8.48957E-06 6.03722E-03 4.29914E+00 
6.84409E+02 7.09904E-06 5.09107E-03 3.65535E+00 
6.92187E+02 5.89599E-06 4.26312E-03 3.08555E+00 
6.99964E+02 4.85770E-06 3.54050E-03 2.58261E+00 
7.07742E+02 3.96387E-06 2.91146E-03 2.13991E+00 
7.15519E+02 3.19631E-06 2.36532E-03 1.75131E+00 
7.23296E+02 2.53883E-06 1.89239E-03 1.41113E+00 
7.31074E+02 1.97705E-06 1.48393E-03 1.11414E+00 
7.38851E+02 1.49824E-06 1.13207E-03 8.55573E-01 
7.46628E+02 1.09116E-06 8.29758E-04 6.31065E-01 
7.54406E+02 7.45925E-07 5.70692E-04 4.36658E-01 
7.62183E+02 4.53877E-07 3.49265E-04 2.68774E-01 
7.69961E+02 2.07437E-07 1.60502E-04 1.24187E-01 
