100 2 
0.00000E+00 3.97851E-03 1.00578E+00 3.16599E+02 
7.50111E+00 3.97602E-03 1.00576E+00 3.16599E+02 
1.50022E+01 3.96854E-03 1.00568E+00 3.16598E+02 
2.25033E+01 3.95610E-03 1.00544E+00 3.16594E+02 
3.00044E+01 3.93874E-03 1.00498E+00 3.16581E+02 
3.75056E+01 3.91650E-03 1.00423E+00 3.16556E+02 
4.50067E+01 3.88946E-03 1.00311E+00 3.16509E+02 
5.25078E+01 3.85768E-03 1.00156E+00 3.16433E+02 
6.00089E+01 3.82126E-03 9.99505E-01 3.16318E+02 
6.75100E+01 3.78032E-03 9.96892E-01 3.16151E+02 
7.50111E+01 3.73497E-03 9.93657E-01 3.15920E+02 
8.25122E+01 3.68534E-03 9.89746E-01 3.15611E+02 
9.00133E+01 3.63158E-03 9.85106E-01 3.15210E+02 
9.75145E+01 3.57385E-03 9.79691E-01 3.14702E+02 
1.05016E+02 3.51234E-03 9.73459E-01 3.14071E+02 
1.12517E+02 3.44721E-03 9.66373E-01 3.13299E+02 
1.20018E+02 3.37867E-03 9.58402E-01 3.12372E+02 
1.27519E+02 3.30693E-03 9.49521E-01 3.11272E+02 
1.35020E+02 3.23219E-03 9.39709E-01 3.09984E+02 
1.42521E+02 3.15470E-03 9.28953E-01 3.08490E+02 
1.50022E+02 3.07468E-03 9.17247E-01 3.06778E+02 
1.57523E+02 2.99237E-03 9.04589E-01 3.04831E+02 
1.65024E+02 2.90803E-03 8.90985E-01 3.02636E+02 
1.72526E+02 2.82190E-03 8.76448E-01 3.00182E+02 
1.80027E+02 2.73425E-03 8.60996E-01 2.97458E+02 
1.87528E+02 2.64533E-03 8.44655E-01 2.94454E+02 
1.95029E+02 2.55541E-03 8.27454E-01 2.91163E+02 
2.02530E+02 2.46475E-03 8.09432E-01 2.87580E+02 
2.10031E+02 2.37360E-03 7.90630E-01 2.83701E+02 
2.17532E+02 2.28223E-03 7.71097E-01 2.79525E+02 
2.25033E+02 2.19089E-03 7.50884E-01 2.75052E+02 
2.32534E+02 2.09982E-03 7.30050E-01 2.70285E+02 
2.40036E+02 2.00928E-03 7.08656E-01 2.65230E+02 
2.47537E+02 1.91948E-03 6.86766E-01 2.59893E+02 
2.55038E+02 1.83066E-03 6.64447E-01 2.54284E+02 
2.62539E+02 1.74303E-03 6.41770E-01 2.48415E+02 
2.70040E+02 1.65679E-03 6.18806E-01 2.42300E+02 
2.77541E+02 1.57213E-03 5.95629E-01 2.35954E+02 
2.85042E+02 1.48923E-03 5.72311E-01 2.29395E+02 
2.92543E+02 1.40826E-03 5.48927E-01 2.22642E+02 
3.00044E+02 1.32935E-03 5.25549E-01 2.15715E+02 
3.07546E+02 1.25265E-03 5.02249E-01 2.08637E+02 
3.15047E+02 1.17827E-03 4.79096E-01 2.01430E+02 
3.22548E+02 1.10632E-03 4.56159E-01 1.94118E+02 
3.30049E+02 1.03688E-03 4.33503E-01 1.86725E+02 
3.37550E+02 9.70022E-04 4.11188E-01 1.79277E+02 
3.45051E+02 9.05810E-04 3.89275E-01 1.71798E+02 
3.52552E+02 8.44282E-04 3.67815E-01 1.64313E+02 
3.60053E+02 7.85465E-04 3.46860E-01 1.56847E+02 
3.67554E+02 7.29373E-04 3.26456E-01 1.49424E+02 
3.75056E+02 6.76005E-04 3.06641E-01 1.42067E+02 
3.82557E+02 6.25349E-04 2.87454E-01 1.34800E+02 
3.90058E+02 5.77378E-04 2.68925E-01 1.27642E+02 
3.97559E+02 5.32059E-04 2.51079E-01 1.20615E+02 
4.05060E+02 4.89344E-04 2.33939E-01 1.13736E+02 
4.12561E+02 4.49177E-04 2.17520E-01 1.07025E+02 
4.20062E+02 4.11496E-04 2.01834E-01 1.00495E+02 
4.27563E+02 3.76229E-04 1.86889E-01 9.41615E+01 
4.35064E+02 3.43298E-04 1.72687E-01 8.80363E+01 
4.42566E+02 3.12620E-04 1.59226E-01 8.21301E+01 
4.50067E+02 2.84108E-04 1.46502E-01 7.64516E+01 
4.57568E+02 2.57670E-04 1.34505E-01 7.10078E+01 
4.65069E+02 2.33213E-04 1.23224E-01 6.58040E+01 
4.72570E+02 2.10641E-04 1.12643E-01 6.08438E+01 
4.80071E+02 1.89857E-04 1.02744E-01 5.61293E+01 
4.87572E+02 1.70764E-04 9.35079E-02 5.16609E+01 
4.95073E+02 1.53266E-04 8.49115E-02 4.74377E+01 
5.02574E+02 1.37266E-04 7.69311E-02 4.34573E+01 
5.10076E+02 1.22670E-04 6.95417E-02 3.97162E+01 
5.17577E+02 1.09386E-04 6.27168E-02 3.62097E+01 
5.25078E+02 9.73238E-05 5.64293E-02 3.29322E+01 
5.32579E+02 8.63969E-05 5.06515E-02 2.98770E+01 
5.40080E+02 7.65213E-05 4.53556E-02 2.70370E+01 
5.47581E+02 6.76166E-05 4.05135E-02 2.44040E+01 
5.55082E+02 5.96059E-05 3.60975E-02 2.19695E+01 
5.62583E+02 5.24163E-05 3.20802E-02 1.97248E+01 
5.70084E+02 4.59786E-05 2.84348E-02 1.76605E+01 
5.77586E+02 4.02276E-05 2.51350E-02 1.57672E+01 
5.85087E+02 3.51019E-05 2.21556E-02 1.40353E+01 
5.92588E+02 3.05441E-05 1.94722E-02 1.24554E+01 
6.00089E+02 2.65008E-05 1.70613E-02 1.10179E+01 
6.07590E+02 2.29222E-05 1.49007E-02 9.71335E+00 
6.15091E+02 1.97622E-05 1.29691E-02 8.53265E+00 
6.22592E+02 1.69784E-05 1.12466E-02 7.46681E+00 
6.30093E+02 1.45317E-05 9.71433E-03 6.50719E+00 
6.37594E+02 1.23862E-05 8.35461E-03 5.64543E+00 
6.45096E+02 1.05093E-05 7.15100E-03 4.87360E+00 
6.52597E+02 8.87106E-06 6.08819E-03 4.18409E+00 
6.60098E+02 7.44454E-06 5.15202E-03 3.56971E+00 
6.67599E+02 6.20524E-06 4.32942E-03 3.02370E+00 
6.75100E+02 5.13108E-06 3.60838E-03 2.53968E+00 
6.82601E+02 4.20223E-06 2.97792E-03 2.11175E+00 
6.90102E+02 3.40089E-06 2.42799E-03 1.73435E+00 
6.97603E+02 2.71116E-06 1.94949E-03 1.40238E+00 
7.05104E+02 2.11888E-06 1.53415E-03 1.11112E+00 
7.12606E+02 1.61146E-06 1.17451E-03 8.56217E-01 
7.20107E+02 1.17775E-06 8.63858E-04 6.33711E-01 
7.27608E+02 8.07901E-07 5.96179E-04 4.39975E-01 
7.35109E+02 4.93246E-07 3.66085E-04 2.71716E-01 
7.42610E+02 2.26167E-07 1.68778E-04 1.25953E-01 
