100 2 
0.00000E+00 3.72445E-03 1.00586E+00 3.34775E+02 
7.78732E+00 3.72238E-03 1.00585E+00 3.34775E+02 
1.55746E+01 3.71617E-03 1.00577E+00 3.34774E+02 
2.33620E+01 3.70583E-03 1.00557E+00 3.34770E+02 
3.11493E+01 3.69138E-03 1.00517E+00 3.34759E+02 
3.89366E+01 3.67284E-03 1.00452E+00 3.34736E+02 
4.67239E+01 3.65026E-03 1.00355E+00 3.34694E+02 
5.45112E+01 3.62367E-03 1.00220E+00 3.34625E+02 
6.22985E+01 3.59313E-03 1.00042E+00 3.34521E+02 
7.00859E+01 3.55870E-03 9.98133E-01 3.34369E+02 
7.78732E+01 3.52044E-03 9.95301E-01 3.34159E+02 
8.56605E+01 3.47844E-03 9.91864E-01 3.33878E+02 
9.34478E+01 3.43279E-03 9.87773E-01 3.33511E+02 
1.01235E+02 3.38358E-03 9.82981E-01 3.33044E+02 
1.09022E+02 3.33093E-03 9.77443E-01 3.32462E+02 
1.16810E+02 3.27495E-03 9.71121E-01 3.31747E+02 
1.24597E+02 3.21578E-03 9.63977E-01 3.30884E+02 
1.32384E+02 3.15357E-03 9.55981E-01 3.29856E+02 
1.40172E+02 3.08846E-03 9.47106E-01 3.28646E+02 
1.47959E+02 3.02061E-03 9.37330E-01 3.27237E+02 
1.55746E+02 2.95021E-03 9.26638E-01 3.25613E+02 
1.63534E+02 2.87744E-03 9.15019E-01 3.23758E+02 
1.71321E+02 2.80248E-03 9.02468E-01 3.21656E+02 
1.79108E+02 2.72555E-03 8.88986E-01 3.19293E+02 
1.86896E+02 2.64684E-03 8.74582E-01 3.16656E+02 
1.94683E+02 2.56659E-03 8.59270E-01 3.13734E+02 
2.02470E+02 2.48500E-03 8.43068E-01 3.10516E+02 
2.10258E+02 2.40232E-03 8.26004E-01 3.06994E+02 
2.18045E+02 2.31876E-03 8.08109E-01 3.03162E+02 
2.25832E+02 2.23456E-03 7.89422E-01 2.99014E+02 
2.33620E+02 2.14996E-03 7.69987E-01 2.94549E+02 
2.41407E+02 2.06519E-03 7.49854E-01 2.89766E+02 
2.49194E+02 1.98049E-03 7.29075E-01 2.84669E+02 
2.56982E+02 1.89607E-03 7.07711E-01 2.79261E+02 
2.64769E+02 1.81217E-03 6.85823E-01 2.73551E+02 
2.72556E+02 1.72900E-03 6.63479E-01 2.67548E+02 
2.80343E+02 1.64677E-03 6.40749E-01 2.61264E+02 
2.88131E+02 1.56569E-03 6.17703E-01 2.54713E+02 
2.95918E+02 1.48594E-03 5.94416E-01 2.47913E+02 
3.03705E+02 1.40771E-03 5.70963E-01 2.40881E+02 
3.11493E+02 1.33117E-03 5.47419E-01 2.33639E+02 
3.19280E+02 1.25647E-03 5.23859E-01 2.26209E+02 
3.27067E+02 1.18374E-03 5.00359E-01 2.18614E+02 
3.34855E+02 1.11313E-03 4.76990E-01 2.10880E+02 
3.42642E+02 1.04474E-03 4.53824E-01 2.03033E+02 
3.50429E+02 9.78670E-04 4.30930E-01 1.95099E+02 
3.58217E+02 9.15003E-04 4.08373E-01 1.87107E+02 
3.66004E+02 8.53808E-04 3.86215E-01 1.79084E+02 
3.73791E+02 7.95136E-04 3.64514E-01 1.71057E+02 
3.81579E+02 7.39024E-04 3.43324E-01 1.63054E+02 
3.89366E+02 6.85498E-04 3.22692E-01 1.55102E+02 
3.97153E+02 6.34565E-04 3.02664E-01 1.47226E+02 
4.04941E+02 5.86221E-04 2.83278E-01 1.39451E+02 
4.12728E+02 5.40451E-04 2.64567E-01 1.31802E+02 
4.20515E+02 4.97227E-04 2.46561E-01 1.24301E+02 
4.28303E+02 4.56508E-04 2.29281E-01 1.16967E+02 
4.36090E+02 4.18247E-04 2.12746E-01 1.09822E+02 
4.43877E+02 3.82384E-04 1.96969E-01 1.02880E+02 
4.51664E+02 3.48854E-04 1.81956E-01 9.61588E+01 
4.59452E+02 3.17584E-04 1.67712E-01 8.96704E+01 
4.67239E+02 2.88494E-04 1.54235E-01 8.34262E+01 
4.75026E+02 2.61501E-04 1.41519E-01 7.74357E+01 
4.82814E+02 2.36515E-04 1.29554E-01 7.17059E+01 
4.90601E+02 2.13445E-04 1.18327E-01 6.62422E+01 
4.98388E+02 1.92199E-04 1.07822E-01 6.10478E+01 
5.06176E+02 1.72680E-04 9.80189E-02 5.61244E+01 
5.13963E+02 1.54793E-04 8.88963E-02 5.14717E+01 
5.21750E+02 1.38442E-04 8.04303E-02 4.70879E+01 
5.29538E+02 1.23534E-04 7.25948E-02 4.29697E+01 
5.37325E+02 1.09975E-04 6.53628E-02 3.91123E+01 
5.45112E+02 9.76738E-05 5.87058E-02 3.55098E+01 
5.52900E+02 8.65413E-05 5.25947E-02 3.21551E+01 
5.60687E+02 7.64920E-05 4.70000E-02 2.90403E+01 
5.68474E+02 6.74430E-05 4.18918E-02 2.61566E+01 
5.76262E+02 5.93154E-05 3.72404E-02 2.34946E+01 
5.84049E+02 5.20335E-05 3.30163E-02 2.10442E+01 
5.91836E+02 4.55256E-05 2.91905E-02 1.87951E+01 
5.99624E+02 3.97240E-05 2.57347E-02 1.67367E+01 
6.07411E+02 3.45651E-05 2.26216E-02 1.48580E+01 
6.15198E+02 2.99890E-05 1.98246E-02 1.31484E+01 
6.22986E+02 2.59402E-05 1.73183E-02 1.15970E+01 
6.30773E+02 2.23668E-05 1.50785E-02 1.01931E+01 
6.38560E+02 1.92208E-05 1.30822E-02 8.92620E+00 
6.46347E+02 1.64582E-05 1.13075E-02 7.78621E+00 
6.54135E+02 1.40382E-05 9.73416E-03 6.76327E+00 
6.61922E+02 1.19237E-05 8.34292E-03 5.84790E+00 
6.69709E+02 1.00807E-05 7.11599E-03 5.03110E+00 
6.77497E+02 8.47833E-06 6.03681E-03 4.30424E+00 
6.85284E+02 7.08875E-06 5.09009E-03 3.65924E+00 
6.93071E+02 5.88667E-06 4.26176E-03 3.08845E+00 
7.00859E+02 4.84940E-06 3.53891E-03 2.58471E+00 
7.08646E+02 3.95658E-06 2.90978E-03 2.14139E+00 
7.16433E+02 3.19001E-06 2.36365E-03 1.75230E+00 
7.24221E+02 2.53350E-06 1.89081E-03 1.41174E+00 
7.32008E+02 1.97264E-06 1.48250E-03 1.11449E+00 
7.39795E+02 1.49470E-06 1.13084E-03 8.55730E-01 
7.47583E+02 1.08845E-06 8.28750E-04 6.31103E-01 
7.55370E+02 7.43978E-07 5.69929E-04 4.36630E-01 
7.63157E+02 4.52639E-07 3.48757E-04 2.68726E-01 
7.70945E+02 2.06846E-07 1.60249E-04 1.24150E-01 
