100 2 
0.00000E+00 3.84753E-03 1.00582E+00 3.25754E+02 
7.64839E+00 3.84525E-03 1.00581E+00 3.25754E+02 
1.52968E+01 3.83842E-03 1.00573E+00 3.25753E+02 
2.29452E+01 3.82706E-03 1.00551E+00 3.25748E+02 
3.05935E+01 3.81119E-03 1.00508E+00 3.25737E+02 
3.82419E+01 3.79085E-03 1.00438E+00 3.25712E+02 
4.58903E+01 3.76610E-03 1.00333E+00 3.25668E+02 
5.35387E+01 3.73698E-03 1.00188E+00 3.25596E+02 
6.11871E+01 3.70358E-03 9.99965E-01 3.25486E+02 
6.88355E+01 3.66597E-03 9.97517E-01 3.25326E+02 
7.64839E+01 3.62425E-03 9.94483E-01 3.25105E+02 
8.41323E+01 3.57853E-03 9.90809E-01 3.24810E+02 
9.17806E+01 3.52893E-03 9.86443E-01 3.24425E+02 
9.94290E+01 3.47556E-03 9.81339E-01 3.23937E+02 
1.07077E+02 3.41858E-03 9.75454E-01 3.23329E+02 
1.14726E+02 3.35814E-03 9.68748E-01 3.22584E+02 
1.22374E+02 3.29440E-03 9.61189E-01 3.21688E+02 
1.30023E+02 3.22752E-03 9.52748E-01 3.20622E+02 
1.37671E+02 3.15771E-03 9.43402E-01 3.19370E+02 
1.45319E+02 3.08515E-03 9.33133E-01 3.17917E+02 
1.52968E+02 3.01004E-03 9.21929E-01 3.16245E+02 
1.60616E+02 2.93260E-03 9.09786E-01 3.14341E+02 
1.68265E+02 2.85305E-03 8.96703E-01 3.12189E+02 
1.75913E+02 2.77161E-03 8.82688E-01 3.09776E+02 
1.83561E+02 2.68853E-03 8.67754E-01 3.07091E+02 
1.91210E+02 2.60403E-03 8.51919E-01 3.04124E+02 
1.98858E+02 2.51836E-03 8.35210E-01 3.00864E+02 
2.06506E+02 2.43176E-03 8.17658E-01 2.97306E+02 
2.14155E+02 2.34448E-03 7.99300E-01 2.93445E+02 
2.21803E+02 2.25677E-03 7.80181E-01 2.89276E+02 
2.29452E+02 2.16887E-03 7.60347E-01 2.84801E+02 
2.37100E+02 2.08101E-03 7.39853E-01 2.80020E+02 
2.44748E+02 1.99345E-03 7.18756E-01 2.74937E+02 
2.52397E+02 1.90640E-03 6.97118E-01 2.69558E+02 
2.60045E+02 1.82009E-03 6.75005E-01 2.63892E+02 
2.67694E+02 1.73474E-03 6.52485E-01 2.57949E+02 
2.75342E+02 1.65056E-03 6.29628E-01 2.51743E+02 
2.82990E+02 1.56773E-03 6.06507E-01 2.45288E+02 
2.90639E+02 1.48645E-03 5.83197E-01 2.38602E+02 
2.98287E+02 1.40689E-03 5.59770E-01 2.31704E+02 
3.05936E+02 1.32921E-03 5.36302E-01 2.24614E+02 
3.13584E+02 1.25355E-03 5.12866E-01 2.17355E+02 
3.21232E+02 1.18003E-03 4.89534E-01 2.09949E+02 
3.28881E+02 1.10879E-03 4.66377E-01 2.02422E+02 
3.36529E+02 1.03991E-03 4.43463E-01 1.94798E+02 
3.44177E+02 9.73488E-04 4.20857E-01 1.87104E+02 
3.51826E+02 9.09585E-04 3.98620E-01 1.79366E+02 
3.59474E+02 8.48259E-04 3.76811E-01 1.71610E+02 
3.67123E+02 7.89550E-04 3.55484E-01 1.63862E+02 
3.74771E+02 7.33484E-04 3.34688E-01 1.56148E+02 
3.82419E+02 6.80071E-04 3.14468E-01 1.48494E+02 
3.90068E+02 6.29310E-04 2.94864E-01 1.40922E+02 
3.97716E+02 5.81187E-04 2.75910E-01 1.33457E+02 
4.05365E+02 5.35676E-04 2.57637E-01 1.26120E+02 
4.13013E+02 4.92738E-04 2.40069E-01 1.18932E+02 
4.20661E+02 4.52327E-04 2.23226E-01 1.11911E+02 
4.28310E+02 4.14387E-04 2.07122E-01 1.05076E+02 
4.35958E+02 3.78852E-04 1.91768E-01 9.84413E+01 
4.43606E+02 3.45650E-04 1.77168E-01 9.20210E+01 
4.51255E+02 3.14704E-04 1.63323E-01 8.58269E+01 
4.58903E+02 2.85930E-04 1.50230E-01 7.98690E+01 
4.66552E+02 2.59240E-04 1.37881E-01 7.41553E+01 
4.74200E+02 2.34544E-04 1.26266E-01 6.86921E+01 
4.81848E+02 2.11746E-04 1.15369E-01 6.34839E+01 
4.89497E+02 1.90754E-04 1.05175E-01 5.85331E+01 
4.97145E+02 1.71469E-04 9.56623E-02 5.38408E+01 
5.04794E+02 1.53796E-04 8.68099E-02 4.94065E+01 
5.12442E+02 1.37640E-04 7.85935E-02 4.52279E+01 
5.20090E+02 1.22906E-04 7.09876E-02 4.13016E+01 
5.27739E+02 1.09501E-04 6.39654E-02 3.76229E+01 
5.35387E+02 9.73350E-05 5.74991E-02 3.41860E+01 
5.43036E+02 8.63199E-05 5.15603E-02 3.09841E+01 
5.50684E+02 7.63709E-05 4.61203E-02 2.80094E+01 
5.58332E+02 6.74066E-05 4.11501E-02 2.52537E+01 
5.65981E+02 5.93491E-05 3.66210E-02 2.27080E+01 
5.73629E+02 5.21240E-05 3.25046E-02 2.03627E+01 
5.81277E+02 4.56610E-05 2.87731E-02 1.82081E+01 
5.88926E+02 3.98938E-05 2.53991E-02 1.62342E+01 
5.96574E+02 3.47598E-05 2.23563E-02 1.44308E+01 
6.04223E+02 3.02006E-05 1.96193E-02 1.27877E+01 
6.11871E+02 2.61614E-05 1.71636E-02 1.12947E+01 
6.19519E+02 2.25918E-05 1.49661E-02 9.94183E+00 
6.27168E+02 1.94447E-05 1.30046E-02 8.71930E+00 
6.34816E+02 1.66768E-05 1.12583E-02 7.61753E+00 
6.42465E+02 1.42483E-05 9.70756E-03 6.62728E+00 
6.50113E+02 1.21227E-05 8.33399E-03 5.73966E+00 
6.57761E+02 1.02667E-05 7.12045E-03 4.94618E+00 
6.65410E+02 8.65002E-06 6.05104E-03 4.23876E+00 
6.73058E+02 7.24525E-06 5.11105E-03 3.60977E+00 
6.80706E+02 6.02753E-06 4.28690E-03 3.05199E+00 
6.88355E+02 4.97450E-06 3.56617E-03 2.55869E+00 
6.96003E+02 4.06608E-06 2.93747E-03 2.12357E+00 
7.03652E+02 3.28431E-06 2.39044E-03 1.74079E+00 
7.11300E+02 2.61317E-06 1.91569E-03 1.40496E+00 
7.18948E+02 2.03837E-06 1.50470E-03 1.11108E+00 
7.26597E+02 1.54729E-06 1.14980E-03 8.54611E-01 
7.34245E+02 1.12873E-06 8.44124E-04 6.31366E-01 
7.41894E+02 7.72853E-07 5.81499E-04 4.37557E-01 
7.49542E+02 4.71003E-07 3.56436E-04 2.69745E-01 
7.57190E+02 2.15593E-07 1.64046E-04 1.24825E-01 
