100 2 
0.00000E+00 3.85211E-03 1.00582E+00 3.25426E+02 
7.64323E+00 3.84983E-03 1.00581E+00 3.25426E+02 
1.52865E+01 3.84298E-03 1.00573E+00 3.25425E+02 
2.29297E+01 3.83158E-03 1.00551E+00 3.25420E+02 
3.05729E+01 3.81566E-03 1.00508E+00 3.25409E+02 
3.82161E+01 3.79525E-03 1.00437E+00 3.25384E+02 
4.58594E+01 3.77041E-03 1.00333E+00 3.25340E+02 
5.35026E+01 3.74121E-03 1.00187E+00 3.25268E+02 
6.11458E+01 3.70770E-03 9.99948E-01 3.25157E+02 
6.87890E+01 3.66997E-03 9.97495E-01 3.24997E+02 
7.64323E+01 3.62813E-03 9.94454E-01 3.24776E+02 
8.40755E+01 3.58227E-03 9.90771E-01 3.24480E+02 
9.17187E+01 3.53251E-03 9.86395E-01 3.24095E+02 
9.93620E+01 3.47900E-03 9.81280E-01 3.23606E+02 
1.07005E+02 3.42186E-03 9.75382E-01 3.22997E+02 
1.14648E+02 3.36125E-03 9.68662E-01 3.22252E+02 
1.22292E+02 3.29733E-03 9.61088E-01 3.21354E+02 
1.29935E+02 3.23029E-03 9.52631E-01 3.20287E+02 
1.37578E+02 3.16030E-03 9.43268E-01 3.19034E+02 
1.45221E+02 3.08756E-03 9.32981E-01 3.17578E+02 
1.52865E+02 3.01228E-03 9.21759E-01 3.15905E+02 
1.60508E+02 2.93467E-03 9.09597E-01 3.13999E+02 
1.68151E+02 2.85495E-03 8.96496E-01 3.11845E+02 
1.75794E+02 2.77335E-03 8.82461E-01 3.09431E+02 
1.83437E+02 2.69010E-03 8.67508E-01 3.06745E+02 
1.91081E+02 2.60544E-03 8.51654E-01 3.03776E+02 
1.98724E+02 2.51962E-03 8.34927E-01 3.00515E+02 
2.06367E+02 2.43288E-03 8.17358E-01 2.96956E+02 
2.14010E+02 2.34547E-03 7.98984E-01 2.93093E+02 
2.21654E+02 2.25763E-03 7.79849E-01 2.88925E+02 
2.29297E+02 2.16960E-03 7.60001E-01 2.84449E+02 
2.36940E+02 2.08163E-03 7.39495E-01 2.79668E+02 
2.44583E+02 1.99396E-03 7.18387E-01 2.74586E+02 
2.52227E+02 1.90681E-03 6.96739E-01 2.69208E+02 
2.59870E+02 1.82042E-03 6.74618E-01 2.63544E+02 
2.67513E+02 1.73499E-03 6.52092E-01 2.57604E+02 
2.75156E+02 1.65073E-03 6.29231E-01 2.51401E+02 
2.82799E+02 1.56784E-03 6.06108E-01 2.44950E+02 
2.90443E+02 1.48651E-03 5.82797E-01 2.38268E+02 
2.98086E+02 1.40690E-03 5.59372E-01 2.31375E+02 
3.05729E+02 1.32917E-03 5.35907E-01 2.24290E+02 
3.13372E+02 1.25347E-03 5.12475E-01 2.17037E+02 
3.21016E+02 1.17993E-03 4.89150E-01 2.09639E+02 
3.28659E+02 1.10866E-03 4.66001E-01 2.02119E+02 
3.36302E+02 1.03977E-03 4.43095E-01 1.94504E+02 
3.43945E+02 9.73329E-04 4.20500E-01 1.86819E+02 
3.51588E+02 9.09416E-04 3.98275E-01 1.79090E+02 
3.59232E+02 8.48085E-04 3.76478E-01 1.71343E+02 
3.66875E+02 7.89373E-04 3.55165E-01 1.63606E+02 
3.74518E+02 7.33307E-04 3.34383E-01 1.55902E+02 
3.82161E+02 6.79897E-04 3.14178E-01 1.48258E+02 
3.89805E+02 6.29142E-04 2.94589E-01 1.40698E+02 
3.97448E+02 5.81026E-04 2.75651E-01 1.33244E+02 
4.05091E+02 5.35522E-04 2.57393E-01 1.25918E+02 
4.12734E+02 4.92594E-04 2.39841E-01 1.18741E+02 
4.20378E+02 4.52193E-04 2.23013E-01 1.11732E+02 
4.28021E+02 4.14264E-04 2.06925E-01 1.04908E+02 
4.35664E+02 3.78739E-04 1.91585E-01 9.82839E+01 
4.43307E+02 3.45549E-04 1.77000E-01 9.18744E+01 
4.50950E+02 3.14613E-04 1.63170E-01 8.56908E+01 
4.58594E+02 2.85850E-04 1.50090E-01 7.97430E+01 
4.66237E+02 2.59170E-04 1.37754E-01 7.40393E+01 
4.73880E+02 2.34483E-04 1.26151E-01 6.85856E+01 
4.81523E+02 2.11695E-04 1.15266E-01 6.33864E+01 
4.89167E+02 1.90711E-04 1.05083E-01 5.84443E+01 
4.96810E+02 1.71434E-04 9.55807E-02 5.37602E+01 
5.04453E+02 1.53768E-04 8.67378E-02 4.93336E+01 
5.12096E+02 1.37618E-04 7.85302E-02 4.51623E+01 
5.19739E+02 1.22890E-04 7.09324E-02 4.12428E+01 
5.27383E+02 1.09490E-04 6.39175E-02 3.75705E+01 
5.35026E+02 9.73283E-05 5.74578E-02 3.41394E+01 
5.42669E+02 8.63169E-05 5.15251E-02 3.09429E+01 
5.50312E+02 7.63711E-05 4.60904E-02 2.79732E+01 
5.57956E+02 6.74094E-05 4.11251E-02 2.52220E+01 
5.65599E+02 5.93540E-05 3.66003E-02 2.26804E+01 
5.73242E+02 5.21306E-05 3.24877E-02 2.03388E+01 
5.80885E+02 4.56690E-05 2.87594E-02 1.81876E+01 
5.88529E+02 3.99027E-05 2.53882E-02 1.62167E+01 
5.96172E+02 3.47693E-05 2.23478E-02 1.44159E+01 
6.03815E+02 3.02104E-05 1.96128E-02 1.27751E+01 
6.11458E+02 2.61714E-05 1.71589E-02 1.12842E+01 
6.19101E+02 2.26017E-05 1.49628E-02 9.93315E+00 
6.26745E+02 1.94544E-05 1.30025E-02 8.71218E+00 
6.34388E+02 1.66861E-05 1.12572E-02 7.61175E+00 
6.42031E+02 1.42571E-05 9.70715E-03 6.62264E+00 
6.49674E+02 1.21309E-05 8.33416E-03 5.73599E+00 
6.57318E+02 1.02743E-05 7.12105E-03 4.94332E+00 
6.64961E+02 8.65704E-06 6.05194E-03 4.23658E+00 
6.72604E+02 7.25162E-06 5.11214E-03 3.60814E+00 
6.80247E+02 6.03322E-06 4.28810E-03 3.05081E+00 
6.87890E+02 4.97954E-06 3.56741E-03 2.55786E+00 
6.95534E+02 4.07048E-06 2.93868E-03 2.12303E+00 
7.03177E+02 3.28809E-06 2.39159E-03 1.74046E+00 
7.10820E+02 2.61635E-06 1.91674E-03 1.40478E+00 
7.18463E+02 2.04099E-06 1.50562E-03 1.11102E+00 
7.26107E+02 1.54937E-06 1.15058E-03 8.54615E-01 
7.33750E+02 1.13033E-06 8.44752E-04 6.31410E-01 
7.41393E+02 7.74000E-07 5.81969E-04 4.37615E-01 
7.49036E+02 4.71730E-07 3.56745E-04 2.69797E-01 
7.56680E+02 2.15940E-07 1.64199E-04 1.24857E-01 
