100 2 
0.00000E+00 3.98621E-03 1.00577E+00 3.16074E+02 
7.49244E+00 3.98371E-03 1.00576E+00 3.16074E+02 
1.49849E+01 3.97619E-03 1.00567E+00 3.16073E+02 
2.24773E+01 3.96369E-03 1.00544E+00 3.16069E+02 
2.99698E+01 3.94624E-03 1.00498E+00 3.16056E+02 
3.74622E+01 3.92389E-03 1.00422E+00 3.16031E+02 
4.49547E+01 3.89671E-03 1.00310E+00 3.15984E+02 
5.24471E+01 3.86478E-03 1.00154E+00 3.15908E+02 
5.99395E+01 3.82819E-03 9.99479E-01 3.15792E+02 
6.74320E+01 3.78705E-03 9.96856E-01 3.15624E+02 
7.49244E+01 3.74149E-03 9.93610E-01 3.15393E+02 
8.24169E+01 3.69163E-03 9.89686E-01 3.15084E+02 
8.99093E+01 3.63763E-03 9.85030E-01 3.14682E+02 
9.74018E+01 3.57966E-03 9.79598E-01 3.14173E+02 
1.04894E+02 3.51787E-03 9.73347E-01 3.13540E+02 
1.12387E+02 3.45247E-03 9.66239E-01 3.12767E+02 
1.19879E+02 3.38366E-03 9.58245E-01 3.11838E+02 
1.27372E+02 3.31163E-03 9.49339E-01 3.10737E+02 
1.34864E+02 3.23661E-03 9.39501E-01 3.09446E+02 
1.42356E+02 3.15883E-03 9.28718E-01 3.07951E+02 
1.49849E+02 3.07852E-03 9.16983E-01 3.06236E+02 
1.57341E+02 2.99593E-03 9.04296E-01 3.04287E+02 
1.64834E+02 2.91131E-03 8.90664E-01 3.02090E+02 
1.72326E+02 2.82491E-03 8.76098E-01 2.99634E+02 
1.79819E+02 2.73699E-03 8.60617E-01 2.96908E+02 
1.87311E+02 2.64782E-03 8.44247E-01 2.93902E+02 
1.94804E+02 2.55765E-03 8.27020E-01 2.90610E+02 
2.02296E+02 2.46675E-03 8.08971E-01 2.87026E+02 
2.09788E+02 2.37538E-03 7.90145E-01 2.83147E+02 
2.17281E+02 2.28380E-03 7.70588E-01 2.78970E+02 
2.24773E+02 2.19226E-03 7.50355E-01 2.74498E+02 
2.32266E+02 2.10101E-03 7.29503E-01 2.69732E+02 
2.39758E+02 2.01029E-03 7.08092E-01 2.64679E+02 
2.47251E+02 1.92033E-03 6.86188E-01 2.59345E+02 
2.54743E+02 1.83136E-03 6.63858E-01 2.53740E+02 
2.62236E+02 1.74360E-03 6.41173E-01 2.47876E+02 
2.69728E+02 1.65724E-03 6.18204E-01 2.41766E+02 
2.77220E+02 1.57247E-03 5.95024E-01 2.35427E+02 
2.84713E+02 1.48948E-03 5.71706E-01 2.28875E+02 
2.92205E+02 1.40842E-03 5.48325E-01 2.22131E+02 
2.99698E+02 1.32944E-03 5.24952E-01 2.15214E+02 
3.07190E+02 1.25268E-03 5.01660E-01 2.08146E+02 
3.14683E+02 1.17824E-03 4.78518E-01 2.00950E+02 
3.22175E+02 1.10625E-03 4.55594E-01 1.93651E+02 
3.29668E+02 1.03677E-03 4.32952E-01 1.86272E+02 
3.37160E+02 9.69892E-04 4.10655E-01 1.78837E+02 
3.44652E+02 9.05659E-04 3.88759E-01 1.71373E+02 
3.52145E+02 8.44117E-04 3.67319E-01 1.63904E+02 
3.59637E+02 7.85291E-04 3.46385E-01 1.56454E+02 
3.67130E+02 7.29195E-04 3.26003E-01 1.49048E+02 
3.74622E+02 6.75826E-04 3.06211E-01 1.41708E+02 
3.82115E+02 6.25173E-04 2.87047E-01 1.34458E+02 
3.89607E+02 5.77209E-04 2.68542E-01 1.27317E+02 
3.97100E+02 5.31898E-04 2.50720E-01 1.20308E+02 
4.04592E+02 4.89193E-04 2.33603E-01 1.13447E+02 
4.12084E+02 4.49038E-04 2.17208E-01 1.06753E+02 
4.19577E+02 4.11369E-04 2.01546E-01 1.00240E+02 
4.27069E+02 3.76114E-04 1.86623E-01 9.39235E+01 
4.34562E+02 3.43196E-04 1.72443E-01 8.78149E+01 
4.42054E+02 3.12531E-04 1.59004E-01 8.19249E+01 
4.49547E+02 2.84032E-04 1.46300E-01 7.62620E+01 
4.57039E+02 2.57607E-04 1.34323E-01 7.08333E+01 
4.64531E+02 2.33162E-04 1.23060E-01 6.56440E+01 
4.72024E+02 2.10600E-04 1.12496E-01 6.06977E+01 
4.79516E+02 1.89827E-04 1.02614E-01 5.59964E+01 
4.87009E+02 1.70743E-04 9.33928E-02 5.15405E+01 
4.94501E+02 1.53253E-04 8.48104E-02 4.73290E+01 
5.01994E+02 1.37261E-04 7.68430E-02 4.33596E+01 
5.09486E+02 1.22671E-04 6.94654E-02 3.96288E+01 
5.16979E+02 1.09393E-04 6.26512E-02 3.61319E+01 
5.24471E+02 9.73355E-05 5.63735E-02 3.28633E+01 
5.31964E+02 8.64125E-05 5.06045E-02 2.98163E+01 
5.39456E+02 7.65401E-05 4.53163E-02 2.69837E+01 
5.46948E+02 6.76378E-05 4.04812E-02 2.43575E+01 
5.54441E+02 5.96289E-05 3.60713E-02 2.19292E+01 
5.61933E+02 5.24405E-05 3.20593E-02 1.96900E+01 
5.69426E+02 4.60035E-05 2.84185E-02 1.76307E+01 
5.76918E+02 4.02527E-05 2.51227E-02 1.57419E+01 
5.84411E+02 3.51269E-05 2.21466E-02 1.40140E+01 
5.91903E+02 3.05686E-05 1.94660E-02 1.24375E+01 
5.99396E+02 2.65245E-05 1.70575E-02 1.10031E+01 
6.06888E+02 2.29449E-05 1.48987E-02 9.70118E+00 
6.14380E+02 1.97838E-05 1.29687E-02 8.52277E+00 
6.21873E+02 1.69987E-05 1.12474E-02 7.45890E+00 
6.29365E+02 1.45506E-05 9.71597E-03 6.50094E+00 
6.36858E+02 1.24036E-05 8.35689E-03 5.64059E+00 
6.44350E+02 1.05252E-05 7.15372E-03 4.86993E+00 
6.51843E+02 8.88549E-06 6.09117E-03 4.18138E+00 
6.59335E+02 7.45749E-06 5.15511E-03 3.56778E+00 
6.66827E+02 6.21674E-06 4.33250E-03 3.02239E+00 
6.74320E+02 5.14117E-06 3.61135E-03 2.53887E+00 
6.81812E+02 4.21097E-06 2.98070E-03 2.11130E+00 
6.89305E+02 3.40836E-06 2.43053E-03 1.73418E+00 
6.96797E+02 2.71743E-06 1.95175E-03 1.40240E+00 
7.04290E+02 2.12402E-06 1.53610E-03 1.11125E+00 
7.11782E+02 1.61554E-06 1.17613E-03 8.56412E-01 
7.19275E+02 1.18086E-06 8.65145E-04 6.33923E-01 
7.26767E+02 8.10126E-07 5.97131E-04 4.40169E-01 
7.34259E+02 4.94657E-07 3.66708E-04 2.71864E-01 
7.41752E+02 2.26839E-07 1.69084E-04 1.26035E-01 
