100 2 
0.00000E+00 3.98834E-03 1.00577E+00 3.15929E+02 
7.49005E+00 3.98583E-03 1.00576E+00 3.15929E+02 
1.49801E+01 3.97831E-03 1.00567E+00 3.15928E+02 
2.24701E+01 3.96579E-03 1.00544E+00 3.15924E+02 
2.99602E+01 3.94831E-03 1.00497E+00 3.15912E+02 
3.74502E+01 3.92594E-03 1.00422E+00 3.15886E+02 
4.49403E+01 3.89872E-03 1.00309E+00 3.15839E+02 
5.24304E+01 3.86674E-03 1.00153E+00 3.15763E+02 
5.99204E+01 3.83011E-03 9.99472E-01 3.15647E+02 
6.74105E+01 3.78891E-03 9.96847E-01 3.15479E+02 
7.49005E+01 3.74329E-03 9.93598E-01 3.15248E+02 
8.23905E+01 3.69337E-03 9.89669E-01 3.14938E+02 
8.98806E+01 3.63931E-03 9.85009E-01 3.14537E+02 
9.73707E+01 3.58126E-03 9.79572E-01 3.14027E+02 
1.04861E+02 3.51940E-03 9.73315E-01 3.13394E+02 
1.12351E+02 3.45393E-03 9.66202E-01 3.12621E+02 
1.19841E+02 3.38503E-03 9.58202E-01 3.11691E+02 
1.27331E+02 3.31293E-03 9.49289E-01 3.10589E+02 
1.34821E+02 3.23783E-03 9.39443E-01 3.09298E+02 
1.42311E+02 3.15997E-03 9.28653E-01 3.07802E+02 
1.49801E+02 3.07958E-03 9.16911E-01 3.06087E+02 
1.57291E+02 2.99692E-03 9.04216E-01 3.04137E+02 
1.64781E+02 2.91222E-03 8.90575E-01 3.01940E+02 
1.72271E+02 2.82574E-03 8.76001E-01 2.99483E+02 
1.79761E+02 2.73775E-03 8.60513E-01 2.96756E+02 
1.87251E+02 2.64851E-03 8.44135E-01 2.93750E+02 
1.94741E+02 2.55827E-03 8.26900E-01 2.90458E+02 
2.02231E+02 2.46731E-03 8.08844E-01 2.86874E+02 
2.09721E+02 2.37588E-03 7.90011E-01 2.82994E+02 
2.17211E+02 2.28424E-03 7.70449E-01 2.78818E+02 
2.24702E+02 2.19264E-03 7.50210E-01 2.74345E+02 
2.32192E+02 2.10134E-03 7.29352E-01 2.69580E+02 
2.39682E+02 2.01057E-03 7.07937E-01 2.64527E+02 
2.47172E+02 1.92057E-03 6.86029E-01 2.59194E+02 
2.54662E+02 1.83156E-03 6.63696E-01 2.53590E+02 
2.62152E+02 1.74376E-03 6.41009E-01 2.47727E+02 
2.69642E+02 1.65737E-03 6.18038E-01 2.41619E+02 
2.77132E+02 1.57257E-03 5.94857E-01 2.35282E+02 
2.84622E+02 1.48955E-03 5.71540E-01 2.28732E+02 
2.92112E+02 1.40847E-03 5.48159E-01 2.21990E+02 
2.99602E+02 1.32947E-03 5.24788E-01 2.15076E+02 
3.07092E+02 1.25269E-03 5.01498E-01 2.08011E+02 
3.14582E+02 1.17824E-03 4.78359E-01 2.00818E+02 
3.22072E+02 1.10623E-03 4.55438E-01 1.93522E+02 
3.29562E+02 1.03675E-03 4.32801E-01 1.86147E+02 
3.37052E+02 9.69858E-04 4.10508E-01 1.78717E+02 
3.44542E+02 9.05619E-04 3.88617E-01 1.71257E+02 
3.52032E+02 8.44073E-04 3.67183E-01 1.63792E+02 
3.59522E+02 7.85244E-04 3.46255E-01 1.56346E+02 
3.67012E+02 7.29147E-04 3.25878E-01 1.48944E+02 
3.74503E+02 6.75778E-04 3.06093E-01 1.41609E+02 
3.81993E+02 6.25126E-04 2.86936E-01 1.34363E+02 
3.89483E+02 5.77163E-04 2.68436E-01 1.27228E+02 
3.96973E+02 5.31854E-04 2.50621E-01 1.20223E+02 
4.04463E+02 4.89152E-04 2.33511E-01 1.13367E+02 
4.11953E+02 4.49000E-04 2.17123E-01 1.06678E+02 
4.19443E+02 4.11334E-04 2.01467E-01 1.00170E+02 
4.26933E+02 3.76083E-04 1.86550E-01 9.38580E+01 
4.34423E+02 3.43169E-04 1.72376E-01 8.77540E+01 
4.41913E+02 3.12508E-04 1.58943E-01 8.18684E+01 
4.49403E+02 2.84012E-04 1.46245E-01 7.62098E+01 
4.56893E+02 2.57590E-04 1.34273E-01 7.07853E+01 
4.64383E+02 2.33148E-04 1.23015E-01 6.56000E+01 
4.71873E+02 2.10590E-04 1.12456E-01 6.06575E+01 
4.79363E+02 1.89819E-04 1.02578E-01 5.59598E+01 
4.86853E+02 1.70738E-04 9.33613E-02 5.15074E+01 
4.94343E+02 1.53250E-04 8.47827E-02 4.72991E+01 
5.01833E+02 1.37260E-04 7.68189E-02 4.33328E+01 
5.09323E+02 1.22672E-04 6.94445E-02 3.96049E+01 
5.16813E+02 1.09395E-04 6.26333E-02 3.61106E+01 
5.24304E+02 9.73389E-05 5.63582E-02 3.28444E+01 
5.31794E+02 8.64170E-05 5.05916E-02 2.97996E+01 
5.39284E+02 7.65454E-05 4.53056E-02 2.69690E+01 
5.46774E+02 6.76439E-05 4.04724E-02 2.43447E+01 
5.54264E+02 5.96355E-05 3.60641E-02 2.19182E+01 
5.61754E+02 5.24474E-05 3.20536E-02 1.96805E+01 
5.69244E+02 4.60106E-05 2.84140E-02 1.76226E+01 
5.76734E+02 4.02598E-05 2.51193E-02 1.57349E+01 
5.84224E+02 3.51339E-05 2.21442E-02 1.40081E+01 
5.91714E+02 3.05755E-05 1.94644E-02 1.24326E+01 
5.99204E+02 2.65312E-05 1.70565E-02 1.09990E+01 
6.06694E+02 2.29513E-05 1.48982E-02 9.69785E+00 
6.14184E+02 1.97898E-05 1.29686E-02 8.52007E+00 
6.21674E+02 1.70044E-05 1.12476E-02 7.45673E+00 
6.29164E+02 1.45558E-05 9.71645E-03 6.49923E+00 
6.36654E+02 1.24085E-05 8.35755E-03 5.63928E+00 
6.44144E+02 1.05296E-05 7.15449E-03 4.86893E+00 
6.51634E+02 8.88951E-06 6.09201E-03 4.18064E+00 
6.59124E+02 7.46109E-06 5.15597E-03 3.56726E+00 
6.66614E+02 6.21993E-06 4.33336E-03 3.02204E+00 
6.74104E+02 5.14398E-06 3.61218E-03 2.53865E+00 
6.81595E+02 4.21341E-06 2.98148E-03 2.11118E+00 
6.89085E+02 3.41043E-06 2.43124E-03 1.73413E+00 
6.96575E+02 2.71917E-06 1.95238E-03 1.40240E+00 
7.04065E+02 2.12544E-06 1.53664E-03 1.11129E+00 
7.11555E+02 1.61668E-06 1.17658E-03 8.56469E-01 
7.19045E+02 1.18173E-06 8.65503E-04 6.33984E-01 
7.26535E+02 8.10744E-07 5.97395E-04 4.40223E-01 
7.34025E+02 4.95048E-07 3.66881E-04 2.71905E-01 
7.41515E+02 2.27024E-07 1.69168E-04 1.26058E-01 
