100 2 
0.00000E+00 3.72279E-03 1.00586E+00 3.34899E+02 
7.78920E+00 3.72073E-03 1.00585E+00 3.34899E+02 
1.55784E+01 3.71452E-03 1.00577E+00 3.34898E+02 
2.33676E+01 3.70419E-03 1.00557E+00 3.34894E+02 
3.11568E+01 3.68976E-03 1.00517E+00 3.34883E+02 
3.89460E+01 3.67125E-03 1.00452E+00 3.34860E+02 
4.67352E+01 3.64870E-03 1.00355E+00 3.34819E+02 
5.45244E+01 3.62215E-03 1.00221E+00 3.34750E+02 
6.23136E+01 3.59164E-03 1.00042E+00 3.34646E+02 
7.01028E+01 3.55725E-03 9.98142E-01 3.34494E+02 
7.78920E+01 3.51904E-03 9.95312E-01 3.34285E+02 
8.56812E+01 3.47709E-03 9.91879E-01 3.34003E+02 
9.34704E+01 3.43149E-03 9.87792E-01 3.33637E+02 
1.01260E+02 3.38234E-03 9.83004E-01 3.33170E+02 
1.09049E+02 3.32975E-03 9.77471E-01 3.32588E+02 
1.16838E+02 3.27383E-03 9.71154E-01 3.31874E+02 
1.24627E+02 3.21473E-03 9.64016E-01 3.31012E+02 
1.32416E+02 3.15257E-03 9.56026E-01 3.29984E+02 
1.40206E+02 3.08753E-03 9.47157E-01 3.28775E+02 
1.47995E+02 3.01975E-03 9.37388E-01 3.27366E+02 
1.55784E+02 2.94941E-03 9.26703E-01 3.25743E+02 
1.63573E+02 2.87670E-03 9.15091E-01 3.23888E+02 
1.71362E+02 2.80180E-03 9.02548E-01 3.21787E+02 
1.79152E+02 2.72493E-03 8.89074E-01 3.19425E+02 
1.86941E+02 2.64629E-03 8.74677E-01 3.16789E+02 
1.94730E+02 2.56609E-03 8.59372E-01 3.13868E+02 
2.02519E+02 2.48456E-03 8.43177E-01 3.10650E+02 
2.10308E+02 2.40193E-03 8.26120E-01 3.07129E+02 
2.18098E+02 2.31842E-03 8.08232E-01 3.03297E+02 
2.25887E+02 2.23427E-03 7.89551E-01 2.99149E+02 
2.33676E+02 2.14972E-03 7.70122E-01 2.94684E+02 
2.41465E+02 2.06499E-03 7.49993E-01 2.89902E+02 
2.49254E+02 1.98032E-03 7.29219E-01 2.84804E+02 
2.57044E+02 1.89594E-03 7.07859E-01 2.79397E+02 
2.64833E+02 1.81207E-03 6.85975E-01 2.73686E+02 
2.72622E+02 1.72893E-03 6.63634E-01 2.67682E+02 
2.80411E+02 1.64673E-03 6.40905E-01 2.61397E+02 
2.88200E+02 1.56568E-03 6.17860E-01 2.54845E+02 
2.95990E+02 1.48595E-03 5.94574E-01 2.48043E+02 
3.03779E+02 1.40774E-03 5.71120E-01 2.41010E+02 
3.11568E+02 1.33121E-03 5.47575E-01 2.33765E+02 
3.19357E+02 1.25652E-03 5.24014E-01 2.26333E+02 
3.27146E+02 1.18380E-03 5.00511E-01 2.18735E+02 
3.34936E+02 1.11320E-03 4.77139E-01 2.10998E+02 
3.42725E+02 1.04482E-03 4.53970E-01 2.03148E+02 
3.50514E+02 9.78751E-04 4.31073E-01 1.95212E+02 
3.58303E+02 9.15088E-04 4.08511E-01 1.87216E+02 
3.66092E+02 8.53893E-04 3.86349E-01 1.79189E+02 
3.73882E+02 7.95221E-04 3.64642E-01 1.71158E+02 
3.81671E+02 7.39109E-04 3.43446E-01 1.63151E+02 
3.89460E+02 6.85581E-04 3.22809E-01 1.55195E+02 
3.97249E+02 6.34645E-04 3.02775E-01 1.47314E+02 
4.05038E+02 5.86298E-04 2.83383E-01 1.39536E+02 
4.12828E+02 5.40524E-04 2.64666E-01 1.31882E+02 
4.20617E+02 4.97295E-04 2.46653E-01 1.24376E+02 
4.28406E+02 4.56572E-04 2.29367E-01 1.17039E+02 
4.36195E+02 4.18306E-04 2.12826E-01 1.09889E+02 
4.43984E+02 3.82439E-04 1.97043E-01 1.02943E+02 
4.51774E+02 3.48904E-04 1.82025E-01 9.62174E+01 
4.59563E+02 3.17629E-04 1.67775E-01 8.97248E+01 
4.67352E+02 2.88534E-04 1.54293E-01 8.34766E+01 
4.75141E+02 2.61536E-04 1.41571E-01 7.74821E+01 
4.82930E+02 2.36546E-04 1.29601E-01 7.17486E+01 
4.90720E+02 2.13472E-04 1.18370E-01 6.62813E+01 
4.98509E+02 1.92222E-04 1.07860E-01 6.10835E+01 
5.06298E+02 1.72699E-04 9.80528E-02 5.61569E+01 
5.14087E+02 1.54809E-04 8.89265E-02 5.15011E+01 
5.21876E+02 1.38456E-04 8.04568E-02 4.71144E+01 
5.29666E+02 1.23545E-04 7.26181E-02 4.29934E+01 
5.37455E+02 1.09984E-04 6.53831E-02 3.91335E+01 
5.45244E+02 9.76803E-05 5.87234E-02 3.55286E+01 
5.53033E+02 8.65460E-05 5.26098E-02 3.21718E+01 
5.60822E+02 7.64952E-05 4.70129E-02 2.90550E+01 
5.68612E+02 6.74450E-05 4.19027E-02 2.61695E+01 
5.76401E+02 5.93162E-05 3.72496E-02 2.35058E+01 
5.84190E+02 5.20334E-05 3.30239E-02 2.10539E+01 
5.91979E+02 4.55247E-05 2.91967E-02 1.88035E+01 
5.99768E+02 3.97226E-05 2.57398E-02 1.67439E+01 
6.07558E+02 3.45632E-05 2.26257E-02 1.48642E+01 
6.15347E+02 2.99868E-05 1.98278E-02 1.31536E+01 
6.23136E+02 2.59378E-05 1.73208E-02 1.16013E+01 
6.30925E+02 2.23642E-05 1.50804E-02 1.01967E+01 
6.38714E+02 1.92182E-05 1.30835E-02 8.92919E+00 
6.46504E+02 1.64556E-05 1.13084E-02 7.78866E+00 
6.54293E+02 1.40357E-05 9.73472E-03 6.76525E+00 
6.62082E+02 1.19213E-05 8.34322E-03 5.84950E+00 
6.69871E+02 1.00784E-05 7.11607E-03 5.03235E+00 
6.77660E+02 8.47623E-06 6.03674E-03 4.30522E+00 
6.85450E+02 7.08682E-06 5.08991E-03 3.65998E+00 
6.93239E+02 5.88492E-06 4.26151E-03 3.08900E+00 
7.01028E+02 4.84783E-06 3.53862E-03 2.58511E+00 
7.08817E+02 3.95520E-06 2.90947E-03 2.14167E+00 
7.16606E+02 3.18883E-06 2.36334E-03 1.75249E+00 
7.24396E+02 2.53249E-06 1.89052E-03 1.41186E+00 
7.32185E+02 1.97181E-06 1.48223E-03 1.11455E+00 
7.39974E+02 1.49404E-06 1.13060E-03 8.55761E-01 
7.47763E+02 1.08793E-06 8.28561E-04 6.31110E-01 
7.55552E+02 7.43611E-07 5.69785E-04 4.36625E-01 
7.63342E+02 4.52404E-07 3.48661E-04 2.68716E-01 
7.71131E+02 2.06735E-07 1.60201E-04 1.24143E-01 
