100 2 
0.00000E+00 3.88626E-03 1.00581E+00 3.23001E+02 
7.60483E+00 3.88392E-03 1.00580E+00 3.23001E+02 
1.52097E+01 3.87690E-03 1.00571E+00 3.23000E+02 
2.28145E+01 3.86521E-03 1.00549E+00 3.22996E+02 
3.04193E+01 3.84890E-03 1.00505E+00 3.22984E+02 
3.80241E+01 3.82800E-03 1.00433E+00 3.22959E+02 
4.56290E+01 3.80256E-03 1.00327E+00 3.22914E+02 
5.32338E+01 3.77265E-03 1.00179E+00 3.22841E+02 
6.08386E+01 3.73836E-03 9.99826E-01 3.22729E+02 
6.84434E+01 3.69976E-03 9.97329E-01 3.22567E+02 
7.60483E+01 3.65696E-03 9.94234E-01 3.22343E+02 
8.36531E+01 3.61007E-03 9.90488E-01 3.22043E+02 
9.12579E+01 3.55923E-03 9.86039E-01 3.21654E+02 
9.88627E+01 3.50457E-03 9.80840E-01 3.21159E+02 
1.06468E+02 3.44624E-03 9.74850E-01 3.20544E+02 
1.14072E+02 3.38440E-03 9.68028E-01 3.19791E+02 
1.21677E+02 3.31923E-03 9.60344E-01 3.18884E+02 
1.29282E+02 3.25090E-03 9.51769E-01 3.17808E+02 
1.36887E+02 3.17962E-03 9.42281E-01 3.16545E+02 
1.44492E+02 3.10559E-03 9.31864E-01 3.15078E+02 
1.52097E+02 3.02902E-03 9.20507E-01 3.13394E+02 
1.59701E+02 2.95013E-03 9.08207E-01 3.11475E+02 
1.67306E+02 2.86915E-03 8.94965E-01 3.09310E+02 
1.74911E+02 2.78632E-03 8.80790E-01 3.06884E+02 
1.82516E+02 2.70187E-03 8.65697E-01 3.04186E+02 
1.90121E+02 2.61605E-03 8.49707E-01 3.01206E+02 
1.97725E+02 2.52912E-03 8.32848E-01 2.97936E+02 
2.05330E+02 2.44131E-03 8.15151E-01 2.94369E+02 
2.12935E+02 2.35288E-03 7.96657E-01 2.90501E+02 
2.20540E+02 2.26407E-03 7.77410E-01 2.86329E+02 
2.28145E+02 2.17514E-03 7.57460E-01 2.81853E+02 
2.35750E+02 2.08633E-03 7.36860E-01 2.77075E+02 
2.43354E+02 1.99788E-03 7.15671E-01 2.71998E+02 
2.50959E+02 1.91001E-03 6.93955E-01 2.66631E+02 
2.58564E+02 1.82296E-03 6.71777E-01 2.60980E+02 
2.66169E+02 1.73693E-03 6.49207E-01 2.55059E+02 
2.73774E+02 1.65214E-03 6.26316E-01 2.48878E+02 
2.81379E+02 1.56877E-03 6.03176E-01 2.42455E+02 
2.88983E+02 1.48701E-03 5.79862E-01 2.35806E+02 
2.96588E+02 1.40703E-03 5.56447E-01 2.28951E+02 
3.04193E+02 1.32899E-03 5.33004E-01 2.21909E+02 
3.11798E+02 1.25302E-03 5.09608E-01 2.14703E+02 
3.19403E+02 1.17926E-03 4.86330E-01 2.07356E+02 
3.27008E+02 1.10781E-03 4.63238E-01 1.99893E+02 
3.34612E+02 1.03877E-03 4.40402E-01 1.92339E+02 
3.42217E+02 9.72227E-04 4.17883E-01 1.84718E+02 
3.49822E+02 9.08240E-04 3.95744E-01 1.77058E+02 
3.57427E+02 8.46863E-04 3.74041E-01 1.69384E+02 
3.65032E+02 7.88130E-04 3.52827E-01 1.61721E+02 
3.72636E+02 7.32065E-04 3.32150E-01 1.54095E+02 
3.80241E+02 6.78675E-04 3.12053E-01 1.46530E+02 
3.87846E+02 6.27954E-04 2.92576E-01 1.39050E+02 
3.95451E+02 5.79886E-04 2.73752E-01 1.31678E+02 
4.03056E+02 5.34441E-04 2.55609E-01 1.24435E+02 
4.10661E+02 4.91578E-04 2.38172E-01 1.17341E+02 
4.18265E+02 4.51249E-04 2.21459E-01 1.10415E+02 
4.25870E+02 4.13395E-04 2.05483E-01 1.03672E+02 
4.33475E+02 3.77948E-04 1.90254E-01 9.71294E+01 
4.41080E+02 3.44835E-04 1.75776E-01 9.07990E+01 
4.48685E+02 3.13977E-04 1.62050E-01 8.46926E+01 
4.56290E+02 2.85289E-04 1.49070E-01 7.88200E+01 
4.63894E+02 2.58682E-04 1.36829E-01 7.31887E+01 
4.71499E+02 2.34064E-04 1.25317E-01 6.78047E+01 
4.79104E+02 2.11340E-04 1.14518E-01 6.26723E+01 
4.86709E+02 1.90416E-04 1.04414E-01 5.77938E+01 
4.94314E+02 1.71195E-04 9.49869E-02 5.31700E+01 
5.01919E+02 1.53580E-04 8.62136E-02 4.88002E+01 
5.09523E+02 1.37475E-04 7.80702E-02 4.46824E+01 
5.17128E+02 1.22787E-04 7.05313E-02 4.08128E+01 
5.24733E+02 1.09423E-04 6.35702E-02 3.71869E+01 
5.32338E+02 9.72921E-05 5.71593E-02 3.37989E+01 
5.39943E+02 8.63071E-05 5.12705E-02 3.06420E+01 
5.47547E+02 7.63836E-05 4.58753E-02 2.77087E+01 
5.55152E+02 6.74403E-05 4.09450E-02 2.49907E+01 
5.62757E+02 5.93997E-05 3.64513E-02 2.24791E+01 
5.70362E+02 5.21880E-05 3.23659E-02 2.01648E+01 
5.77967E+02 4.57351E-05 2.86613E-02 1.80380E+01 
5.85572E+02 3.99749E-05 2.53107E-02 1.60889E+01 
5.93176E+02 3.48454E-05 2.22879E-02 1.43075E+01 
6.00781E+02 3.02885E-05 1.95678E-02 1.26839E+01 
6.08386E+02 2.62498E-05 1.71264E-02 1.12080E+01 
6.15991E+02 2.26790E-05 1.49407E-02 9.87008E+00 
6.23596E+02 1.95294E-05 1.29888E-02 8.66047E+00 
6.31201E+02 1.67580E-05 1.12503E-02 7.56983E+00 
6.38805E+02 1.43251E-05 9.70557E-03 6.58908E+00 
6.46410E+02 1.21945E-05 8.33665E-03 5.70950E+00 
6.54015E+02 1.03332E-05 7.12653E-03 4.92276E+00 
6.61620E+02 8.71089E-06 6.05950E-03 4.22094E+00 
6.69225E+02 7.30032E-06 5.12101E-03 3.59652E+00 
6.76830E+02 6.07680E-06 4.29766E-03 3.04245E+00 
6.84434E+02 5.01803E-06 3.57712E-03 2.55209E+00 
6.92039E+02 4.10403E-06 2.94816E-03 2.11927E+00 
6.99644E+02 3.31687E-06 2.40049E-03 1.73823E+00 
7.07249E+02 2.64058E-06 1.92483E-03 1.40367E+00 
7.14854E+02 2.06092E-06 1.51272E-03 1.11068E+00 
7.22458E+02 1.56529E-06 1.15658E-03 8.54765E-01 
7.30063E+02 1.14249E-06 8.49561E-04 6.31821E-01 
7.37668E+02 7.82705E-07 5.85561E-04 4.38107E-01 
7.45273E+02 4.77261E-07 3.59116E-04 2.70226E-01 
7.52878E+02 2.18569E-07 1.65364E-04 1.25111E-01 
