100 2 
0.00000E+00 3.84067E-03 1.00582E+00 3.26246E+02 
7.65611E+00 3.83840E-03 1.00581E+00 3.26245E+02 
1.53122E+01 3.83161E-03 1.00573E+00 3.26244E+02 
2.29683E+01 3.82030E-03 1.00551E+00 3.26240E+02 
3.06244E+01 3.80451E-03 1.00509E+00 3.26229E+02 
3.82805E+01 3.78428E-03 1.00439E+00 3.26204E+02 
4.59366E+01 3.75964E-03 1.00335E+00 3.26160E+02 
5.35928E+01 3.73067E-03 1.00190E+00 3.26088E+02 
6.12489E+01 3.69742E-03 9.99989E-01 3.25978E+02 
6.89050E+01 3.65999E-03 9.97551E-01 3.25819E+02 
7.65611E+01 3.61847E-03 9.94528E-01 3.25599E+02 
8.42172E+01 3.57295E-03 9.90867E-01 3.25304E+02 
9.18733E+01 3.52356E-03 9.86516E-01 3.24920E+02 
9.95294E+01 3.47043E-03 9.81429E-01 3.24433E+02 
1.07186E+02 3.41369E-03 9.75562E-01 3.23826E+02 
1.14842E+02 3.35349E-03 9.68877E-01 3.23084E+02 
1.22498E+02 3.29000E-03 9.61340E-01 3.22189E+02 
1.30154E+02 3.22339E-03 9.52923E-01 3.21125E+02 
1.37810E+02 3.15383E-03 9.43603E-01 3.19875E+02 
1.45466E+02 3.08153E-03 9.33360E-01 3.18424E+02 
1.53122E+02 3.00669E-03 9.22184E-01 3.16755E+02 
1.60778E+02 2.92950E-03 9.10069E-01 3.14853E+02 
1.68434E+02 2.85021E-03 8.97015E-01 3.12704E+02 
1.76090E+02 2.76902E-03 8.83029E-01 3.10294E+02 
1.83747E+02 2.68618E-03 8.68123E-01 3.07611E+02 
1.91403E+02 2.60191E-03 8.52316E-01 3.04646E+02 
1.99059E+02 2.51647E-03 8.35634E-01 3.01388E+02 
2.06715E+02 2.43009E-03 8.18108E-01 2.97832E+02 
2.14371E+02 2.34301E-03 7.99775E-01 2.93972E+02 
2.22027E+02 2.25550E-03 7.80678E-01 2.89804E+02 
2.29683E+02 2.16777E-03 7.60866E-01 2.85329E+02 
2.37339E+02 2.08009E-03 7.40391E-01 2.80547E+02 
2.44995E+02 1.99268E-03 7.19311E-01 2.75463E+02 
2.52652E+02 1.90578E-03 6.97687E-01 2.70083E+02 
2.60308E+02 1.81960E-03 6.75586E-01 2.64414E+02 
2.67964E+02 1.73437E-03 6.53075E-01 2.58467E+02 
2.75620E+02 1.65030E-03 6.30224E-01 2.52257E+02 
2.83276E+02 1.56757E-03 6.07107E-01 2.45797E+02 
2.90932E+02 1.48638E-03 5.83797E-01 2.39104E+02 
2.98588E+02 1.40689E-03 5.60369E-01 2.32198E+02 
3.06244E+02 1.32927E-03 5.36896E-01 2.25100E+02 
3.13900E+02 1.25366E-03 5.13453E-01 2.17831E+02 
3.21556E+02 1.18019E-03 4.90112E-01 2.10415E+02 
3.29213E+02 1.10898E-03 4.66943E-01 2.02876E+02 
3.36869E+02 1.04013E-03 4.44015E-01 1.95240E+02 
3.44525E+02 9.73730E-04 4.21393E-01 1.87533E+02 
3.52181E+02 9.09842E-04 3.99139E-01 1.79781E+02 
3.59837E+02 8.48525E-04 3.77311E-01 1.72011E+02 
3.67493E+02 7.89819E-04 3.55964E-01 1.64248E+02 
3.75149E+02 7.33752E-04 3.35147E-01 1.56518E+02 
3.82805E+02 6.80334E-04 3.14904E-01 1.48847E+02 
3.90461E+02 6.29566E-04 2.95277E-01 1.41259E+02 
3.98118E+02 5.81432E-04 2.76300E-01 1.33777E+02 
4.05774E+02 5.35908E-04 2.58004E-01 1.26423E+02 
4.13430E+02 4.92957E-04 2.40412E-01 1.19218E+02 
4.21086E+02 4.52530E-04 2.23546E-01 1.12181E+02 
4.28742E+02 4.14574E-04 2.07419E-01 1.05329E+02 
4.36398E+02 3.79022E-04 1.92042E-01 9.86778E+01 
4.44054E+02 3.45804E-04 1.77420E-01 9.22413E+01 
4.51710E+02 3.14842E-04 1.63554E-01 8.60315E+01 
4.59366E+02 2.86052E-04 1.50440E-01 8.00582E+01 
4.67023E+02 2.59347E-04 1.38072E-01 7.43297E+01 
4.74679E+02 2.34636E-04 1.26438E-01 6.88523E+01 
4.82335E+02 2.11825E-04 1.15524E-01 6.36303E+01 
4.89991E+02 1.90819E-04 1.05313E-01 5.86666E+01 
4.97647E+02 1.71523E-04 9.57852E-02 5.39620E+01 
5.05303E+02 1.53840E-04 8.69185E-02 4.95160E+01 
5.12959E+02 1.37674E-04 7.86889E-02 4.53264E+01 
5.20615E+02 1.22931E-04 7.10709E-02 4.13899E+01 
5.28271E+02 1.09519E-04 6.40376E-02 3.77017E+01 
5.35927E+02 9.73460E-05 5.75613E-02 3.42560E+01 
5.43584E+02 8.63251E-05 5.16134E-02 3.10459E+01 
5.51240E+02 7.63713E-05 4.61652E-02 2.80638E+01 
5.58896E+02 6.74030E-05 4.11878E-02 2.53013E+01 
5.66552E+02 5.93422E-05 3.66524E-02 2.27494E+01 
5.74208E+02 5.21145E-05 3.25303E-02 2.03985E+01 
5.81864E+02 4.56496E-05 2.87939E-02 1.82390E+01 
5.89520E+02 3.98809E-05 2.54156E-02 1.62606E+01 
5.97176E+02 3.47459E-05 2.23692E-02 1.44532E+01 
6.04832E+02 3.01861E-05 1.96290E-02 1.28065E+01 
6.12489E+02 2.61468E-05 1.71708E-02 1.13105E+01 
6.20145E+02 2.25773E-05 1.49711E-02 9.95491E+00 
6.27801E+02 1.94305E-05 1.30079E-02 8.73004E+00 
6.35457E+02 1.66631E-05 1.12601E-02 7.62625E+00 
6.43113E+02 1.42352E-05 9.70825E-03 6.63428E+00 
6.50769E+02 1.21104E-05 8.33380E-03 5.74520E+00 
6.58425E+02 1.02553E-05 7.11961E-03 4.95049E+00 
6.66081E+02 8.63961E-06 6.04976E-03 4.24206E+00 
6.73737E+02 7.23581E-06 5.10946E-03 3.61223E+00 
6.81394E+02 6.01906E-06 4.28515E-03 3.05377E+00 
6.89050E+02 4.96701E-06 3.56436E-03 2.55994E+00 
6.96706E+02 4.05955E-06 2.93568E-03 2.12440E+00 
7.04362E+02 3.27870E-06 2.38875E-03 1.74130E+00 
7.12018E+02 2.60844E-06 1.91414E-03 1.40523E+00 
7.19674E+02 2.03448E-06 1.50333E-03 1.11119E+00 
7.27330E+02 1.54417E-06 1.14864E-03 8.54609E-01 
7.34986E+02 1.12635E-06 8.43193E-04 6.31305E-01 
7.42642E+02 7.71151E-07 5.80803E-04 4.37473E-01 
7.50299E+02 4.69920E-07 3.55975E-04 2.69668E-01 
7.57955E+02 2.15079E-07 1.63820E-04 1.24778E-01 
