100 2 
0.00000E+00 3.85900E-03 1.00582E+00 3.24934E+02 
7.63548E+00 3.85670E-03 1.00581E+00 3.24934E+02 
1.52710E+01 3.84982E-03 1.00572E+00 3.24933E+02 
2.29064E+01 3.83836E-03 1.00550E+00 3.24929E+02 
3.05419E+01 3.82236E-03 1.00507E+00 3.24917E+02 
3.81774E+01 3.80185E-03 1.00436E+00 3.24893E+02 
4.58129E+01 3.77690E-03 1.00331E+00 3.24849E+02 
5.34484E+01 3.74755E-03 1.00185E+00 3.24776E+02 
6.10839E+01 3.71388E-03 9.99923E-01 3.24665E+02 
6.87193E+01 3.67598E-03 9.97461E-01 3.24505E+02 
7.63548E+01 3.63394E-03 9.94409E-01 3.24283E+02 
8.39903E+01 3.58787E-03 9.90713E-01 3.23986E+02 
9.16258E+01 3.53790E-03 9.86323E-01 3.23600E+02 
9.92613E+01 3.48415E-03 9.81191E-01 3.23110E+02 
1.06897E+02 3.42677E-03 9.75274E-01 3.22500E+02 
1.14532E+02 3.36591E-03 9.68534E-01 3.21753E+02 
1.22168E+02 3.30174E-03 9.60937E-01 3.20853E+02 
1.29803E+02 3.23444E-03 9.52456E-01 3.19784E+02 
1.37439E+02 3.16419E-03 9.43067E-01 3.18529E+02 
1.45074E+02 3.09119E-03 9.32754E-01 3.17072E+02 
1.52710E+02 3.01565E-03 9.21505E-01 3.15396E+02 
1.60345E+02 2.93778E-03 9.09315E-01 3.13487E+02 
1.67981E+02 2.85780E-03 8.96185E-01 3.11331E+02 
1.75616E+02 2.77595E-03 8.82122E-01 3.08915E+02 
1.83252E+02 2.69246E-03 8.67140E-01 3.06226E+02 
1.90887E+02 2.60757E-03 8.51259E-01 3.03254E+02 
1.98523E+02 2.52153E-03 8.34504E-01 2.99992E+02 
2.06158E+02 2.43457E-03 8.16909E-01 2.96431E+02 
2.13793E+02 2.34695E-03 7.98511E-01 2.92567E+02 
2.21429E+02 2.25892E-03 7.79353E-01 2.88398E+02 
2.29064E+02 2.17071E-03 7.59484E-01 2.83922E+02 
2.36700E+02 2.08257E-03 7.38959E-01 2.79142E+02 
2.44335E+02 1.99474E-03 7.17834E-01 2.74060E+02 
2.51971E+02 1.90745E-03 6.96173E-01 2.68685E+02 
2.59606E+02 1.82092E-03 6.74040E-01 2.63023E+02 
2.67242E+02 1.73537E-03 6.51505E-01 2.57087E+02 
2.74877E+02 1.65100E-03 6.28638E-01 2.50888E+02 
2.82513E+02 1.56802E-03 6.05511E-01 2.44443E+02 
2.90148E+02 1.48660E-03 5.82199E-01 2.37768E+02 
2.97784E+02 1.40691E-03 5.58776E-01 2.30882E+02 
3.05419E+02 1.32912E-03 5.35315E-01 2.23806E+02 
3.13055E+02 1.25337E-03 5.11891E-01 2.16563E+02 
3.20690E+02 1.17978E-03 4.88575E-01 2.09175E+02 
3.28326E+02 1.10848E-03 4.65438E-01 2.01666E+02 
3.35961E+02 1.03955E-03 4.42546E-01 1.94063E+02 
3.43597E+02 9.73095E-04 4.19966E-01 1.86391E+02 
3.51232E+02 9.09168E-04 3.97759E-01 1.78676E+02 
3.58868E+02 8.47827E-04 3.75981E-01 1.70945E+02 
3.66503E+02 7.89112E-04 3.54688E-01 1.63222E+02 
3.74139E+02 7.33047E-04 3.33927E-01 1.55534E+02 
3.81774E+02 6.79641E-04 3.13744E-01 1.47906E+02 
3.89410E+02 6.28893E-04 2.94178E-01 1.40362E+02 
3.97045E+02 5.80787E-04 2.75263E-01 1.32925E+02 
4.04681E+02 5.35296E-04 2.57029E-01 1.25616E+02 
4.12316E+02 4.92381E-04 2.39500E-01 1.18456E+02 
4.19952E+02 4.51996E-04 2.22696E-01 1.11463E+02 
4.27587E+02 4.14081E-04 2.06630E-01 1.04656E+02 
4.35222E+02 3.78573E-04 1.91313E-01 9.80486E+01 
4.42858E+02 3.45399E-04 1.76750E-01 9.16552E+01 
4.50493E+02 3.14480E-04 1.62941E-01 8.54873E+01 
4.58129E+02 2.85732E-04 1.49881E-01 7.95549E+01 
4.65764E+02 2.59067E-04 1.37565E-01 7.38658E+01 
4.73400E+02 2.34394E-04 1.25980E-01 6.84264E+01 
4.81035E+02 2.11620E-04 1.15113E-01 6.32407E+01 
4.88671E+02 1.90648E-04 1.04946E-01 5.83116E+01 
4.96306E+02 1.71382E-04 9.54590E-02 5.36398E+01 
5.03942E+02 1.53727E-04 8.66303E-02 4.92248E+01 
5.11577E+02 1.37587E-04 7.84358E-02 4.50644E+01 
5.19213E+02 1.22867E-04 7.08500E-02 4.11551E+01 
5.26848E+02 1.09474E-04 6.38461E-02 3.74922E+01 
5.34484E+02 9.73190E-05 5.73964E-02 3.40699E+01 
5.42119E+02 8.63132E-05 5.14727E-02 3.08815E+01 
5.49755E+02 7.63720E-05 4.60461E-02 2.79192E+01 
5.57390E+02 6.74142E-05 4.10879E-02 2.51748E+01 
5.65026E+02 5.93620E-05 3.65695E-02 2.26393E+01 
5.72661E+02 5.21411E-05 3.24624E-02 2.03033E+01 
5.80297E+02 4.56813E-05 2.87390E-02 1.81570E+01 
5.87932E+02 3.99164E-05 2.53720E-02 1.61905E+01 
5.95568E+02 3.47839E-05 2.23353E-02 1.43937E+01 
6.03203E+02 3.02255E-05 1.96033E-02 1.27564E+01 
6.10839E+02 2.61866E-05 1.71520E-02 1.12686E+01 
6.18474E+02 2.26168E-05 1.49580E-02 9.92021E+00 
6.26109E+02 1.94690E-05 1.29995E-02 8.70157E+00 
6.33745E+02 1.67002E-05 1.12555E-02 7.60313E+00 
6.41380E+02 1.42704E-05 9.70664E-03 6.61573E+00 
6.49016E+02 1.21434E-05 8.33448E-03 5.73053E+00 
6.56651E+02 1.02859E-05 7.12201E-03 4.93908E+00 
6.64287E+02 8.66768E-06 6.05334E-03 4.23334E+00 
6.71922E+02 7.26125E-06 5.11382E-03 3.60572E+00 
6.79558E+02 6.04185E-06 4.28993E-03 3.04906E+00 
6.87193E+02 4.98717E-06 3.56929E-03 2.55665E+00 
6.94829E+02 4.07713E-06 2.94053E-03 2.12223E+00 
7.02464E+02 3.29380E-06 2.39334E-03 1.73998E+00 
7.10100E+02 2.62116E-06 1.91833E-03 1.40453E+00 
7.17735E+02 2.04495E-06 1.50702E-03 1.11093E+00 
7.25371E+02 1.55254E-06 1.15176E-03 8.54630E-01 
7.33006E+02 1.13275E-06 8.45701E-04 6.31481E-01 
7.40642E+02 7.75731E-07 5.82681E-04 4.37707E-01 
7.48277E+02 4.72831E-07 3.57216E-04 2.69879E-01 
7.55913E+02 2.16462E-07 1.64429E-04 1.24905E-01 
