100 2 
0.00000E+00 3.72986E-03 1.00586E+00 3.34370E+02 
7.78120E+00 3.72777E-03 1.00585E+00 3.34370E+02 
1.55624E+01 3.72153E-03 1.00577E+00 3.34369E+02 
2.33436E+01 3.71115E-03 1.00557E+00 3.34365E+02 
3.11248E+01 3.69664E-03 1.00517E+00 3.34354E+02 
3.89060E+01 3.67802E-03 1.00451E+00 3.34331E+02 
4.66872E+01 3.65534E-03 1.00354E+00 3.34289E+02 
5.44684E+01 3.62865E-03 1.00219E+00 3.34220E+02 
6.22496E+01 3.59798E-03 1.00040E+00 3.34115E+02 
7.00308E+01 3.56341E-03 9.98106E-01 3.33963E+02 
7.78120E+01 3.52500E-03 9.95264E-01 3.33753E+02 
8.55932E+01 3.48283E-03 9.91817E-01 3.33471E+02 
9.33744E+01 3.43700E-03 9.87714E-01 3.33103E+02 
1.01156E+02 3.38761E-03 9.82907E-01 3.32635E+02 
1.08937E+02 3.33477E-03 9.77354E-01 3.32051E+02 
1.16718E+02 3.27860E-03 9.71014E-01 3.31336E+02 
1.24499E+02 3.21923E-03 9.63852E-01 3.30471E+02 
1.32280E+02 3.15681E-03 9.55836E-01 3.29441E+02 
1.40062E+02 3.09149E-03 9.46939E-01 3.28229E+02 
1.47843E+02 3.02344E-03 9.37141E-01 3.26818E+02 
1.55624E+02 2.95283E-03 9.26426E-01 3.25192E+02 
1.63405E+02 2.87984E-03 9.14783E-01 3.23334E+02 
1.71186E+02 2.80469E-03 9.02208E-01 3.21230E+02 
1.78968E+02 2.72755E-03 8.88702E-01 3.18865E+02 
1.86749E+02 2.64865E-03 8.74274E-01 3.16226E+02 
1.94530E+02 2.56821E-03 8.58937E-01 3.13301E+02 
2.02311E+02 2.48644E-03 8.42712E-01 3.10081E+02 
2.10092E+02 2.40358E-03 8.25626E-01 3.06558E+02 
2.17874E+02 2.31986E-03 8.07710E-01 3.02723E+02 
2.25655E+02 2.23551E-03 7.89003E-01 2.98574E+02 
2.33436E+02 2.15076E-03 7.69550E-01 2.94109E+02 
2.41217E+02 2.06586E-03 7.49400E-01 2.89326E+02 
2.48998E+02 1.98102E-03 7.28606E-01 2.84229E+02 
2.56780E+02 1.89649E-03 7.07229E-01 2.78823E+02 
2.64561E+02 1.81248E-03 6.85331E-01 2.73114E+02 
2.72342E+02 1.72922E-03 6.62979E-01 2.67113E+02 
2.80123E+02 1.64690E-03 6.40242E-01 2.60832E+02 
2.87904E+02 1.56574E-03 6.17193E-01 2.54286E+02 
2.95686E+02 1.48593E-03 5.93904E-01 2.47490E+02 
3.03467E+02 1.40764E-03 5.70452E-01 2.40464E+02 
3.11248E+02 1.33105E-03 5.46911E-01 2.33229E+02 
3.19029E+02 1.25630E-03 5.23357E-01 2.25806E+02 
3.26810E+02 1.18354E-03 4.99863E-01 2.18220E+02 
3.34591E+02 1.11290E-03 4.76504E-01 2.10495E+02 
3.42373E+02 1.04449E-03 4.53350E-01 2.02658E+02 
3.50154E+02 9.78407E-04 4.30468E-01 1.94735E+02 
3.57935E+02 9.14731E-04 4.07926E-01 1.86754E+02 
3.65716E+02 8.53531E-04 3.85784E-01 1.78743E+02 
3.73497E+02 7.94858E-04 3.64099E-01 1.70728E+02 
3.81279E+02 7.38750E-04 3.42927E-01 1.62738E+02 
3.89060E+02 6.85229E-04 3.22314E-01 1.54799E+02 
3.96841E+02 6.34305E-04 3.02305E-01 1.46937E+02 
4.04622E+02 5.85973E-04 2.82938E-01 1.39177E+02 
4.12403E+02 5.40216E-04 2.64248E-01 1.31542E+02 
4.20185E+02 4.97005E-04 2.46261E-01 1.24055E+02 
4.27966E+02 4.56302E-04 2.29001E-01 1.16736E+02 
4.35747E+02 4.18056E-04 2.12486E-01 1.09604E+02 
4.43528E+02 3.82209E-04 1.96728E-01 1.02677E+02 
4.51309E+02 3.48695E-04 1.81735E-01 9.59689E+01 
4.59091E+02 3.17440E-04 1.67509E-01 8.94938E+01 
4.66872E+02 2.88366E-04 1.54049E-01 8.32628E+01 
4.74653E+02 2.61387E-04 1.41350E-01 7.72848E+01 
4.82434E+02 2.36414E-04 1.29401E-01 7.15672E+01 
4.90215E+02 2.13358E-04 1.18189E-01 6.61152E+01 
4.97997E+02 1.92124E-04 1.07698E-01 6.09320E+01 
5.05778E+02 1.72616E-04 9.79088E-02 5.60192E+01 
5.13559E+02 1.54740E-04 8.87987E-02 5.13766E+01 
5.21340E+02 1.38399E-04 8.03442E-02 4.70022E+01 
5.29121E+02 1.23499E-04 7.25193E-02 4.28927E+01 
5.36903E+02 1.09947E-04 6.52969E-02 3.90435E+01 
5.44684E+02 9.76527E-05 5.86488E-02 3.54486E+01 
5.52465E+02 8.65261E-05 5.25457E-02 3.21010E+01 
5.60246E+02 7.64817E-05 4.69582E-02 2.89926E+01 
5.68027E+02 6.74371E-05 4.18564E-02 2.61148E+01 
5.75809E+02 5.93131E-05 3.72107E-02 2.34581E+01 
5.83590E+02 5.20340E-05 3.29916E-02 2.10126E+01 
5.91371E+02 4.55285E-05 2.91702E-02 1.87678E+01 
5.99152E+02 3.97288E-05 2.57183E-02 1.67133E+01 
6.06933E+02 3.45713E-05 2.26085E-02 1.48382E+01 
6.14715E+02 2.99963E-05 1.98143E-02 1.31316E+01 
6.22496E+02 2.59481E-05 1.73104E-02 1.15829E+01 
6.30277E+02 2.23751E-05 1.50726E-02 1.01813E+01 
6.38058E+02 1.92293E-05 1.30779E-02 8.91647E+00 
6.45839E+02 1.64666E-05 1.13046E-02 7.77826E+00 
6.53621E+02 1.40464E-05 9.73237E-03 6.75683E+00 
6.61402E+02 1.19315E-05 8.34200E-03 5.84276E+00 
6.69183E+02 1.00881E-05 7.11574E-03 5.02704E+00 
6.76964E+02 8.48524E-06 6.03706E-03 4.30110E+00 
6.84745E+02 7.09508E-06 5.09069E-03 3.65684E+00 
6.92527E+02 5.89239E-06 4.26259E-03 3.08665E+00 
7.00308E+02 4.85450E-06 3.53988E-03 2.58341E+00 
7.08089E+02 3.96106E-06 2.91081E-03 2.14048E+00 
7.15870E+02 3.19388E-06 2.36467E-03 1.75169E+00 
7.23651E+02 2.53678E-06 1.89178E-03 1.41136E+00 
7.31433E+02 1.97535E-06 1.48338E-03 1.11427E+00 
7.39214E+02 1.49688E-06 1.13159E-03 8.55633E-01 
7.46995E+02 1.09011E-06 8.29367E-04 6.31077E-01 
7.54776E+02 7.45175E-07 5.70397E-04 4.36646E-01 
7.62557E+02 4.53400E-07 3.49069E-04 2.68755E-01 
7.70339E+02 2.07209E-07 1.60404E-04 1.24173E-01 
