100 2 
0.00000E+00 3.91835E-03 1.00580E+00 3.20750E+02 
7.56876E+00 3.91595E-03 1.00579E+00 3.20750E+02 
1.51375E+01 3.90877E-03 1.00570E+00 3.20749E+02 
2.27063E+01 3.89683E-03 1.00547E+00 3.20745E+02 
3.02750E+01 3.88015E-03 1.00503E+00 3.20733E+02 
3.78438E+01 3.85878E-03 1.00430E+00 3.20708E+02 
4.54125E+01 3.83278E-03 1.00321E+00 3.20662E+02 
5.29813E+01 3.80222E-03 1.00171E+00 3.20588E+02 
6.05501E+01 3.76718E-03 9.99713E-01 3.20474E+02 
6.81188E+01 3.72776E-03 9.97175E-01 3.20311E+02 
7.56876E+01 3.68407E-03 9.94030E-01 3.20084E+02 
8.32563E+01 3.63623E-03 9.90226E-01 3.19781E+02 
9.08251E+01 3.58437E-03 9.85709E-01 3.19388E+02 
9.83938E+01 3.52863E-03 9.80434E-01 3.18888E+02 
1.05963E+02 3.46919E-03 9.74358E-01 3.18267E+02 
1.13531E+02 3.40620E-03 9.67443E-01 3.17507E+02 
1.21100E+02 3.33985E-03 9.59657E-01 3.16593E+02 
1.28669E+02 3.27033E-03 9.50973E-01 3.15508E+02 
1.36238E+02 3.19784E-03 9.41370E-01 3.14236E+02 
1.43806E+02 3.12260E-03 9.30833E-01 3.12760E+02 
1.51375E+02 3.04482E-03 9.19352E-01 3.11065E+02 
1.58944E+02 2.96474E-03 9.06924E-01 3.09136E+02 
1.66513E+02 2.88258E-03 8.93554E-01 3.06960E+02 
1.74081E+02 2.79860E-03 8.79251E-01 3.04523E+02 
1.81650E+02 2.71303E-03 8.64030E-01 3.01815E+02 
1.89219E+02 2.62613E-03 8.47915E-01 2.98827E+02 
1.96788E+02 2.53815E-03 8.30934E-01 2.95549E+02 
2.04356E+02 2.44934E-03 8.13121E-01 2.91975E+02 
2.11925E+02 2.35996E-03 7.94517E-01 2.88103E+02 
2.19494E+02 2.27026E-03 7.75168E-01 2.83928E+02 
2.27063E+02 2.18049E-03 7.55123E-01 2.79452E+02 
2.34631E+02 2.09089E-03 7.34440E-01 2.74677E+02 
2.42200E+02 2.00170E-03 7.13177E-01 2.69608E+02 
2.49769E+02 1.91316E-03 6.91398E-01 2.64250E+02 
2.57338E+02 1.82549E-03 6.69169E-01 2.58614E+02 
2.64906E+02 1.73890E-03 6.46560E-01 2.52710E+02 
2.72475E+02 1.65361E-03 6.23643E-01 2.46552E+02 
2.80044E+02 1.56979E-03 6.00489E-01 2.40155E+02 
2.87613E+02 1.48764E-03 5.77172E-01 2.33537E+02 
2.95182E+02 1.40731E-03 5.53767E-01 2.26717E+02 
3.02750E+02 1.32897E-03 5.30347E-01 2.19715E+02 
3.10319E+02 1.25275E-03 5.06984E-01 2.12553E+02 
3.17888E+02 1.17877E-03 4.83749E-01 2.05256E+02 
3.25457E+02 1.10715E-03 4.60712E-01 1.97845E+02 
3.33025E+02 1.03798E-03 4.37939E-01 1.90348E+02 
3.40594E+02 9.71329E-04 4.15492E-01 1.82788E+02 
3.48163E+02 9.07268E-04 3.93433E-01 1.75191E+02 
3.55732E+02 8.45843E-04 3.71816E-01 1.67583E+02 
3.63300E+02 7.87086E-04 3.50693E-01 1.59990E+02 
3.70869E+02 7.31016E-04 3.30113E-01 1.52435E+02 
3.78438E+02 6.77638E-04 3.10116E-01 1.44944E+02 
3.86007E+02 6.26945E-04 2.90742E-01 1.37539E+02 
3.93575E+02 5.78917E-04 2.72023E-01 1.30243E+02 
4.01144E+02 5.33520E-04 2.53986E-01 1.23076E+02 
4.08713E+02 4.90715E-04 2.36654E-01 1.16058E+02 
4.16282E+02 4.50447E-04 2.20046E-01 1.09208E+02 
4.23850E+02 4.12658E-04 2.04173E-01 1.02541E+02 
4.31419E+02 3.77279E-04 1.89045E-01 9.60723E+01 
4.38988E+02 3.44235E-04 1.74666E-01 8.98147E+01 
4.46557E+02 3.13444E-04 1.61034E-01 8.37793E+01 
4.54125E+02 2.84822E-04 1.48145E-01 7.79756E+01 
4.61694E+02 2.58278E-04 1.35992E-01 7.24109E+01 
4.69263E+02 2.33720E-04 1.24562E-01 6.70909E+01 
4.76832E+02 2.11053E-04 1.13841E-01 6.20197E+01 
4.84400E+02 1.90182E-04 1.03811E-01 5.71995E+01 
4.91969E+02 1.71009E-04 9.44516E-02 5.26310E+01 
4.99538E+02 1.53437E-04 8.57416E-02 4.83134E+01 
5.07107E+02 1.37372E-04 7.76567E-02 4.42445E+01 
5.14675E+02 1.22719E-04 7.01714E-02 4.04207E+01 
5.22244E+02 1.09386E-04 6.32592E-02 3.68373E+01 
5.29813E+02 9.72811E-05 5.68926E-02 3.34887E+01 
5.37382E+02 8.63186E-05 5.10438E-02 3.03680E+01 
5.44951E+02 7.64138E-05 4.56843E-02 2.74680E+01 
5.52519E+02 6.74858E-05 4.07858E-02 2.47803E+01 
5.60088E+02 5.94574E-05 3.63201E-02 2.22962E+01 
5.67657E+02 5.22549E-05 3.22593E-02 2.00067E+01 
5.75226E+02 4.58087E-05 2.85761E-02 1.79022E+01 
5.82794E+02 4.00530E-05 2.52439E-02 1.59731E+01 
5.90363E+02 3.49259E-05 2.22368E-02 1.42094E+01 
5.97932E+02 3.03697E-05 1.95301E-02 1.26014E+01 
6.05501E+02 2.63303E-05 1.70999E-02 1.11392E+01 
6.13069E+02 2.27577E-05 1.49234E-02 9.81328E+00 
6.20638E+02 1.96052E-05 1.29790E-02 8.61403E+00 
6.28207E+02 1.68301E-05 1.12464E-02 7.53229E+00 
6.35776E+02 1.43930E-05 9.70640E-03 6.55912E+00 
6.43344E+02 1.22578E-05 8.34099E-03 5.68596E+00 
6.50913E+02 1.03915E-05 7.13339E-03 4.90459E+00 
6.58482E+02 8.76407E-06 6.06807E-03 4.20721E+00 
6.66051E+02 7.34832E-06 5.13060E-03 3.58643E+00 
6.73619E+02 6.11963E-06 4.30769E-03 3.03528E+00 
6.81188E+02 5.05579E-06 3.58714E-03 2.54724E+00 
6.88757E+02 4.13688E-06 2.95779E-03 2.11621E+00 
6.96326E+02 3.34501E-06 2.40947E-03 1.73652E+00 
7.03894E+02 2.66425E-06 1.93292E-03 1.40293E+00 
7.11463E+02 2.08038E-06 1.51979E-03 1.11060E+00 
7.19032E+02 1.58080E-06 1.16251E-03 8.55093E-01 
7.26601E+02 1.15434E-06 8.54310E-04 6.32347E-01 
7.34169E+02 7.91180E-07 5.89098E-04 4.38665E-01 
7.41738E+02 4.82639E-07 3.61441E-04 2.70686E-01 
7.49307E+02 2.21126E-07 1.66505E-04 1.25377E-01 
