100 2 
0.00000E+00 3.92036E-03 1.00580E+00 3.20610E+02 
7.56650E+00 3.91796E-03 1.00579E+00 3.20610E+02 
1.51330E+01 3.91077E-03 1.00570E+00 3.20609E+02 
2.26995E+01 3.89881E-03 1.00547E+00 3.20604E+02 
3.02660E+01 3.88211E-03 1.00503E+00 3.20592E+02 
3.78325E+01 3.86071E-03 1.00429E+00 3.20567E+02 
4.53990E+01 3.83467E-03 1.00321E+00 3.20522E+02 
5.29655E+01 3.80407E-03 1.00170E+00 3.20447E+02 
6.05320E+01 3.76899E-03 9.99706E-01 3.20334E+02 
6.80985E+01 3.72952E-03 9.97165E-01 3.20170E+02 
7.56650E+01 3.68577E-03 9.94018E-01 3.19943E+02 
8.32315E+01 3.63787E-03 9.90209E-01 3.19640E+02 
9.07980E+01 3.58594E-03 9.85689E-01 3.19247E+02 
9.83644E+01 3.53014E-03 9.80409E-01 3.18747E+02 
1.05931E+02 3.47063E-03 9.74327E-01 3.18125E+02 
1.13497E+02 3.40757E-03 9.67407E-01 3.17365E+02 
1.21064E+02 3.34115E-03 9.59614E-01 3.16451E+02 
1.28630E+02 3.27155E-03 9.50924E-01 3.15365E+02 
1.36197E+02 3.19899E-03 9.41314E-01 3.14092E+02 
1.43763E+02 3.12367E-03 9.30769E-01 3.12615E+02 
1.51330E+02 3.04582E-03 9.19280E-01 3.10920E+02 
1.58896E+02 2.96566E-03 9.06845E-01 3.08990E+02 
1.66463E+02 2.88343E-03 8.93467E-01 3.06813E+02 
1.74029E+02 2.79937E-03 8.79155E-01 3.04376E+02 
1.81596E+02 2.71373E-03 8.63927E-01 3.01668E+02 
1.89162E+02 2.62676E-03 8.47804E-01 2.98678E+02 
1.96729E+02 2.53872E-03 8.30815E-01 2.95400E+02 
2.04295E+02 2.44985E-03 8.12995E-01 2.91826E+02 
2.11862E+02 2.36041E-03 7.94384E-01 2.87953E+02 
2.19428E+02 2.27065E-03 7.75028E-01 2.83779E+02 
2.26995E+02 2.18083E-03 7.54979E-01 2.79303E+02 
2.34561E+02 2.09118E-03 7.34290E-01 2.74528E+02 
2.42128E+02 2.00195E-03 7.13023E-01 2.69459E+02 
2.49694E+02 1.91336E-03 6.91240E-01 2.64102E+02 
2.57261E+02 1.82565E-03 6.69008E-01 2.58466E+02 
2.64827E+02 1.73903E-03 6.46397E-01 2.52564E+02 
2.72394E+02 1.65370E-03 6.23477E-01 2.46407E+02 
2.79960E+02 1.56986E-03 6.00322E-01 2.40012E+02 
2.87527E+02 1.48768E-03 5.77006E-01 2.33396E+02 
2.95093E+02 1.40733E-03 5.53601E-01 2.26578E+02 
3.02660E+02 1.32897E-03 5.30182E-01 2.19579E+02 
3.10226E+02 1.25274E-03 5.06821E-01 2.12420E+02 
3.17793E+02 1.17875E-03 4.83590E-01 2.05125E+02 
3.25359E+02 1.10712E-03 4.60556E-01 1.97718E+02 
3.32926E+02 1.03793E-03 4.37786E-01 1.90224E+02 
3.40492E+02 9.71277E-04 4.15345E-01 1.82668E+02 
3.48059E+02 9.07211E-04 3.93290E-01 1.75075E+02 
3.55625E+02 8.45783E-04 3.71678E-01 1.67472E+02 
3.63192E+02 7.87024E-04 3.50562E-01 1.59883E+02 
3.70758E+02 7.30954E-04 3.29987E-01 1.52332E+02 
3.78325E+02 6.77577E-04 3.09997E-01 1.44846E+02 
3.85891E+02 6.26886E-04 2.90629E-01 1.37446E+02 
3.93458E+02 5.78859E-04 2.71916E-01 1.30154E+02 
4.01024E+02 5.33466E-04 2.53886E-01 1.22992E+02 
4.08591E+02 4.90663E-04 2.36560E-01 1.15979E+02 
4.16157E+02 4.50400E-04 2.19958E-01 1.09133E+02 
4.23724E+02 4.12615E-04 2.04092E-01 1.02471E+02 
4.31290E+02 3.77240E-04 1.88971E-01 9.60068E+01 
4.38857E+02 3.44199E-04 1.74597E-01 8.97538E+01 
4.46423E+02 3.13413E-04 1.60971E-01 8.37228E+01 
4.53990E+02 2.84794E-04 1.48088E-01 7.79234E+01 
4.61556E+02 2.58254E-04 1.35940E-01 7.23628E+01 
4.69123E+02 2.33700E-04 1.24516E-01 6.70468E+01 
4.76689E+02 2.11037E-04 1.13799E-01 6.19794E+01 
4.84256E+02 1.90168E-04 1.03774E-01 5.71628E+01 
4.91822E+02 1.70998E-04 9.44188E-02 5.25977E+01 
4.99389E+02 1.53430E-04 8.57127E-02 4.82834E+01 
5.06955E+02 1.37367E-04 7.76314E-02 4.42174E+01 
5.14522E+02 1.22716E-04 7.01494E-02 4.03964E+01 
5.22088E+02 1.09384E-04 6.32402E-02 3.68157E+01 
5.29655E+02 9.72811E-05 5.68763E-02 3.34695E+01 
5.37221E+02 8.63200E-05 5.10299E-02 3.03511E+01 
5.44788E+02 7.64163E-05 4.56726E-02 2.74531E+01 
5.52354E+02 6.74892E-05 4.07761E-02 2.47673E+01 
5.59921E+02 5.94615E-05 3.63121E-02 2.22850E+01 
5.67487E+02 5.22595E-05 3.22528E-02 1.99970E+01 
5.75054E+02 4.58137E-05 2.85710E-02 1.78939E+01 
5.82620E+02 4.00582E-05 2.52399E-02 1.59659E+01 
5.90187E+02 3.49313E-05 2.22338E-02 1.42034E+01 
5.97753E+02 3.03751E-05 1.95279E-02 1.25963E+01 
6.05320E+02 2.63356E-05 1.70984E-02 1.11350E+01 
6.12886E+02 2.27628E-05 1.49224E-02 9.80979E+00 
6.20453E+02 1.96101E-05 1.29785E-02 8.61119E+00 
6.28019E+02 1.68348E-05 1.12463E-02 7.52999E+00 
6.35586E+02 1.43974E-05 9.70654E-03 6.55730E+00 
6.43152E+02 1.22619E-05 8.34132E-03 5.68452E+00 
6.50719E+02 1.03952E-05 7.13388E-03 4.90349E+00 
6.58285E+02 8.76748E-06 6.06865E-03 4.20638E+00 
6.65852E+02 7.35140E-06 5.13124E-03 3.58582E+00 
6.73418E+02 6.12238E-06 4.30835E-03 3.03485E+00 
6.80985E+02 5.05821E-06 3.58780E-03 2.54695E+00 
6.88551E+02 4.13898E-06 2.95842E-03 2.11603E+00 
6.96118E+02 3.34681E-06 2.41005E-03 1.73642E+00 
7.03684E+02 2.66576E-06 1.93345E-03 1.40289E+00 
7.11251E+02 2.08162E-06 1.52024E-03 1.11060E+00 
7.18817E+02 1.58179E-06 1.16290E-03 8.55119E-01 
7.26384E+02 1.15510E-06 8.54615E-04 6.32384E-01 
7.33950E+02 7.91720E-07 5.89324E-04 4.38703E-01 
7.41517E+02 4.82981E-07 3.61589E-04 2.70717E-01 
7.49083E+02 2.21291E-07 1.66579E-04 1.25395E-01 
