100 2 
0.00000E+00 3.73233E-03 1.00586E+00 3.34185E+02 
7.77840E+00 3.73024E-03 1.00585E+00 3.34185E+02 
1.55568E+01 3.72399E-03 1.00577E+00 3.34184E+02 
2.33352E+01 3.71358E-03 1.00556E+00 3.34180E+02 
3.11136E+01 3.69904E-03 1.00517E+00 3.34169E+02 
3.88920E+01 3.68039E-03 1.00451E+00 3.34145E+02 
4.66704E+01 3.65767E-03 1.00354E+00 3.34103E+02 
5.44488E+01 3.63092E-03 1.00218E+00 3.34035E+02 
6.22272E+01 3.60020E-03 1.00039E+00 3.33930E+02 
7.00056E+01 3.56556E-03 9.98093E-01 3.33778E+02 
7.77840E+01 3.52708E-03 9.95247E-01 3.33567E+02 
8.55624E+01 3.48484E-03 9.91795E-01 3.33285E+02 
9.33408E+01 3.43893E-03 9.87686E-01 3.32917E+02 
1.01119E+02 3.38946E-03 9.82874E-01 3.32448E+02 
1.08898E+02 3.33653E-03 9.77313E-01 3.31864E+02 
1.16676E+02 3.28027E-03 9.70965E-01 3.31147E+02 
1.24454E+02 3.22080E-03 9.63794E-01 3.30282E+02 
1.32233E+02 3.15829E-03 9.55769E-01 3.29252E+02 
1.40011E+02 3.09288E-03 9.46863E-01 3.28039E+02 
1.47790E+02 3.02473E-03 9.37055E-01 3.26627E+02 
1.55568E+02 2.95402E-03 9.26329E-01 3.24999E+02 
1.63346E+02 2.88095E-03 9.14675E-01 3.23141E+02 
1.71125E+02 2.80570E-03 9.02089E-01 3.21035E+02 
1.78903E+02 2.72847E-03 8.88572E-01 3.18669E+02 
1.86682E+02 2.64948E-03 8.74133E-01 3.16029E+02 
1.94460E+02 2.56895E-03 8.58785E-01 3.13104E+02 
2.02238E+02 2.48711E-03 8.42550E-01 3.09883E+02 
2.10017E+02 2.40417E-03 8.25453E-01 3.06358E+02 
2.17795E+02 2.32037E-03 8.07528E-01 3.02523E+02 
2.25573E+02 2.23594E-03 7.88812E-01 2.98374E+02 
2.33352E+02 2.15113E-03 7.69350E-01 2.93907E+02 
2.41130E+02 2.06616E-03 7.49192E-01 2.89125E+02 
2.48909E+02 1.98127E-03 7.28392E-01 2.84028E+02 
2.56687E+02 1.89668E-03 7.07009E-01 2.78622E+02 
2.64465E+02 1.81263E-03 6.85106E-01 2.72914E+02 
2.72244E+02 1.72932E-03 6.62750E-01 2.66915E+02 
2.80022E+02 1.64696E-03 6.40011E-01 2.60635E+02 
2.87801E+02 1.56577E-03 6.16960E-01 2.54091E+02 
2.95579E+02 1.48592E-03 5.93671E-01 2.47297E+02 
3.03357E+02 1.40761E-03 5.70219E-01 2.40274E+02 
3.11136E+02 1.33099E-03 5.46679E-01 2.33042E+02 
3.18914E+02 1.25623E-03 5.23127E-01 2.25622E+02 
3.26693E+02 1.18345E-03 4.99637E-01 2.18040E+02 
3.34471E+02 1.11280E-03 4.76282E-01 2.10319E+02 
3.42249E+02 1.04438E-03 4.53133E-01 2.02486E+02 
3.50028E+02 9.78287E-04 4.30257E-01 1.94568E+02 
3.57806E+02 9.14607E-04 4.07722E-01 1.86593E+02 
3.65585E+02 8.53405E-04 3.85587E-01 1.78587E+02 
3.73363E+02 7.94732E-04 3.63910E-01 1.70578E+02 
3.81141E+02 7.38625E-04 3.42745E-01 1.62594E+02 
3.88920E+02 6.85107E-04 3.22141E-01 1.54661E+02 
3.96698E+02 6.34187E-04 3.02141E-01 1.46806E+02 
4.04477E+02 5.85860E-04 2.82783E-01 1.39052E+02 
4.12255E+02 5.40109E-04 2.64102E-01 1.31423E+02 
4.20033E+02 4.96905E-04 2.46124E-01 1.23942E+02 
4.27812E+02 4.56208E-04 2.28873E-01 1.16630E+02 
4.35590E+02 4.17969E-04 2.12367E-01 1.09505E+02 
4.43369E+02 3.82129E-04 1.96618E-01 1.02584E+02 
4.51147E+02 3.48622E-04 1.81633E-01 9.58821E+01 
4.58925E+02 3.17375E-04 1.67416E-01 8.94133E+01 
4.66704E+02 2.88307E-04 1.53964E-01 8.31881E+01 
4.74482E+02 2.61335E-04 1.41273E-01 7.72160E+01 
4.82261E+02 2.36369E-04 1.29331E-01 7.15040E+01 
4.90039E+02 2.13319E-04 1.18126E-01 6.60573E+01 
4.97817E+02 1.92090E-04 1.07642E-01 6.08792E+01 
5.05596E+02 1.72587E-04 9.78585E-02 5.59712E+01 
5.13374E+02 1.54715E-04 8.87541E-02 5.13331E+01 
5.21153E+02 1.38379E-04 8.03049E-02 4.69630E+01 
5.28931E+02 1.23483E-04 7.24849E-02 4.28576E+01 
5.36709E+02 1.09935E-04 6.52670E-02 3.90121E+01 
5.44488E+02 9.76432E-05 5.86228E-02 3.54207E+01 
5.52266E+02 8.65192E-05 5.25234E-02 3.20762E+01 
5.60044E+02 7.64772E-05 4.69392E-02 2.89709E+01 
5.67823E+02 6.74345E-05 4.18403E-02 2.60958E+01 
5.75601E+02 5.93120E-05 3.71971E-02 2.34415E+01 
5.83380E+02 5.20344E-05 3.29803E-02 2.09982E+01 
5.91158E+02 4.55300E-05 2.91610E-02 1.87554E+01 
5.98936E+02 3.97311E-05 2.57108E-02 1.67026E+01 
6.06715E+02 3.45742E-05 2.26025E-02 1.48291E+01 
6.14493E+02 2.99997E-05 1.98096E-02 1.31239E+01 
6.22272E+02 2.59518E-05 1.73068E-02 1.15764E+01 
6.30050E+02 2.23790E-05 1.50699E-02 1.01759E+01 
6.37828E+02 1.92332E-05 1.30760E-02 8.91205E+00 
6.45607E+02 1.64705E-05 1.13033E-02 7.77464E+00 
6.53385E+02 1.40502E-05 9.73157E-03 6.75390E+00 
6.61164E+02 1.19352E-05 8.34160E-03 5.84042E+00 
6.68942E+02 1.00915E-05 7.11563E-03 5.02519E+00 
6.76720E+02 8.48841E-06 6.03717E-03 4.29966E+00 
6.84499E+02 7.09799E-06 5.09097E-03 3.65575E+00 
6.92277E+02 5.89503E-06 4.26298E-03 3.08584E+00 
7.00056E+02 4.85684E-06 3.54033E-03 2.58282E+00 
7.07834E+02 3.96312E-06 2.91129E-03 2.14006E+00 
7.15612E+02 3.19566E-06 2.36515E-03 1.75141E+00 
7.23391E+02 2.53829E-06 1.89223E-03 1.41119E+00 
7.31169E+02 1.97660E-06 1.48378E-03 1.11418E+00 
7.38948E+02 1.49787E-06 1.13194E-03 8.55588E-01 
7.46726E+02 1.09088E-06 8.29653E-04 6.31068E-01 
7.54504E+02 7.45726E-07 5.70614E-04 4.36655E-01 
7.62283E+02 4.53751E-07 3.49214E-04 2.68769E-01 
7.70061E+02 2.07376E-07 1.60475E-04 1.24183E-01 
