100 2 
0.00000E+00 3.94789E-03 1.00579E+00 3.18700E+02 
7.53554E+00 3.94545E-03 1.00578E+00 3.18700E+02 
1.50711E+01 3.93812E-03 1.00569E+00 3.18699E+02 
2.26066E+01 3.92594E-03 1.00546E+00 3.18695E+02 
3.01422E+01 3.90892E-03 1.00501E+00 3.18683E+02 
3.76777E+01 3.88712E-03 1.00426E+00 3.18657E+02 
4.52133E+01 3.86061E-03 1.00316E+00 3.18611E+02 
5.27488E+01 3.82945E-03 1.00163E+00 3.18536E+02 
6.02843E+01 3.79373E-03 9.99611E-01 3.18422E+02 
6.78199E+01 3.75356E-03 9.97035E-01 3.18256E+02 
7.53554E+01 3.70905E-03 9.93846E-01 3.18028E+02 
8.28910E+01 3.66033E-03 9.89988E-01 3.17722E+02 
9.04265E+01 3.60754E-03 9.85411E-01 3.17325E+02 
9.79621E+01 3.55082E-03 9.80066E-01 3.16821E+02 
1.05498E+02 3.49036E-03 9.73913E-01 3.16194E+02 
1.13033E+02 3.42632E-03 9.66913E-01 3.15429E+02 
1.20569E+02 3.35889E-03 9.59035E-01 3.14508E+02 
1.28104E+02 3.28827E-03 9.50253E-01 3.13416E+02 
1.35640E+02 3.21468E-03 9.40546E-01 3.12135E+02 
1.43175E+02 3.13833E-03 9.29901E-01 3.10651E+02 
1.50711E+02 3.05944E-03 9.18308E-01 3.08946E+02 
1.58246E+02 2.97827E-03 9.05766E-01 3.07008E+02 
1.65782E+02 2.89503E-03 8.92280E-01 3.04823E+02 
1.73318E+02 2.80999E-03 8.77860E-01 3.02377E+02 
1.80853E+02 2.72340E-03 8.62525E-01 2.99661E+02 
1.88389E+02 2.63550E-03 8.46297E-01 2.96665E+02 
1.95924E+02 2.54657E-03 8.29207E-01 2.93380E+02 
2.03460E+02 2.45685E-03 8.11290E-01 2.89802E+02 
2.10995E+02 2.36660E-03 7.92587E-01 2.85926E+02 
2.18531E+02 2.27607E-03 7.73146E-01 2.81750E+02 
2.26066E+02 2.18553E-03 7.53018E-01 2.77275E+02 
2.33602E+02 2.09521E-03 7.32260E-01 2.72504E+02 
2.41137E+02 2.00535E-03 7.10931E-01 2.67441E+02 
2.48673E+02 1.91619E-03 6.89096E-01 2.62093E+02 
2.56208E+02 1.82796E-03 6.66822E-01 2.56470E+02 
2.63744E+02 1.74086E-03 6.44179E-01 2.50583E+02 
2.71280E+02 1.65510E-03 6.21238E-01 2.44446E+02 
2.78815E+02 1.57087E-03 5.98072E-01 2.38074E+02 
2.86351E+02 1.48835E-03 5.74755E-01 2.31485E+02 
2.93886E+02 1.40770E-03 5.51360E-01 2.24697E+02 
3.01422E+02 1.32909E-03 5.27960E-01 2.17732E+02 
3.08957E+02 1.25263E-03 5.04628E-01 2.10612E+02 
3.16493E+02 1.17846E-03 4.81434E-01 2.03358E+02 
3.24028E+02 1.10667E-03 4.58446E-01 1.95996E+02 
3.31564E+02 1.03737E-03 4.35730E-01 1.88551E+02 
3.39099E+02 9.70624E-04 4.13349E-01 1.81046E+02 
3.46635E+02 9.06491E-04 3.91362E-01 1.73507E+02 
3.54171E+02 8.45017E-04 3.69823E-01 1.65960E+02 
3.61706E+02 7.86233E-04 3.48784E-01 1.58430E+02 
3.69242E+02 7.30155E-04 3.28290E-01 1.50940E+02 
3.76777E+02 6.76784E-04 3.08384E-01 1.43516E+02 
3.84313E+02 6.26112E-04 2.89103E-01 1.36178E+02 
3.91848E+02 5.78115E-04 2.70477E-01 1.28951E+02 
3.99384E+02 5.32759E-04 2.52536E-01 1.21853E+02 
4.06919E+02 4.90000E-04 2.35299E-01 1.14905E+02 
4.14455E+02 4.49785E-04 2.18785E-01 1.08123E+02 
4.21990E+02 4.12051E-04 2.03005E-01 1.01524E+02 
4.29526E+02 3.76729E-04 1.87968E-01 9.51223E+01 
4.37062E+02 3.43743E-04 1.73677E-01 8.89304E+01 
4.44597E+02 3.13010E-04 1.60130E-01 8.29591E+01 
4.52133E+02 2.84444E-04 1.47323E-01 7.72176E+01 
4.59668E+02 2.57954E-04 1.35248E-01 7.17129E+01 
4.67204E+02 2.33448E-04 1.23892E-01 6.64506E+01 
4.74739E+02 2.10830E-04 1.13241E-01 6.14345E+01 
4.82275E+02 1.90003E-04 1.03276E-01 5.66668E+01 
4.89810E+02 1.70871E-04 9.39783E-02 5.21480E+01 
4.97346E+02 1.53337E-04 8.53249E-02 4.78773E+01 
5.04881E+02 1.37306E-04 7.72922E-02 4.38524E+01 
5.12417E+02 1.22682E-04 6.98547E-02 4.00697E+01 
5.19953E+02 1.09374E-04 6.29861E-02 3.65245E+01 
5.27488E+02 9.72915E-05 5.66590E-02 3.32113E+01 
5.35024E+02 8.63475E-05 5.08457E-02 3.01232E+01 
5.42559E+02 7.64581E-05 4.55180E-02 2.72530E+01 
5.50095E+02 6.75424E-05 4.06477E-02 2.45925E+01 
5.57630E+02 5.95235E-05 3.62068E-02 2.21331E+01 
5.65166E+02 5.23281E-05 3.21679E-02 1.98659E+01 
5.72701E+02 4.58868E-05 2.85036E-02 1.77814E+01 
5.80237E+02 4.01339E-05 2.51877E-02 1.58701E+01 
5.87772E+02 3.50081E-05 2.21946E-02 1.41223E+01 
5.95308E+02 3.04517E-05 1.94996E-02 1.25283E+01 
6.02844E+02 2.64108E-05 1.70791E-02 1.10784E+01 
6.10379E+02 2.28356E-05 1.49106E-02 9.76313E+00 
6.17915E+02 1.96798E-05 1.29728E-02 8.57313E+00 
6.25450E+02 1.69008E-05 1.12453E-02 7.49932E+00 
6.32986E+02 1.44592E-05 9.70923E-03 6.53292E+00 
6.40521E+02 1.23192E-05 8.34676E-03 5.66546E+00 
6.48057E+02 1.04479E-05 7.14125E-03 4.88886E+00 
6.55592E+02 8.81538E-06 6.07727E-03 4.19542E+00 
6.63128E+02 7.39452E-06 5.14054E-03 3.57785E+00 
6.70663E+02 6.16077E-06 4.31787E-03 3.02928E+00 
6.78199E+02 5.09201E-06 3.59716E-03 2.54327E+00 
6.85734E+02 4.16834E-06 2.96733E-03 2.11381E+00 
6.93270E+02 3.37192E-06 2.41828E-03 1.73528E+00 
7.00806E+02 2.68686E-06 1.94083E-03 1.40252E+00 
7.08341E+02 2.09894E-06 1.52665E-03 1.11074E+00 
7.15877E+02 1.59558E-06 1.16826E-03 8.55559E-01 
7.23412E+02 1.16564E-06 8.58891E-04 6.32953E-01 
7.30948E+02 7.99248E-07 5.92497E-04 4.39262E-01 
7.38483E+02 4.87759E-07 3.63673E-04 2.71164E-01 
7.46019E+02 2.23562E-07 1.67600E-04 1.25647E-01 
