100 2 
0.00000E+00 3.72258E-03 1.00586E+00 3.34916E+02 
7.78944E+00 3.72051E-03 1.00585E+00 3.34915E+02 
1.55789E+01 3.71431E-03 1.00577E+00 3.34915E+02 
2.33683E+01 3.70398E-03 1.00557E+00 3.34910E+02 
3.11578E+01 3.68955E-03 1.00517E+00 3.34900E+02 
3.89472E+01 3.67105E-03 1.00452E+00 3.34877E+02 
4.67367E+01 3.64850E-03 1.00355E+00 3.34835E+02 
5.45261E+01 3.62195E-03 1.00221E+00 3.34766E+02 
6.23156E+01 3.59145E-03 1.00042E+00 3.34662E+02 
7.01050E+01 3.55707E-03 9.98143E-01 3.34511E+02 
7.78944E+01 3.51886E-03 9.95313E-01 3.34301E+02 
8.56839E+01 3.47692E-03 9.91881E-01 3.34020E+02 
9.34733E+01 3.43132E-03 9.87794E-01 3.33653E+02 
1.01263E+02 3.38218E-03 9.83007E-01 3.33186E+02 
1.09052E+02 3.32959E-03 9.77475E-01 3.32604E+02 
1.16842E+02 3.27369E-03 9.71158E-01 3.31890E+02 
1.24631E+02 3.21459E-03 9.64021E-01 3.31028E+02 
1.32421E+02 3.15244E-03 9.56032E-01 3.30001E+02 
1.40210E+02 3.08741E-03 9.47164E-01 3.28791E+02 
1.47999E+02 3.01963E-03 9.37396E-01 3.27383E+02 
1.55789E+02 2.94930E-03 9.26712E-01 3.25760E+02 
1.63578E+02 2.87660E-03 9.15101E-01 3.23905E+02 
1.71368E+02 2.80172E-03 9.02558E-01 3.21804E+02 
1.79157E+02 2.72485E-03 8.89085E-01 3.19442E+02 
1.86947E+02 2.64621E-03 8.74690E-01 3.16806E+02 
1.94736E+02 2.56602E-03 8.59385E-01 3.13885E+02 
2.02526E+02 2.48450E-03 8.43192E-01 3.10668E+02 
2.10315E+02 2.40188E-03 8.26135E-01 3.07146E+02 
2.18104E+02 2.31837E-03 8.08248E-01 3.03314E+02 
2.25894E+02 2.23423E-03 7.89568E-01 2.99167E+02 
2.33683E+02 2.14968E-03 7.70140E-01 2.94702E+02 
2.41473E+02 2.06496E-03 7.50012E-01 2.89919E+02 
2.49262E+02 1.98030E-03 7.29238E-01 2.84822E+02 
2.57052E+02 1.89592E-03 7.07878E-01 2.79414E+02 
2.64841E+02 1.81206E-03 6.85994E-01 2.73703E+02 
2.72631E+02 1.72892E-03 6.63654E-01 2.67699E+02 
2.80420E+02 1.64673E-03 6.40925E-01 2.61414E+02 
2.88209E+02 1.56567E-03 6.17881E-01 2.54862E+02 
2.95999E+02 1.48595E-03 5.94594E-01 2.48060E+02 
3.03788E+02 1.40774E-03 5.71141E-01 2.41026E+02 
3.11578E+02 1.33121E-03 5.47596E-01 2.33782E+02 
3.19367E+02 1.25652E-03 5.24034E-01 2.26349E+02 
3.27157E+02 1.18381E-03 5.00531E-01 2.18751E+02 
3.34946E+02 1.11321E-03 4.77159E-01 2.11014E+02 
3.42736E+02 1.04483E-03 4.53989E-01 2.03163E+02 
3.50525E+02 9.78761E-04 4.31091E-01 1.95226E+02 
3.58314E+02 9.15098E-04 4.08529E-01 1.87230E+02 
3.66104E+02 8.53905E-04 3.86366E-01 1.79203E+02 
3.73893E+02 7.95233E-04 3.64659E-01 1.71171E+02 
3.81683E+02 7.39120E-04 3.43462E-01 1.63164E+02 
3.89472E+02 6.85591E-04 3.22824E-01 1.55207E+02 
3.97262E+02 6.34655E-04 3.02789E-01 1.47326E+02 
4.05051E+02 5.86308E-04 2.83396E-01 1.39547E+02 
4.12841E+02 5.40534E-04 2.64679E-01 1.31893E+02 
4.20630E+02 4.97304E-04 2.46665E-01 1.24386E+02 
4.28419E+02 4.56581E-04 2.29378E-01 1.17048E+02 
4.36209E+02 4.18314E-04 2.12837E-01 1.09897E+02 
4.43998E+02 3.82446E-04 1.97052E-01 1.02951E+02 
4.51788E+02 3.48910E-04 1.82034E-01 9.62250E+01 
4.59577E+02 3.17635E-04 1.67783E-01 8.97318E+01 
4.67367E+02 2.88539E-04 1.54300E-01 8.34832E+01 
4.75156E+02 2.61541E-04 1.41578E-01 7.74882E+01 
4.82946E+02 2.36550E-04 1.29607E-01 7.17541E+01 
4.90735E+02 2.13476E-04 1.18375E-01 6.62863E+01 
4.98524E+02 1.92225E-04 1.07865E-01 6.10881E+01 
5.06314E+02 1.72702E-04 9.80572E-02 5.61611E+01 
5.14103E+02 1.54811E-04 8.89304E-02 5.15049E+01 
5.21893E+02 1.38458E-04 8.04603E-02 4.71178E+01 
5.29682E+02 1.23547E-04 7.26211E-02 4.29965E+01 
5.37472E+02 1.09985E-04 6.53857E-02 3.91362E+01 
5.45261E+02 9.76812E-05 5.87257E-02 3.55311E+01 
5.53051E+02 8.65466E-05 5.26118E-02 3.21739E+01 
5.60840E+02 7.64956E-05 4.70146E-02 2.90569E+01 
5.68629E+02 6.74452E-05 4.19042E-02 2.61712E+01 
5.76419E+02 5.93163E-05 3.72507E-02 2.35073E+01 
5.84208E+02 5.20333E-05 3.30248E-02 2.10552E+01 
5.91998E+02 4.55246E-05 2.91975E-02 1.88046E+01 
5.99787E+02 3.97224E-05 2.57405E-02 1.67448E+01 
6.07577E+02 3.45630E-05 2.26262E-02 1.48650E+01 
6.15366E+02 2.99865E-05 1.98282E-02 1.31543E+01 
6.23156E+02 2.59375E-05 1.73211E-02 1.16019E+01 
6.30945E+02 2.23639E-05 1.50806E-02 1.01972E+01 
6.38734E+02 1.92179E-05 1.30836E-02 8.92958E+00 
6.46524E+02 1.64553E-05 1.13085E-02 7.78898E+00 
6.54313E+02 1.40354E-05 9.73479E-03 6.76551E+00 
6.62103E+02 1.19210E-05 8.34326E-03 5.84970E+00 
6.69892E+02 1.00781E-05 7.11609E-03 5.03251E+00 
6.77682E+02 8.47595E-06 6.03673E-03 4.30534E+00 
6.85471E+02 7.08657E-06 5.08989E-03 3.66008E+00 
6.93261E+02 5.88470E-06 4.26147E-03 3.08907E+00 
7.01050E+02 4.84763E-06 3.53858E-03 2.58516E+00 
7.08839E+02 3.95502E-06 2.90943E-03 2.14171E+00 
7.16629E+02 3.18867E-06 2.36330E-03 1.75251E+00 
7.24418E+02 2.53236E-06 1.89048E-03 1.41188E+00 
7.32208E+02 1.97170E-06 1.48220E-03 1.11456E+00 
7.39997E+02 1.49395E-06 1.13057E-03 8.55765E-01 
7.47787E+02 1.08787E-06 8.28536E-04 6.31111E-01 
7.55576E+02 7.43566E-07 5.69768E-04 4.36626E-01 
7.63366E+02 4.52374E-07 3.48648E-04 2.68715E-01 
7.71155E+02 2.06720E-07 1.60195E-04 1.24142E-01 
