100 2 
0.00000E+00 3.72648E-03 1.00586E+00 3.34623E+02 
7.78503E+00 3.72440E-03 1.00585E+00 3.34623E+02 
1.55701E+01 3.71818E-03 1.00577E+00 3.34622E+02 
2.33551E+01 3.70782E-03 1.00557E+00 3.34618E+02 
3.11401E+01 3.69335E-03 1.00517E+00 3.34607E+02 
3.89251E+01 3.67478E-03 1.00452E+00 3.34584E+02 
4.67102E+01 3.65216E-03 1.00355E+00 3.34542E+02 
5.44952E+01 3.62554E-03 1.00220E+00 3.34474E+02 
6.22802E+01 3.59495E-03 1.00041E+00 3.34369E+02 
7.00652E+01 3.56046E-03 9.98123E-01 3.34217E+02 
7.78503E+01 3.52215E-03 9.95287E-01 3.34007E+02 
8.56353E+01 3.48009E-03 9.91846E-01 3.33726E+02 
9.34203E+01 3.43437E-03 9.87751E-01 3.33358E+02 
1.01205E+02 3.38509E-03 9.82953E-01 3.32891E+02 
1.08990E+02 3.33237E-03 9.77410E-01 3.32308E+02 
1.16775E+02 3.27632E-03 9.71081E-01 3.31593E+02 
1.24560E+02 3.21707E-03 9.63930E-01 3.30730E+02 
1.32345E+02 3.15478E-03 9.55927E-01 3.29701E+02 
1.40130E+02 3.08959E-03 9.47043E-01 3.28490E+02 
1.47916E+02 3.02167E-03 9.37259E-01 3.27080E+02 
1.55701E+02 2.95119E-03 9.26558E-01 3.25455E+02 
1.63486E+02 2.87834E-03 9.14930E-01 3.23599E+02 
1.71271E+02 2.80331E-03 9.02370E-01 3.21496E+02 
1.79056E+02 2.72630E-03 8.88880E-01 3.19133E+02 
1.86841E+02 2.64752E-03 8.74467E-01 3.16495E+02 
1.94626E+02 2.56719E-03 8.59145E-01 3.13572E+02 
2.02411E+02 2.48554E-03 8.42935E-01 3.10353E+02 
2.10196E+02 2.40279E-03 8.25862E-01 3.06831E+02 
2.17981E+02 2.31917E-03 8.07959E-01 3.02998E+02 
2.25766E+02 2.23492E-03 7.89265E-01 2.98849E+02 
2.33551E+02 2.15026E-03 7.69824E-01 2.94384E+02 
2.41336E+02 2.06544E-03 7.49683E-01 2.89601E+02 
2.49121E+02 1.98069E-03 7.28899E-01 2.84504E+02 
2.56906E+02 1.89623E-03 7.07530E-01 2.79097E+02 
2.64691E+02 1.81228E-03 6.85639E-01 2.73387E+02 
2.72476E+02 1.72908E-03 6.63292E-01 2.67385E+02 
2.80261E+02 1.64682E-03 6.40559E-01 2.61102E+02 
2.88046E+02 1.56571E-03 6.17512E-01 2.54553E+02 
2.95831E+02 1.48594E-03 5.94224E-01 2.47755E+02 
3.03616E+02 1.40769E-03 5.70771E-01 2.40725E+02 
3.11401E+02 1.33112E-03 5.47229E-01 2.33485E+02 
3.19186E+02 1.25640E-03 5.23671E-01 2.26058E+02 
3.26971E+02 1.18367E-03 5.00173E-01 2.18466E+02 
3.34756E+02 1.11304E-03 4.76808E-01 2.10736E+02 
3.42541E+02 1.04465E-03 4.53646E-01 2.02892E+02 
3.50326E+02 9.78571E-04 4.30757E-01 1.94963E+02 
3.58111E+02 9.14901E-04 4.08206E-01 1.86975E+02 
3.65896E+02 8.53704E-04 3.86054E-01 1.78956E+02 
3.73681E+02 7.95031E-04 3.64359E-01 1.70934E+02 
3.81466E+02 7.38921E-04 3.43175E-01 1.62936E+02 
3.89251E+02 6.85397E-04 3.22550E-01 1.54988E+02 
3.97036E+02 6.34467E-04 3.02529E-01 1.47118E+02 
4.04821E+02 5.86128E-04 2.83151E-01 1.39348E+02 
4.12606E+02 5.40363E-04 2.64447E-01 1.31705E+02 
4.20391E+02 4.97144E-04 2.46448E-01 1.24208E+02 
4.28176E+02 4.56431E-04 2.29176E-01 1.16881E+02 
4.35962E+02 4.18175E-04 2.12649E-01 1.09740E+02 
4.43747E+02 3.82318E-04 1.96878E-01 1.02804E+02 
4.51532E+02 3.48794E-04 1.81873E-01 9.60876E+01 
4.59317E+02 3.17530E-04 1.67636E-01 8.96042E+01 
4.67102E+02 2.88446E-04 1.54165E-01 8.33650E+01 
4.74887E+02 2.61458E-04 1.41456E-01 7.73791E+01 
4.82672E+02 2.36477E-04 1.29497E-01 7.16539E+01 
4.90457E+02 2.13412E-04 1.18275E-01 6.61946E+01 
4.98242E+02 1.92170E-04 1.07776E-01 6.10044E+01 
5.06027E+02 1.72656E-04 9.79776E-02 5.60850E+01 
5.13812E+02 1.54773E-04 8.88598E-02 5.14361E+01 
5.21597E+02 1.38426E-04 8.03980E-02 4.70558E+01 
5.29382E+02 1.23521E-04 7.25665E-02 4.29408E+01 
5.37167E+02 1.09965E-04 6.53381E-02 3.90865E+01 
5.44952E+02 9.76658E-05 5.86844E-02 3.54868E+01 
5.52737E+02 8.65355E-05 5.25763E-02 3.21348E+01 
5.60522E+02 7.64881E-05 4.69843E-02 2.90224E+01 
5.68307E+02 6.74408E-05 4.18785E-02 2.61409E+01 
5.76092E+02 5.93145E-05 3.72292E-02 2.34809E+01 
5.83877E+02 5.20337E-05 3.30070E-02 2.10324E+01 
5.91662E+02 4.55267E-05 2.91829E-02 1.87849E+01 
5.99447E+02 3.97258E-05 2.57286E-02 1.67279E+01 
6.07232E+02 3.45674E-05 2.26167E-02 1.48506E+01 
6.15017E+02 2.99917E-05 1.98207E-02 1.31421E+01 
6.22802E+02 2.59431E-05 1.73153E-02 1.15917E+01 
6.30587E+02 2.23698E-05 1.50763E-02 1.01886E+01 
6.38372E+02 1.92240E-05 1.30806E-02 8.92255E+00 
6.46157E+02 1.64613E-05 1.13064E-02 7.78323E+00 
6.53942E+02 1.40413E-05 9.73349E-03 6.76086E+00 
6.61727E+02 1.19266E-05 8.34258E-03 5.84598E+00 
6.69512E+02 1.00834E-05 7.11589E-03 5.02957E+00 
6.77297E+02 8.48091E-06 6.03690E-03 4.30306E+00 
6.85082E+02 7.09111E-06 5.09031E-03 3.65834E+00 
6.92867E+02 5.88881E-06 4.26206E-03 3.08777E+00 
7.00652E+02 4.85130E-06 3.53927E-03 2.58422E+00 
7.08438E+02 3.95825E-06 2.91016E-03 2.14104E+00 
7.16222E+02 3.19146E-06 2.36403E-03 1.75207E+00 
7.24008E+02 2.53472E-06 1.89117E-03 1.41160E+00 
7.31793E+02 1.97365E-06 1.48283E-03 1.11441E+00 
7.39578E+02 1.49551E-06 1.13112E-03 8.55693E-01 
7.47363E+02 1.08907E-06 8.28980E-04 6.31092E-01 
7.55148E+02 7.44426E-07 5.70104E-04 4.36636E-01 
7.62933E+02 4.52922E-07 3.48873E-04 2.68736E-01 
7.70718E+02 2.06981E-07 1.60306E-04 1.24158E-01 
