100 2 
0.00000E+00 3.80733E-03 1.00583E+00 3.28653E+02 
7.69365E+00 3.80512E-03 1.00582E+00 3.28653E+02 
1.53873E+01 3.79849E-03 1.00574E+00 3.28652E+02 
2.30810E+01 3.78747E-03 1.00553E+00 3.28648E+02 
3.07746E+01 3.77206E-03 1.00511E+00 3.28637E+02 
3.84683E+01 3.75231E-03 1.00442E+00 3.28613E+02 
4.61619E+01 3.72826E-03 1.00340E+00 3.28569E+02 
5.38556E+01 3.69997E-03 1.00199E+00 3.28498E+02 
6.15492E+01 3.66750E-03 1.00011E+00 3.28389E+02 
6.92429E+01 3.63093E-03 9.97716E-01 3.28233E+02 
7.69365E+01 3.59034E-03 9.94746E-01 3.28015E+02 
8.46302E+01 3.54583E-03 9.91148E-01 3.27724E+02 
9.23239E+01 3.49751E-03 9.86871E-01 3.27345E+02 
1.00018E+02 3.44550E-03 9.81866E-01 3.26863E+02 
1.07711E+02 3.38993E-03 9.76092E-01 3.26263E+02 
1.15405E+02 3.33094E-03 9.69509E-01 3.25528E+02 
1.23098E+02 3.26868E-03 9.62083E-01 3.24642E+02 
1.30792E+02 3.20332E-03 9.53784E-01 3.23588E+02 
1.38486E+02 3.13504E-03 9.44589E-01 3.22349E+02 
1.46179E+02 3.06401E-03 9.34477E-01 3.20910E+02 
1.53873E+02 2.99043E-03 9.23437E-01 3.19253E+02 
1.61567E+02 2.91450E-03 9.11461E-01 3.17363E+02 
1.69260E+02 2.83644E-03 8.98547E-01 3.15227E+02 
1.76954E+02 2.75647E-03 8.84702E-01 3.12829E+02 
1.84648E+02 2.67481E-03 8.69936E-01 3.10159E+02 
1.92341E+02 2.59168E-03 8.54267E-01 3.07205E+02 
2.00035E+02 2.50734E-03 8.37719E-01 3.03958E+02 
2.07729E+02 2.42201E-03 8.20321E-01 3.00410E+02 
2.15422E+02 2.33594E-03 8.02110E-01 2.96557E+02 
2.23116E+02 2.24936E-03 7.83127E-01 2.92394E+02 
2.30810E+02 2.16253E-03 7.63419E-01 2.87920E+02 
2.38503E+02 2.07568E-03 7.43038E-01 2.83137E+02 
2.46197E+02 1.98904E-03 7.22041E-01 2.78048E+02 
2.53891E+02 1.90284E-03 7.00489E-01 2.72659E+02 
2.61584E+02 1.81731E-03 6.78446E-01 2.66977E+02 
2.69278E+02 1.73267E-03 6.55980E-01 2.61014E+02 
2.76972E+02 1.64912E-03 6.33161E-01 2.54782E+02 
2.84665E+02 1.56687E-03 6.10063E-01 2.48295E+02 
2.92359E+02 1.48609E-03 5.86758E-01 2.41571E+02 
3.00053E+02 1.40696E-03 5.63321E-01 2.34629E+02 
3.07746E+02 1.32965E-03 5.39827E-01 2.27489E+02 
3.15440E+02 1.25430E-03 5.16350E-01 2.20174E+02 
3.23133E+02 1.18104E-03 4.92963E-01 2.12707E+02 
3.30827E+02 1.11001E-03 4.69737E-01 2.05112E+02 
3.38521E+02 1.04129E-03 4.46741E-01 1.97416E+02 
3.46214E+02 9.74989E-04 4.24042E-01 1.89645E+02 
3.53908E+02 9.11168E-04 4.01703E-01 1.81825E+02 
3.61602E+02 8.49891E-04 3.79782E-01 1.73983E+02 
3.69295E+02 7.91200E-04 3.58335E-01 1.66146E+02 
3.76989E+02 7.35125E-04 3.37413E-01 1.58339E+02 
3.84683E+02 6.81682E-04 3.17062E-01 1.50589E+02 
3.92376E+02 6.30872E-04 2.97322E-01 1.42920E+02 
4.00070E+02 5.82685E-04 2.78231E-01 1.35356E+02 
4.07764E+02 5.37096E-04 2.59819E-01 1.27920E+02 
4.15457E+02 4.94073E-04 2.42111E-01 1.20632E+02 
4.23151E+02 4.53569E-04 2.25130E-01 1.13512E+02 
4.30845E+02 4.15531E-04 2.08889E-01 1.06577E+02 
4.38538E+02 3.79897E-04 1.93401E-01 9.98452E+01 
4.46232E+02 3.46596E-04 1.78670E-01 9.33292E+01 
4.53926E+02 3.15551E-04 1.64699E-01 8.70415E+01 
4.61619E+02 2.86681E-04 1.51485E-01 8.09928E+01 
4.69313E+02 2.59899E-04 1.39020E-01 7.51912E+01 
4.77007E+02 2.35114E-04 1.27294E-01 6.96435E+01 
4.84700E+02 2.12234E-04 1.16293E-01 6.43543E+01 
4.92394E+02 1.91165E-04 1.06001E-01 5.93264E+01 
5.00088E+02 1.71809E-04 9.63968E-02 5.45609E+01 
5.07781E+02 1.54071E-04 8.74593E-02 5.00574E+01 
5.15475E+02 1.37857E-04 7.91644E-02 4.58139E+01 
5.23169E+02 1.23070E-04 7.14863E-02 4.18269E+01 
5.30862E+02 1.09619E-04 6.43982E-02 3.80917E+01 
5.38556E+02 9.74126E-05 5.78720E-02 3.46025E+01 
5.46250E+02 8.63627E-05 5.18792E-02 3.13523E+01 
5.53943E+02 7.63842E-05 4.63907E-02 2.83334E+01 
5.61637E+02 6.73952E-05 4.13774E-02 2.55373E+01 
5.69330E+02 5.93173E-05 3.68100E-02 2.29548E+01 
5.77024E+02 5.20761E-05 3.26600E-02 2.05764E+01 
5.84718E+02 4.56006E-05 2.88991E-02 1.83920E+01 
5.92411E+02 3.98241E-05 2.54997E-02 1.63915E+01 
6.00105E+02 3.46837E-05 2.24351E-02 1.45644E+01 
6.07799E+02 3.01205E-05 1.96794E-02 1.29003E+01 
6.15492E+02 2.60796E-05 1.72082E-02 1.13889E+01 
6.23186E+02 2.25099E-05 1.49976E-02 1.00200E+01 
6.30880E+02 1.93643E-05 1.30255E-02 8.78354E+00 
6.38573E+02 1.65991E-05 1.12705E-02 7.66976E+00 
6.46267E+02 1.41742E-05 9.71294E-03 6.66926E+00 
6.53961E+02 1.20529E-05 8.33407E-03 5.77295E+00 
6.61654E+02 1.02019E-05 7.11658E-03 4.97217E+00 
6.69348E+02 8.59047E-06 6.04434E-03 4.25869E+00 
6.77042E+02 7.19117E-06 5.10247E-03 3.62470E+00 
6.84735E+02 5.97901E-06 4.27723E-03 3.06288E+00 
6.92429E+02 4.93152E-06 3.55605E-03 2.56635E+00 
7.00123E+02 4.02855E-06 2.92742E-03 2.12871E+00 
7.07816E+02 3.25206E-06 2.38087E-03 1.74400E+00 
7.15510E+02 2.58596E-06 1.90690E-03 1.40673E+00 
7.23204E+02 2.01596E-06 1.49692E-03 1.11185E+00 
7.30897E+02 1.52937E-06 1.14320E-03 8.54713E-01 
7.38591E+02 1.11502E-06 8.38796E-04 6.31086E-01 
7.46284E+02 7.63039E-07 5.77508E-04 4.37122E-01 
7.53978E+02 4.64765E-07 3.53795E-04 2.69331E-01 
7.61672E+02 2.12623E-07 1.62744E-04 1.24566E-01 
