100 2 
0.00000E+00 3.74671E-03 1.00585E+00 3.33111E+02 
7.76211E+00 3.74460E-03 1.00584E+00 3.33111E+02 
1.55242E+01 3.73828E-03 1.00576E+00 3.33110E+02 
2.32863E+01 3.72776E-03 1.00556E+00 3.33106E+02 
3.10484E+01 3.71305E-03 1.00516E+00 3.33095E+02 
3.88105E+01 3.69419E-03 1.00449E+00 3.33072E+02 
4.65726E+01 3.67121E-03 1.00351E+00 3.33029E+02 
5.43347E+01 3.64417E-03 1.00214E+00 3.32960E+02 
6.20969E+01 3.61311E-03 1.00033E+00 3.32854E+02 
6.98590E+01 3.57810E-03 9.98020E-01 3.32702E+02 
7.76211E+01 3.53921E-03 9.95150E-01 3.32490E+02 
8.53832E+01 3.49654E-03 9.91670E-01 3.32205E+02 
9.31453E+01 3.45017E-03 9.87528E-01 3.31835E+02 
1.00907E+02 3.40020E-03 9.82678E-01 3.31364E+02 
1.08669E+02 3.34677E-03 9.77076E-01 3.30777E+02 
1.16432E+02 3.28998E-03 9.70683E-01 3.30057E+02 
1.24194E+02 3.22998E-03 9.63462E-01 3.29187E+02 
1.31956E+02 3.16692E-03 9.55384E-01 3.28152E+02 
1.39718E+02 3.10095E-03 9.46421E-01 3.26934E+02 
1.47480E+02 3.03225E-03 9.36554E-01 3.25517E+02 
1.55242E+02 2.96099E-03 9.25766E-01 3.23883E+02 
1.63004E+02 2.88737E-03 9.14050E-01 3.22018E+02 
1.70766E+02 2.81157E-03 9.01400E-01 3.19906E+02 
1.78528E+02 2.73382E-03 8.87819E-01 3.17534E+02 
1.86291E+02 2.65432E-03 8.73316E-01 3.14888E+02 
1.94053E+02 2.57329E-03 8.57905E-01 3.11957E+02 
2.01815E+02 2.49096E-03 8.41609E-01 3.08730E+02 
2.09577E+02 2.40756E-03 8.24453E-01 3.05201E+02 
2.17339E+02 2.32332E-03 8.06471E-01 3.01362E+02 
2.25101E+02 2.23848E-03 7.87703E-01 2.97210E+02 
2.32863E+02 2.15328E-03 7.68193E-01 2.92742E+02 
2.40625E+02 2.06795E-03 7.47991E-01 2.87959E+02 
2.48387E+02 1.98272E-03 7.27152E-01 2.82863E+02 
2.56150E+02 1.89782E-03 7.05736E-01 2.77460E+02 
2.63912E+02 1.81348E-03 6.83805E-01 2.71757E+02 
2.71674E+02 1.72991E-03 6.61427E-01 2.65764E+02 
2.79436E+02 1.64733E-03 6.38671E-01 2.59494E+02 
2.87198E+02 1.56593E-03 6.15610E-01 2.52960E+02 
2.94960E+02 1.48591E-03 5.92318E-01 2.46180E+02 
3.02722E+02 1.40743E-03 5.68868E-01 2.39172E+02 
3.10484E+02 1.33068E-03 5.45337E-01 2.31957E+02 
3.18246E+02 1.25580E-03 5.21800E-01 2.24558E+02 
3.26008E+02 1.18294E-03 4.98329E-01 2.16997E+02 
3.33771E+02 1.11221E-03 4.74999E-01 2.09301E+02 
3.41533E+02 1.04374E-03 4.51879E-01 2.01495E+02 
3.49295E+02 9.77607E-04 4.29038E-01 1.93605E+02 
3.57057E+02 9.13901E-04 4.06540E-01 1.85660E+02 
3.64819E+02 8.52685E-04 3.84447E-01 1.77686E+02 
3.72581E+02 7.94010E-04 3.62815E-01 1.69711E+02 
3.80343E+02 7.37911E-04 3.41698E-01 1.61761E+02 
3.88105E+02 6.84409E-04 3.21143E-01 1.53864E+02 
3.95867E+02 6.33512E-04 3.01193E-01 1.46044E+02 
4.03630E+02 5.85214E-04 2.81888E-01 1.38327E+02 
4.11392E+02 5.39495E-04 2.63259E-01 1.30736E+02 
4.19154E+02 4.96328E-04 2.45334E-01 1.23293E+02 
4.26916E+02 4.55670E-04 2.28136E-01 1.16018E+02 
4.34678E+02 4.17472E-04 2.11682E-01 1.08930E+02 
4.42440E+02 3.81673E-04 1.95984E-01 1.02046E+02 
4.50202E+02 3.48208E-04 1.81049E-01 9.53809E+01 
4.57964E+02 3.17001E-04 1.66880E-01 8.89475E+01 
4.65726E+02 2.87973E-04 1.53475E-01 8.27569E+01 
4.73489E+02 2.61039E-04 1.40828E-01 7.68182E+01 
4.81251E+02 2.36110E-04 1.28928E-01 7.11383E+01 
4.89013E+02 2.13094E-04 1.17764E-01 6.57225E+01 
4.96775E+02 1.91897E-04 1.07317E-01 6.05739E+01 
5.04537E+02 1.72424E-04 9.75689E-02 5.56938E+01 
5.12299E+02 1.54579E-04 8.84974E-02 5.10821E+01 
5.20061E+02 1.38267E-04 8.00785E-02 4.67369E+01 
5.27823E+02 1.23394E-04 7.22865E-02 4.26547E+01 
5.35585E+02 1.09865E-04 6.50941E-02 3.88309E+01 
5.43347E+02 9.75906E-05 5.84733E-02 3.52595E+01 
5.51110E+02 8.64817E-05 5.23949E-02 3.19336E+01 
5.58872E+02 7.64527E-05 4.68296E-02 2.88452E+01 
5.66634E+02 6.74210E-05 4.17476E-02 2.59856E+01 
5.74396E+02 5.93078E-05 3.71194E-02 2.33455E+01 
5.82158E+02 5.20378E-05 3.29159E-02 2.09149E+01 
5.89920E+02 4.55394E-05 2.91081E-02 1.86837E+01 
5.97682E+02 3.97453E-05 2.56680E-02 1.66411E+01 
6.05444E+02 3.45921E-05 2.25684E-02 1.47767E+01 
6.13206E+02 3.00201E-05 1.97829E-02 1.30797E+01 
6.20969E+02 2.59739E-05 1.72864E-02 1.15393E+01 
6.28731E+02 2.24020E-05 1.50547E-02 1.01450E+01 
6.36493E+02 1.92566E-05 1.30652E-02 8.88653E+00 
6.44255E+02 1.64936E-05 1.12961E-02 7.75378E+00 
6.52017E+02 1.40726E-05 9.72715E-03 6.73704E+00 
6.59779E+02 1.19566E-05 8.33943E-03 5.82694E+00 
6.67541E+02 1.01117E-05 7.11520E-03 5.01457E+00 
6.75303E+02 8.50712E-06 6.03803E-03 4.29142E+00 
6.83065E+02 7.11512E-06 5.09273E-03 3.64947E+00 
6.90828E+02 5.91051E-06 4.26534E-03 3.08117E+00 
6.98590E+02 4.87065E-06 3.54304E-03 2.57945E+00 
7.06352E+02 3.97523E-06 2.91413E-03 2.13771E+00 
7.14114E+02 3.20612E-06 2.36795E-03 1.74985E+00 
7.21876E+02 2.54714E-06 1.89487E-03 1.41023E+00 
7.29638E+02 1.98391E-06 1.48617E-03 1.11364E+00 
7.37400E+02 1.50374E-06 1.13400E-03 8.55355E-01 
7.45162E+02 1.09537E-06 8.31330E-04 6.31022E-01 
7.52924E+02 7.48950E-07 5.71882E-04 4.36711E-01 
7.60686E+02 4.55804E-07 3.50059E-04 2.68856E-01 
7.68449E+02 2.08354E-07 1.60895E-04 1.24247E-01 
