100 2 
0.00000E+00 3.96556E-03 1.00578E+00 3.17486E+02 
7.51568E+00 3.96308E-03 1.00577E+00 3.17486E+02 
1.50314E+01 3.95567E-03 1.00568E+00 3.17484E+02 
2.25471E+01 3.94334E-03 1.00545E+00 3.17480E+02 
3.00627E+01 3.92612E-03 1.00499E+00 3.17468E+02 
3.75784E+01 3.90407E-03 1.00424E+00 3.17442E+02 
4.50941E+01 3.87725E-03 1.00313E+00 3.17396E+02 
5.26098E+01 3.84573E-03 1.00159E+00 3.17320E+02 
6.01255E+01 3.80961E-03 9.99550E-01 3.17205E+02 
6.76412E+01 3.76900E-03 9.96952E-01 3.17039E+02 
7.51568E+01 3.72400E-03 9.93737E-01 3.16809E+02 
8.26725E+01 3.67475E-03 9.89848E-01 3.16502E+02 
9.01882E+01 3.62140E-03 9.85234E-01 3.16102E+02 
9.77039E+01 3.56410E-03 9.79849E-01 3.15596E+02 
1.05220E+02 3.50303E-03 9.73650E-01 3.14966E+02 
1.12735E+02 3.43836E-03 9.66601E-01 3.14198E+02 
1.20251E+02 3.37029E-03 9.58669E-01 3.13273E+02 
1.27767E+02 3.29902E-03 9.49829E-01 3.12176E+02 
1.35282E+02 3.22477E-03 9.40061E-01 3.10891E+02 
1.42798E+02 3.14776E-03 9.29352E-01 3.09401E+02 
1.50314E+02 3.06822E-03 9.17693E-01 3.07692E+02 
1.57829E+02 2.98639E-03 9.05084E-01 3.05749E+02 
1.65345E+02 2.90251E-03 8.91530E-01 3.03558E+02 
1.72861E+02 2.81685E-03 8.77042E-01 3.01108E+02 
1.80376E+02 2.72964E-03 8.61639E-01 2.98387E+02 
1.87892E+02 2.64116E-03 8.45345E-01 2.95386E+02 
1.95408E+02 2.55165E-03 8.28191E-01 2.92098E+02 
2.02923E+02 2.46139E-03 8.10213E-01 2.88516E+02 
2.10439E+02 2.37062E-03 7.91453E-01 2.84639E+02 
2.17955E+02 2.27961E-03 7.71958E-01 2.80462E+02 
2.25471E+02 2.18860E-03 7.51781E-01 2.75989E+02 
2.32986E+02 2.09785E-03 7.30979E-01 2.71220E+02 
2.40502E+02 2.00760E-03 7.09612E-01 2.66161E+02 
2.48018E+02 1.91807E-03 6.87745E-01 2.60819E+02 
2.55533E+02 1.82950E-03 6.65445E-01 2.55205E+02 
2.63049E+02 1.74209E-03 6.42782E-01 2.49328E+02 
2.70565E+02 1.65605E-03 6.19828E-01 2.43204E+02 
2.78080E+02 1.57158E-03 5.96655E-01 2.36847E+02 
2.85596E+02 1.48884E-03 5.73337E-01 2.30275E+02 
2.93112E+02 1.40800E-03 5.49949E-01 2.23507E+02 
3.00627E+02 1.32922E-03 5.26561E-01 2.16564E+02 
3.08143E+02 1.25262E-03 5.03247E-01 2.09468E+02 
3.15659E+02 1.17833E-03 4.80077E-01 2.02241E+02 
3.23174E+02 1.10645E-03 4.57119E-01 1.94908E+02 
3.30690E+02 1.03707E-03 4.34438E-01 1.87493E+02 
3.38206E+02 9.70260E-04 4.12095E-01 1.80021E+02 
3.45721E+02 9.06082E-04 3.90150E-01 1.72517E+02 
3.53237E+02 8.44578E-04 3.68658E-01 1.65006E+02 
3.60753E+02 7.85776E-04 3.47667E-01 1.57513E+02 
3.68269E+02 7.29690E-04 3.27225E-01 1.50062E+02 
3.75784E+02 6.76322E-04 3.07372E-01 1.42676E+02 
3.83300E+02 6.25659E-04 2.88145E-01 1.35379E+02 
3.90816E+02 5.77678E-04 2.69576E-01 1.28192E+02 
3.98331E+02 5.32344E-04 2.51690E-01 1.21135E+02 
4.05847E+02 4.89611E-04 2.34509E-01 1.14227E+02 
4.13363E+02 4.49425E-04 2.18050E-01 1.07486E+02 
4.20878E+02 4.11722E-04 2.02325E-01 1.00927E+02 
4.28394E+02 3.76432E-04 1.87341E-01 9.45652E+01 
4.35910E+02 3.43478E-04 1.73101E-01 8.84119E+01 
4.43425E+02 3.12777E-04 1.59605E-01 8.24784E+01 
4.50941E+02 2.84243E-04 1.46846E-01 7.67733E+01 
4.58457E+02 2.57784E-04 1.34816E-01 7.13039E+01 
4.65972E+02 2.33307E-04 1.23504E-01 6.60755E+01 
4.73488E+02 2.10715E-04 1.12893E-01 6.10918E+01 
4.81004E+02 1.89914E-04 1.02967E-01 5.63549E+01 
4.88520E+02 1.70805E-04 9.37044E-02 5.18654E+01 
4.96035E+02 1.53292E-04 8.50841E-02 4.76222E+01 
5.03551E+02 1.37279E-04 7.70818E-02 4.36231E+01 
5.11067E+02 1.22672E-04 6.96723E-02 3.98645E+01 
5.18582E+02 1.09378E-04 6.28291E-02 3.63418E+01 
5.26098E+02 9.73074E-05 5.65250E-02 3.30492E+01 
5.33614E+02 8.63736E-05 5.07323E-02 2.99803E+01 
5.41129E+02 7.64924E-05 4.54230E-02 2.71275E+01 
5.48645E+02 6.75832E-05 4.05692E-02 2.44830E+01 
5.56161E+02 5.95693E-05 3.61428E-02 2.20381E+01 
5.63676E+02 5.23774E-05 3.21164E-02 1.97839E+01 
5.71192E+02 4.59384E-05 2.84631E-02 1.77111E+01 
5.78708E+02 4.01867E-05 2.51566E-02 1.58103E+01 
5.86223E+02 3.50611E-05 2.21715E-02 1.40717E+01 
5.93739E+02 3.05040E-05 1.94832E-02 1.24859E+01 
6.01255E+02 2.64619E-05 1.70684E-02 1.10432E+01 
6.08770E+02 2.28848E-05 1.49045E-02 9.73414E+00 
6.16286E+02 1.97267E-05 1.29703E-02 8.54954E+00 
6.23802E+02 1.69450E-05 1.12457E-02 7.48036E+00 
6.31318E+02 1.45005E-05 9.71190E-03 6.51790E+00 
6.38833E+02 1.23574E-05 8.35105E-03 5.65376E+00 
6.46349E+02 1.04829E-05 7.14667E-03 4.87993E+00 
6.53865E+02 8.84718E-06 6.08339E-03 4.18877E+00 
6.61380E+02 7.42309E-06 5.14701E-03 3.57306E+00 
6.68896E+02 6.18618E-06 4.32440E-03 3.02598E+00 
6.76412E+02 5.11435E-06 3.60352E-03 2.54114E+00 
6.83927E+02 4.18772E-06 2.97335E-03 2.11256E+00 
6.91443E+02 3.38849E-06 2.42381E-03 1.73470E+00 
6.98959E+02 2.70076E-06 1.94576E-03 1.40240E+00 
7.06474E+02 2.11035E-06 1.53093E-03 1.11093E+00 
7.13990E+02 1.60467E-06 1.17182E-03 8.55916E-01 
7.21506E+02 1.17257E-06 8.61727E-04 6.33373E-01 
7.29021E+02 8.04202E-07 5.94600E-04 4.39661E-01 
7.36537E+02 4.90900E-07 3.65051E-04 2.71474E-01 
7.44053E+02 2.25055E-07 1.68275E-04 1.25821E-01 
