100 2 
0.00000E+00 3.72839E-03 1.00586E+00 3.34479E+02 
7.78286E+00 3.72631E-03 1.00585E+00 3.34479E+02 
1.55657E+01 3.72008E-03 1.00577E+00 3.34478E+02 
2.33486E+01 3.70971E-03 1.00557E+00 3.34474E+02 
3.11314E+01 3.69521E-03 1.00517E+00 3.34463E+02 
3.89143E+01 3.67662E-03 1.00452E+00 3.34440E+02 
4.66971E+01 3.65397E-03 1.00354E+00 3.34398E+02 
5.44800E+01 3.62730E-03 1.00219E+00 3.34330E+02 
6.22629E+01 3.59667E-03 1.00040E+00 3.34225E+02 
7.00457E+01 3.56213E-03 9.98113E-01 3.34073E+02 
7.78286E+01 3.52376E-03 9.95274E-01 3.33863E+02 
8.56114E+01 3.48164E-03 9.91830E-01 3.33581E+02 
9.33943E+01 3.43586E-03 9.87730E-01 3.33214E+02 
1.01177E+02 3.38652E-03 9.82927E-01 3.32746E+02 
1.08960E+02 3.33373E-03 9.77378E-01 3.32163E+02 
1.16743E+02 3.27761E-03 9.71043E-01 3.31447E+02 
1.24526E+02 3.21829E-03 9.63886E-01 3.30583E+02 
1.32309E+02 3.15593E-03 9.55875E-01 3.29554E+02 
1.40091E+02 3.09067E-03 9.46984E-01 3.28342E+02 
1.47874E+02 3.02267E-03 9.37192E-01 3.26932E+02 
1.55657E+02 2.95212E-03 9.26483E-01 3.25306E+02 
1.63440E+02 2.87919E-03 9.14847E-01 3.23449E+02 
1.71223E+02 2.80409E-03 9.02278E-01 3.21345E+02 
1.79006E+02 2.72701E-03 8.88779E-01 3.18981E+02 
1.86789E+02 2.64816E-03 8.74357E-01 3.16342E+02 
1.94571E+02 2.56777E-03 8.59027E-01 3.13419E+02 
2.02354E+02 2.48605E-03 8.42809E-01 3.10199E+02 
2.10137E+02 2.40324E-03 8.25728E-01 3.06676E+02 
2.17920E+02 2.31956E-03 8.07818E-01 3.02842E+02 
2.25703E+02 2.23525E-03 7.89117E-01 2.98693E+02 
2.33486E+02 2.15055E-03 7.69669E-01 2.94228E+02 
2.41269E+02 2.06568E-03 7.49523E-01 2.89445E+02 
2.49051E+02 1.98088E-03 7.28733E-01 2.84348E+02 
2.56834E+02 1.89638E-03 7.07359E-01 2.78941E+02 
2.64617E+02 1.81240E-03 6.85464E-01 2.73232E+02 
2.72400E+02 1.72916E-03 6.63114E-01 2.67231E+02 
2.80183E+02 1.64687E-03 6.40379E-01 2.60949E+02 
2.87966E+02 1.56573E-03 6.17331E-01 2.54402E+02 
2.95749E+02 1.48593E-03 5.94043E-01 2.47605E+02 
3.03531E+02 1.40766E-03 5.70590E-01 2.40577E+02 
3.11314E+02 1.33108E-03 5.47049E-01 2.33340E+02 
3.19097E+02 1.25634E-03 5.23493E-01 2.25915E+02 
3.26880E+02 1.18360E-03 4.99997E-01 2.18326E+02 
3.34663E+02 1.11296E-03 4.76635E-01 2.10599E+02 
3.42446E+02 1.04456E-03 4.53478E-01 2.02759E+02 
3.50229E+02 9.78478E-04 4.30593E-01 1.94834E+02 
3.58011E+02 9.14804E-04 4.08047E-01 1.86850E+02 
3.65794E+02 8.53606E-04 3.85901E-01 1.78835E+02 
3.73577E+02 7.94933E-04 3.64212E-01 1.70817E+02 
3.81360E+02 7.38824E-04 3.43034E-01 1.62824E+02 
3.89143E+02 6.85302E-04 3.22416E-01 1.54881E+02 
3.96926E+02 6.34375E-04 3.02402E-01 1.47015E+02 
4.04709E+02 5.86040E-04 2.83030E-01 1.39251E+02 
4.12491E+02 5.40280E-04 2.64334E-01 1.31612E+02 
4.20274E+02 4.97065E-04 2.46342E-01 1.24121E+02 
4.28057E+02 4.56357E-04 2.29077E-01 1.16798E+02 
4.35840E+02 4.18107E-04 2.12556E-01 1.09663E+02 
4.43623E+02 3.82256E-04 1.96793E-01 1.02732E+02 
4.51406E+02 3.48738E-04 1.81795E-01 9.60203E+01 
4.59189E+02 3.17479E-04 1.67564E-01 8.95416E+01 
4.66971E+02 2.88400E-04 1.54100E-01 8.33070E+01 
4.74754E+02 2.61417E-04 1.41396E-01 7.73257E+01 
4.82537E+02 2.36442E-04 1.29442E-01 7.16048E+01 
4.90320E+02 2.13382E-04 1.18227E-01 6.61496E+01 
4.98103E+02 1.92144E-04 1.07732E-01 6.09634E+01 
5.05886E+02 1.72633E-04 9.79385E-02 5.60477E+01 
5.13669E+02 1.54754E-04 8.88251E-02 5.14023E+01 
5.21451E+02 1.38410E-04 8.03674E-02 4.70254E+01 
5.29234E+02 1.23509E-04 7.25397E-02 4.29135E+01 
5.37017E+02 1.09955E-04 6.53148E-02 3.90621E+01 
5.44800E+02 9.76583E-05 5.86642E-02 3.54651E+01 
5.52583E+02 8.65301E-05 5.25590E-02 3.21156E+01 
5.60366E+02 7.64845E-05 4.69695E-02 2.90055E+01 
5.68149E+02 6.74387E-05 4.18660E-02 2.61261E+01 
5.75931E+02 5.93136E-05 3.72187E-02 2.34680E+01 
5.83714E+02 5.20339E-05 3.29983E-02 2.10211E+01 
5.91497E+02 4.55277E-05 2.91757E-02 1.87752E+01 
5.99280E+02 3.97275E-05 2.57227E-02 1.67196E+01 
6.07063E+02 3.45696E-05 2.26120E-02 1.48435E+01 
6.14846E+02 2.99943E-05 1.98171E-02 1.31361E+01 
6.22629E+02 2.59459E-05 1.73125E-02 1.15867E+01 
6.30411E+02 2.23728E-05 1.50742E-02 1.01845E+01 
6.38194E+02 1.92270E-05 1.30791E-02 8.91911E+00 
6.45977E+02 1.64643E-05 1.13054E-02 7.78041E+00 
6.53760E+02 1.40442E-05 9.73285E-03 6.75857E+00 
6.61543E+02 1.19294E-05 8.34225E-03 5.84416E+00 
6.69326E+02 1.00861E-05 7.11580E-03 5.02813E+00 
6.77109E+02 8.48336E-06 6.03698E-03 4.30195E+00 
6.84891E+02 7.09336E-06 5.09052E-03 3.65749E+00 
6.92674E+02 5.89084E-06 4.26236E-03 3.08714E+00 
7.00457E+02 4.85311E-06 3.53962E-03 2.58376E+00 
7.08240E+02 3.95984E-06 2.91053E-03 2.14072E+00 
7.16023E+02 3.19283E-06 2.36439E-03 1.75185E+00 
7.23806E+02 2.53589E-06 1.89152E-03 1.41147E+00 
7.31589E+02 1.97462E-06 1.48314E-03 1.11433E+00 
7.39371E+02 1.49628E-06 1.13139E-03 8.55658E-01 
7.47154E+02 1.08966E-06 8.29200E-04 6.31084E-01 
7.54937E+02 7.44851E-07 5.70271E-04 4.36643E-01 
7.62720E+02 4.53193E-07 3.48984E-04 2.68746E-01 
7.70503E+02 2.07111E-07 1.60362E-04 1.24166E-01 
