100 2 
0.00000E+00 3.75523E-03 1.00585E+00 3.32479E+02 
7.75247E+00 3.75311E-03 1.00584E+00 3.32478E+02 
1.55049E+01 3.74674E-03 1.00576E+00 3.32478E+02 
2.32574E+01 3.73614E-03 1.00555E+00 3.32473E+02 
3.10099E+01 3.72134E-03 1.00515E+00 3.32462E+02 
3.87624E+01 3.70235E-03 1.00448E+00 3.32439E+02 
4.65148E+01 3.67922E-03 1.00350E+00 3.32396E+02 
5.42673E+01 3.65200E-03 1.00212E+00 3.32327E+02 
6.20198E+01 3.62075E-03 1.00030E+00 3.32221E+02 
6.97723E+01 3.58552E-03 9.97977E-01 3.32067E+02 
7.75247E+01 3.54639E-03 9.95093E-01 3.31855E+02 
8.52772E+01 3.50346E-03 9.91596E-01 3.31569E+02 
9.30297E+01 3.45681E-03 9.87435E-01 3.31198E+02 
1.00782E+02 3.40656E-03 9.82563E-01 3.30725E+02 
1.08535E+02 3.35283E-03 9.76937E-01 3.30136E+02 
1.16287E+02 3.29573E-03 9.70516E-01 3.29414E+02 
1.24040E+02 3.23541E-03 9.63266E-01 3.28542E+02 
1.31792E+02 3.17203E-03 9.55156E-01 3.27504E+02 
1.39545E+02 3.10573E-03 9.46161E-01 3.26283E+02 
1.47297E+02 3.03670E-03 9.36259E-01 3.24862E+02 
1.55049E+02 2.96512E-03 9.25435E-01 3.23226E+02 
1.62802E+02 2.89117E-03 9.13681E-01 3.21357E+02 
1.70554E+02 2.81506E-03 9.00994E-01 3.19242E+02 
1.78307E+02 2.73699E-03 8.87375E-01 3.16866E+02 
1.86059E+02 2.65718E-03 8.72835E-01 3.14216E+02 
1.93812E+02 2.57586E-03 8.57387E-01 3.11281E+02 
2.01564E+02 2.49324E-03 8.41055E-01 3.08052E+02 
2.09317E+02 2.40957E-03 8.23864E-01 3.04520E+02 
2.17069E+02 2.32507E-03 8.05850E-01 3.00679E+02 
2.24822E+02 2.23999E-03 7.87051E-01 2.96525E+02 
2.32574E+02 2.15456E-03 7.67513E-01 2.92056E+02 
2.40327E+02 2.06901E-03 7.47285E-01 2.87273E+02 
2.48079E+02 1.98358E-03 7.26423E-01 2.82178E+02 
2.55832E+02 1.89850E-03 7.04987E-01 2.76776E+02 
2.63584E+02 1.81399E-03 6.83040E-01 2.71076E+02 
2.71337E+02 1.73028E-03 6.60649E-01 2.65087E+02 
2.79089E+02 1.64756E-03 6.37884E-01 2.58822E+02 
2.86842E+02 1.56604E-03 6.14818E-01 2.52295E+02 
2.94594E+02 1.48591E-03 5.91523E-01 2.45523E+02 
3.02346E+02 1.40734E-03 5.68075E-01 2.38524E+02 
3.10099E+02 1.33051E-03 5.44549E-01 2.31320E+02 
3.17851E+02 1.25557E-03 5.21020E-01 2.23932E+02 
3.25604E+02 1.18265E-03 4.97561E-01 2.16385E+02 
3.33356E+02 1.11188E-03 4.74246E-01 2.08703E+02 
3.41109E+02 1.04337E-03 4.51144E-01 2.00912E+02 
3.48861E+02 9.77214E-04 4.28323E-01 1.93040E+02 
3.56614E+02 9.13493E-04 4.05847E-01 1.85112E+02 
3.64366E+02 8.52269E-04 3.83778E-01 1.77157E+02 
3.72119E+02 7.93593E-04 3.62173E-01 1.69201E+02 
3.79871E+02 7.37498E-04 3.41083E-01 1.61272E+02 
3.87624E+02 6.84005E-04 3.20557E-01 1.53395E+02 
3.95376E+02 6.33121E-04 3.00638E-01 1.45597E+02 
4.03129E+02 5.84839E-04 2.81363E-01 1.37902E+02 
4.10881E+02 5.39140E-04 2.62765E-01 1.30333E+02 
4.18634E+02 4.95994E-04 2.44871E-01 1.22912E+02 
4.26386E+02 4.55359E-04 2.27704E-01 1.15659E+02 
4.34139E+02 4.17184E-04 2.11280E-01 1.08593E+02 
4.41891E+02 3.81410E-04 1.95612E-01 1.01731E+02 
4.49643E+02 3.47968E-04 1.80707E-01 9.50869E+01 
4.57396E+02 3.16785E-04 1.66566E-01 8.86743E+01 
4.65148E+02 2.87780E-04 1.53188E-01 8.25040E+01 
4.72901E+02 2.60868E-04 1.40567E-01 7.65848E+01 
4.80653E+02 2.35960E-04 1.28693E-01 7.09239E+01 
4.88406E+02 2.12964E-04 1.17552E-01 6.55262E+01 
4.96158E+02 1.91786E-04 1.07127E-01 6.03948E+01 
5.03911E+02 1.72330E-04 9.73996E-02 5.55312E+01 
5.11663E+02 1.54501E-04 8.83473E-02 5.09350E+01 
5.19416E+02 1.38204E-04 7.99462E-02 4.66043E+01 
5.27168E+02 1.23343E-04 7.21706E-02 4.25358E+01 
5.34921E+02 1.09826E-04 6.49932E-02 3.87247E+01 
5.42673E+02 9.75613E-05 5.83860E-02 3.51651E+01 
5.50426E+02 8.64611E-05 5.23200E-02 3.18500E+01 
5.58178E+02 7.64396E-05 4.67657E-02 2.87716E+01 
5.65931E+02 6.74143E-05 4.16936E-02 2.59211E+01 
5.73683E+02 5.93065E-05 3.70743E-02 2.32893E+01 
5.81436E+02 5.20408E-05 3.28784E-02 2.08662E+01 
5.89188E+02 4.55459E-05 2.90774E-02 1.86416E+01 
5.96940E+02 3.97546E-05 2.56432E-02 1.66052E+01 
6.04693E+02 3.46033E-05 2.25486E-02 1.47461E+01 
6.12445E+02 3.00328E-05 1.97674E-02 1.30538E+01 
6.20198E+02 2.59875E-05 1.72746E-02 1.15175E+01 
6.27950E+02 2.24161E-05 1.50460E-02 1.01269E+01 
6.35703E+02 1.92707E-05 1.30590E-02 8.87161E+00 
6.43455E+02 1.65076E-05 1.12920E-02 7.74160E+00 
6.51208E+02 1.40862E-05 9.72472E-03 6.72719E+00 
6.58960E+02 1.19695E-05 8.33831E-03 5.81909E+00 
6.66713E+02 1.01238E-05 7.11508E-03 5.00838E+00 
6.74465E+02 8.51839E-06 6.03865E-03 4.28663E+00 
6.82218E+02 7.12543E-06 5.09388E-03 3.64583E+00 
6.89970E+02 5.91982E-06 4.26683E-03 3.07847E+00 
6.97723E+02 4.87893E-06 3.54471E-03 2.57750E+00 
7.05475E+02 3.98249E-06 2.91586E-03 2.13635E+00 
7.13228E+02 3.21239E-06 2.36966E-03 1.74896E+00 
7.20980E+02 2.55244E-06 1.89647E-03 1.40968E+00 
7.28733E+02 1.98829E-06 1.48761E-03 1.11335E+00 
7.36485E+02 1.50724E-06 1.13524E-03 8.55230E-01 
7.44237E+02 1.09806E-06 8.32341E-04 6.31007E-01 
7.51990E+02 7.50880E-07 5.72645E-04 4.36751E-01 
7.59742E+02 4.57032E-07 3.50567E-04 2.68912E-01 
7.67495E+02 2.08939E-07 1.61147E-04 1.24287E-01 
