100 2 
0.00000E+00 3.84295E-03 1.00582E+00 3.26082E+02 
7.65354E+00 3.84068E-03 1.00581E+00 3.26082E+02 
1.53071E+01 3.83388E-03 1.00573E+00 3.26081E+02 
2.29606E+01 3.82255E-03 1.00551E+00 3.26076E+02 
3.06142E+01 3.80674E-03 1.00508E+00 3.26065E+02 
3.82677E+01 3.78647E-03 1.00438E+00 3.26040E+02 
4.59212E+01 3.76179E-03 1.00334E+00 3.25996E+02 
5.35748E+01 3.73277E-03 1.00190E+00 3.25924E+02 
6.12283E+01 3.69947E-03 9.99981E-01 3.25814E+02 
6.88818E+01 3.66198E-03 9.97540E-01 3.25655E+02 
7.65354E+01 3.62039E-03 9.94513E-01 3.25434E+02 
8.41889E+01 3.57481E-03 9.90847E-01 3.25139E+02 
9.18425E+01 3.52535E-03 9.86492E-01 3.24756E+02 
9.94960E+01 3.47214E-03 9.81399E-01 3.24268E+02 
1.07150E+02 3.41532E-03 9.75526E-01 3.23660E+02 
1.14803E+02 3.35504E-03 9.68834E-01 3.22917E+02 
1.22457E+02 3.29146E-03 9.61290E-01 3.22022E+02 
1.30110E+02 3.22476E-03 9.52865E-01 3.20957E+02 
1.37764E+02 3.15512E-03 9.43536E-01 3.19707E+02 
1.45417E+02 3.08273E-03 9.33284E-01 3.18255E+02 
1.53071E+02 3.00780E-03 9.22099E-01 3.16585E+02 
1.60724E+02 2.93053E-03 9.09975E-01 3.14682E+02 
1.68378E+02 2.85115E-03 8.96911E-01 3.12532E+02 
1.76031E+02 2.76988E-03 8.82915E-01 3.10121E+02 
1.83685E+02 2.68696E-03 8.68000E-01 3.07438E+02 
1.91338E+02 2.60261E-03 8.52183E-01 3.04472E+02 
1.98992E+02 2.51710E-03 8.35492E-01 3.01214E+02 
2.06646E+02 2.43064E-03 8.17958E-01 2.97657E+02 
2.14299E+02 2.34350E-03 7.99617E-01 2.93796E+02 
2.21953E+02 2.25592E-03 7.80512E-01 2.89628E+02 
2.29606E+02 2.16814E-03 7.60693E-01 2.85153E+02 
2.37260E+02 2.08040E-03 7.40211E-01 2.80372E+02 
2.44913E+02 1.99293E-03 7.19126E-01 2.75288E+02 
2.52567E+02 1.90598E-03 6.97498E-01 2.69908E+02 
2.60220E+02 1.81976E-03 6.75392E-01 2.64240E+02 
2.67874E+02 1.73449E-03 6.52878E-01 2.58295E+02 
2.75527E+02 1.65038E-03 6.30025E-01 2.52085E+02 
2.83181E+02 1.56762E-03 6.06907E-01 2.45627E+02 
2.90834E+02 1.48640E-03 5.83597E-01 2.38937E+02 
2.98488E+02 1.40689E-03 5.60169E-01 2.32034E+02 
3.06142E+02 1.32925E-03 5.36698E-01 2.24938E+02 
3.13795E+02 1.25362E-03 5.13258E-01 2.17672E+02 
3.21449E+02 1.18014E-03 4.89919E-01 2.10259E+02 
3.29102E+02 1.10892E-03 4.66755E-01 2.02725E+02 
3.36756E+02 1.04006E-03 4.43831E-01 1.95093E+02 
3.44409E+02 9.73648E-04 4.21214E-01 1.87390E+02 
3.52063E+02 9.09755E-04 3.98966E-01 1.79643E+02 
3.59716E+02 8.48436E-04 3.77145E-01 1.71877E+02 
3.67370E+02 7.89729E-04 3.55804E-01 1.64119E+02 
3.75023E+02 7.33662E-04 3.34994E-01 1.56395E+02 
3.82677E+02 6.80246E-04 3.14759E-01 1.48729E+02 
3.90330E+02 6.29480E-04 2.95139E-01 1.41147E+02 
3.97984E+02 5.81350E-04 2.76170E-01 1.33670E+02 
4.05638E+02 5.35830E-04 2.57881E-01 1.26322E+02 
4.13291E+02 4.92883E-04 2.40298E-01 1.19123E+02 
4.20945E+02 4.52462E-04 2.23439E-01 1.12091E+02 
4.28598E+02 4.14511E-04 2.07320E-01 1.05245E+02 
4.36252E+02 3.78965E-04 1.91951E-01 9.85990E+01 
4.43905E+02 3.45753E-04 1.77336E-01 9.21679E+01 
4.51559E+02 3.14796E-04 1.63477E-01 8.59633E+01 
4.59212E+02 2.86011E-04 1.50370E-01 7.99951E+01 
4.66866E+02 2.59311E-04 1.38008E-01 7.42716E+01 
4.74519E+02 2.34605E-04 1.26380E-01 6.87989E+01 
4.82173E+02 2.11799E-04 1.15472E-01 6.35815E+01 
4.89826E+02 1.90797E-04 1.05267E-01 5.86221E+01 
4.97480E+02 1.71505E-04 9.57442E-02 5.39216E+01 
5.05133E+02 1.53825E-04 8.68823E-02 4.94795E+01 
5.12787E+02 1.37663E-04 7.86571E-02 4.52935E+01 
5.20441E+02 1.22923E-04 7.10431E-02 4.13605E+01 
5.28094E+02 1.09513E-04 6.40135E-02 3.76754E+01 
5.35748E+02 9.73422E-05 5.75405E-02 3.42327E+01 
5.43401E+02 8.63232E-05 5.15957E-02 3.10253E+01 
5.51055E+02 7.63711E-05 4.61502E-02 2.80457E+01 
5.58708E+02 6.74041E-05 4.11752E-02 2.52855E+01 
5.66362E+02 5.93444E-05 3.66419E-02 2.27356E+01 
5.74015E+02 5.21176E-05 3.25218E-02 2.03866E+01 
5.81669E+02 4.56533E-05 2.87869E-02 1.82287E+01 
5.89322E+02 3.98852E-05 2.54101E-02 1.62518E+01 
5.96976E+02 3.47505E-05 2.23649E-02 1.44457E+01 
6.04629E+02 3.01909E-05 1.96258E-02 1.28002E+01 
6.12283E+02 2.61516E-05 1.71684E-02 1.13052E+01 
6.19937E+02 2.25821E-05 1.49694E-02 9.95054E+00 
6.27590E+02 1.94352E-05 1.30068E-02 8.72645E+00 
6.35244E+02 1.66676E-05 1.12595E-02 7.62334E+00 
6.42897E+02 1.42395E-05 9.70801E-03 6.63194E+00 
6.50551E+02 1.21145E-05 8.33385E-03 5.74335E+00 
6.58204E+02 1.02591E-05 7.11989E-03 4.94906E+00 
6.65858E+02 8.64306E-06 6.05017E-03 4.24096E+00 
6.73511E+02 7.23894E-06 5.10998E-03 3.61141E+00 
6.81165E+02 6.02187E-06 4.28573E-03 3.05318E+00 
6.88818E+02 4.96949E-06 3.56495E-03 2.55951E+00 
6.96472E+02 4.06172E-06 2.93628E-03 2.12412E+00 
7.04125E+02 3.28057E-06 2.38931E-03 1.74113E+00 
7.11779E+02 2.61001E-06 1.91465E-03 1.40514E+00 
7.19433E+02 2.03577E-06 1.50378E-03 1.11115E+00 
7.27086E+02 1.54521E-06 1.14903E-03 8.54609E-01 
7.34740E+02 1.12714E-06 8.43501E-04 6.31324E-01 
7.42393E+02 7.71715E-07 5.81033E-04 4.37500E-01 
7.50047E+02 4.70280E-07 3.56129E-04 2.69694E-01 
7.57700E+02 2.15248E-07 1.63894E-04 1.24793E-01 
