100 2 
0.00000E+00 3.76150E-03 1.00585E+00 3.32014E+02 
7.74538E+00 3.75937E-03 1.00584E+00 3.32014E+02 
1.54908E+01 3.75297E-03 1.00576E+00 3.32013E+02 
2.32361E+01 3.74232E-03 1.00555E+00 3.32009E+02 
3.09815E+01 3.72745E-03 1.00514E+00 3.31997E+02 
3.87269E+01 3.70837E-03 1.00448E+00 3.31974E+02 
4.64723E+01 3.68513E-03 1.00348E+00 3.31931E+02 
5.42177E+01 3.65778E-03 1.00210E+00 3.31862E+02 
6.19630E+01 3.62638E-03 1.00028E+00 3.31755E+02 
6.97084E+01 3.59099E-03 9.97945E-01 3.31601E+02 
7.74538E+01 3.55168E-03 9.95051E-01 3.31388E+02 
8.51992E+01 3.50856E-03 9.91542E-01 3.31102E+02 
9.29445E+01 3.46171E-03 9.87366E-01 3.30730E+02 
1.00690E+02 3.41125E-03 9.82478E-01 3.30256E+02 
1.08435E+02 3.35729E-03 9.76834E-01 3.29665E+02 
1.16181E+02 3.29997E-03 9.70394E-01 3.28942E+02 
1.23926E+02 3.23942E-03 9.63122E-01 3.28068E+02 
1.31671E+02 3.17579E-03 9.54989E-01 3.27028E+02 
1.39417E+02 3.10926E-03 9.45969E-01 3.25805E+02 
1.47162E+02 3.03999E-03 9.36042E-01 3.24382E+02 
1.54908E+02 2.96816E-03 9.25192E-01 3.22743E+02 
1.62653E+02 2.89397E-03 9.13411E-01 3.20871E+02 
1.70398E+02 2.81763E-03 9.00696E-01 3.18753E+02 
1.78144E+02 2.73933E-03 8.87050E-01 3.16375E+02 
1.85889E+02 2.65930E-03 8.72482E-01 3.13722E+02 
1.93634E+02 2.57775E-03 8.57007E-01 3.10785E+02 
2.01380E+02 2.49493E-03 8.40648E-01 3.07554E+02 
2.09125E+02 2.41106E-03 8.23432E-01 3.04020E+02 
2.16871E+02 2.32637E-03 8.05394E-01 3.00177E+02 
2.24616E+02 2.24111E-03 7.86572E-01 2.96022E+02 
2.32361E+02 2.15551E-03 7.67013E-01 2.91552E+02 
2.40107E+02 2.06980E-03 7.46767E-01 2.86769E+02 
2.47852E+02 1.98423E-03 7.25888E-01 2.81675E+02 
2.55598E+02 1.89901E-03 7.04438E-01 2.76275E+02 
2.63343E+02 1.81438E-03 6.82479E-01 2.70577E+02 
2.71088E+02 1.73055E-03 6.60079E-01 2.64591E+02 
2.78834E+02 1.64773E-03 6.37307E-01 2.58329E+02 
2.86579E+02 1.56612E-03 6.14236E-01 2.51807E+02 
2.94324E+02 1.48591E-03 5.90940E-01 2.45040E+02 
3.02070E+02 1.40728E-03 5.67494E-01 2.38049E+02 
3.09815E+02 1.33039E-03 5.43972E-01 2.30852E+02 
3.17561E+02 1.25540E-03 5.20448E-01 2.23473E+02 
3.25306E+02 1.18244E-03 4.96998E-01 2.15936E+02 
3.33051E+02 1.11164E-03 4.73694E-01 2.08264E+02 
3.40797E+02 1.04310E-03 4.50604E-01 2.00485E+02 
3.48542E+02 9.76930E-04 4.27798E-01 1.92625E+02 
3.56287E+02 9.13197E-04 4.05339E-01 1.84710E+02 
3.64033E+02 8.51967E-04 3.83288E-01 1.76769E+02 
3.71778E+02 7.93290E-04 3.61702E-01 1.68827E+02 
3.79524E+02 7.37198E-04 3.40633E-01 1.60913E+02 
3.87269E+02 6.83712E-04 3.20128E-01 1.53052E+02 
3.95014E+02 6.32837E-04 3.00231E-01 1.45270E+02 
4.02760E+02 5.84567E-04 2.80978E-01 1.37590E+02 
4.10505E+02 5.38882E-04 2.62403E-01 1.30037E+02 
4.18250E+02 4.95751E-04 2.44532E-01 1.22633E+02 
4.25996E+02 4.55133E-04 2.27388E-01 1.15396E+02 
4.33741E+02 4.16975E-04 2.10986E-01 1.08346E+02 
4.41487E+02 3.81218E-04 1.95340E-01 1.01500E+02 
4.49232E+02 3.47794E-04 1.80456E-01 9.48714E+01 
4.56977E+02 3.16629E-04 1.66336E-01 8.84741E+01 
4.64723E+02 2.87641E-04 1.52978E-01 8.23186E+01 
4.72468E+02 2.60745E-04 1.40376E-01 7.64139E+01 
4.80214E+02 2.35852E-04 1.28520E-01 7.07668E+01 
4.87959E+02 2.12870E-04 1.17396E-01 6.53824E+01 
4.95704E+02 1.91706E-04 1.06988E-01 6.02637E+01 
5.03450E+02 1.72263E-04 9.72758E-02 5.54121E+01 
5.11195E+02 1.54445E-04 8.82376E-02 5.08273E+01 
5.18940E+02 1.38158E-04 7.98495E-02 4.65072E+01 
5.26686E+02 1.23306E-04 7.20859E-02 4.24487E+01 
5.34431E+02 1.09798E-04 6.49196E-02 3.86469E+01 
5.42177E+02 9.75406E-05 5.83223E-02 3.50960E+01 
5.49922E+02 8.64468E-05 5.22652E-02 3.17888E+01 
5.57667E+02 7.64307E-05 4.67191E-02 2.87177E+01 
5.65413E+02 6.74101E-05 4.16542E-02 2.58739E+01 
5.73158E+02 5.93060E-05 3.70413E-02 2.32481E+01 
5.80903E+02 5.20435E-05 3.28511E-02 2.08305E+01 
5.88649E+02 4.55512E-05 2.90550E-02 1.86109E+01 
5.96394E+02 3.97618E-05 2.56251E-02 1.65788E+01 
6.04140E+02 3.46119E-05 2.25342E-02 1.47237E+01 
6.11885E+02 3.00424E-05 1.97563E-02 1.30348E+01 
6.19630E+02 2.59978E-05 1.72661E-02 1.15017E+01 
6.27376E+02 2.24266E-05 1.50398E-02 1.01137E+01 
6.35121E+02 1.92814E-05 1.30546E-02 8.86072E+00 
6.42866E+02 1.65181E-05 1.12891E-02 7.73270E+00 
6.50612E+02 1.40963E-05 9.72303E-03 6.72001E+00 
6.58357E+02 1.19791E-05 8.33756E-03 5.81335E+00 
6.66103E+02 1.01329E-05 7.11506E-03 5.00387E+00 
6.73848E+02 8.52678E-06 6.03916E-03 4.28314E+00 
6.81593E+02 7.13309E-06 5.09476E-03 3.64318E+00 
6.89339E+02 5.92673E-06 4.26796E-03 3.07650E+00 
6.97084E+02 4.88509E-06 3.54598E-03 2.57608E+00 
7.04830E+02 3.98789E-06 2.91717E-03 2.13537E+00 
7.12575E+02 3.21704E-06 2.37094E-03 1.74831E+00 
7.20320E+02 2.55638E-06 1.89768E-03 1.40929E+00 
7.28066E+02 1.99155E-06 1.48869E-03 1.11314E+00 
7.35811E+02 1.50985E-06 1.13616E-03 8.55145E-01 
7.43556E+02 1.10006E-06 8.33093E-04 6.31000E-01 
7.51302E+02 7.52313E-07 5.73214E-04 4.36785E-01 
7.59047E+02 4.57942E-07 3.50944E-04 2.68955E-01 
7.66793E+02 2.09374E-07 1.61334E-04 1.24317E-01 
