100 2 
0.00000E+00 3.77536E-03 1.00584E+00 3.30992E+02 
7.72973E+00 3.77320E-03 1.00583E+00 3.30992E+02 
1.54595E+01 3.76673E-03 1.00575E+00 3.30991E+02 
2.31892E+01 3.75597E-03 1.00554E+00 3.30986E+02 
3.09189E+01 3.74093E-03 1.00513E+00 3.30975E+02 
3.86486E+01 3.72165E-03 1.00446E+00 3.30952E+02 
4.63784E+01 3.69817E-03 1.00346E+00 3.30909E+02 
5.41081E+01 3.67053E-03 1.00207E+00 3.30839E+02 
6.18378E+01 3.63881E-03 1.00023E+00 3.30731E+02 
6.95675E+01 3.60306E-03 9.97876E-01 3.30577E+02 
7.72973E+01 3.56337E-03 9.94958E-01 3.30362E+02 
8.50270E+01 3.51983E-03 9.91422E-01 3.30075E+02 
9.27567E+01 3.47253E-03 9.87216E-01 3.29700E+02 
1.00486E+02 3.42160E-03 9.82292E-01 3.29224E+02 
1.08216E+02 3.36715E-03 9.76608E-01 3.28630E+02 
1.15946E+02 3.30932E-03 9.70125E-01 3.27903E+02 
1.23676E+02 3.24826E-03 9.62806E-01 3.27026E+02 
1.31405E+02 3.18411E-03 9.54623E-01 3.25982E+02 
1.39135E+02 3.11704E-03 9.45549E-01 3.24754E+02 
1.46865E+02 3.04724E-03 9.35565E-01 3.23325E+02 
1.54595E+02 2.97488E-03 9.24657E-01 3.21681E+02 
1.62324E+02 2.90017E-03 9.12817E-01 3.19804E+02 
1.70054E+02 2.82330E-03 9.00041E-01 3.17680E+02 
1.77784E+02 2.74450E-03 8.86334E-01 3.15295E+02 
1.85513E+02 2.66397E-03 8.71706E-01 3.12638E+02 
1.93243E+02 2.58195E-03 8.56172E-01 3.09695E+02 
2.00973E+02 2.49867E-03 8.39755E-01 3.06459E+02 
2.08703E+02 2.41435E-03 8.22484E-01 3.02920E+02 
2.16432E+02 2.32924E-03 8.04392E-01 2.99074E+02 
2.24162E+02 2.24358E-03 7.85521E-01 2.94917E+02 
2.31892E+02 2.15761E-03 7.65917E-01 2.90446E+02 
2.39622E+02 2.07156E-03 7.45629E-01 2.85662E+02 
2.47351E+02 1.98566E-03 7.24714E-01 2.80569E+02 
2.55081E+02 1.90014E-03 7.03232E-01 2.75173E+02 
2.62811E+02 1.81524E-03 6.81247E-01 2.69479E+02 
2.70540E+02 1.73117E-03 6.58827E-01 2.63500E+02 
2.78270E+02 1.64813E-03 6.36041E-01 2.57247E+02 
2.86000E+02 1.56632E-03 6.12961E-01 2.50736E+02 
2.93730E+02 1.48594E-03 5.89662E-01 2.43982E+02 
3.01459E+02 1.40716E-03 5.66219E-01 2.37005E+02 
3.09189E+02 1.33014E-03 5.42705E-01 2.29826E+02 
3.16919E+02 1.25504E-03 5.19195E-01 2.22466E+02 
3.24649E+02 1.18199E-03 4.95764E-01 2.14950E+02 
3.32378E+02 1.11112E-03 4.72483E-01 2.07302E+02 
3.40108E+02 1.04253E-03 4.49423E-01 1.99548E+02 
3.47838E+02 9.76318E-04 4.26649E-01 1.91715E+02 
3.55567E+02 9.12559E-04 4.04226E-01 1.83829E+02 
3.63297E+02 8.51316E-04 3.82215E-01 1.75918E+02 
3.71027E+02 7.92635E-04 3.60671E-01 1.68008E+02 
3.78757E+02 7.36549E-04 3.39647E-01 1.60126E+02 
3.86486E+02 6.83077E-04 3.19189E-01 1.52299E+02 
3.94216E+02 6.32223E-04 2.99340E-01 1.44551E+02 
4.01946E+02 5.83979E-04 2.80136E-01 1.36907E+02 
4.09676E+02 5.38324E-04 2.61611E-01 1.29390E+02 
4.17405E+02 4.95227E-04 2.43790E-01 1.22021E+02 
4.25135E+02 4.54644E-04 2.26695E-01 1.14820E+02 
4.32865E+02 4.16523E-04 2.10343E-01 1.07805E+02 
4.40594E+02 3.80805E-04 1.94745E-01 1.00993E+02 
4.48324E+02 3.47419E-04 1.79908E-01 9.43994E+01 
4.56054E+02 3.16291E-04 1.65834E-01 8.80356E+01 
4.63784E+02 2.87339E-04 1.52520E-01 8.19127E+01 
4.71513E+02 2.60478E-04 1.39960E-01 7.60395E+01 
4.79243E+02 2.35619E-04 1.28143E-01 7.04229E+01 
4.86973E+02 2.12669E-04 1.17057E-01 6.50675E+01 
4.94703E+02 1.91534E-04 1.06684E-01 5.99766E+01 
5.02432E+02 1.72118E-04 9.70054E-02 5.51513E+01 
5.10162E+02 1.54326E-04 8.79981E-02 5.05914E+01 
5.17892E+02 1.38061E-04 7.96386E-02 4.62948E+01 
5.25621E+02 1.23230E-04 7.19012E-02 4.22581E+01 
5.33351E+02 1.09739E-04 6.47588E-02 3.84767E+01 
5.41081E+02 9.74976E-05 5.81834E-02 3.49447E+01 
5.48811E+02 8.64175E-05 5.21461E-02 3.16550E+01 
5.56540E+02 7.64132E-05 4.66176E-02 2.85998E+01 
5.64270E+02 6.74025E-05 4.15685E-02 2.57706E+01 
5.72000E+02 5.93067E-05 3.69696E-02 2.31581E+01 
5.79730E+02 5.20509E-05 3.27918E-02 2.07525E+01 
5.87459E+02 4.55640E-05 2.90065E-02 1.85437E+01 
5.95189E+02 3.97788E-05 2.55860E-02 1.65213E+01 
6.02919E+02 3.46320E-05 2.25032E-02 1.46747E+01 
6.10648E+02 3.00646E-05 1.97321E-02 1.29935E+01 
6.18378E+02 2.60213E-05 1.72478E-02 1.14670E+01 
6.26108E+02 2.24507E-05 1.50263E-02 1.00849E+01 
6.33838E+02 1.93055E-05 1.30452E-02 8.83694E+00 
6.41567E+02 1.65417E-05 1.12829E-02 7.71329E+00 
6.49297E+02 1.41191E-05 9.71954E-03 6.70434E+00 
6.57027E+02 1.20008E-05 8.33613E-03 5.80087E+00 
6.64757E+02 1.01532E-05 7.11520E-03 4.99406E+00 
6.72486E+02 8.54558E-06 6.04046E-03 4.27555E+00 
6.80216E+02 7.15026E-06 5.09686E-03 3.63743E+00 
6.87946E+02 5.94220E-06 4.27057E-03 3.07225E+00 
6.95675E+02 4.89885E-06 3.54886E-03 2.57303E+00 
7.03405E+02 3.99996E-06 2.92014E-03 2.13327E+00 
7.11135E+02 3.22744E-06 2.37384E-03 1.74694E+00 
7.18865E+02 2.56517E-06 1.90038E-03 1.40846E+00 
7.26594E+02 1.99880E-06 1.49111E-03 1.11270E+00 
7.34324E+02 1.51565E-06 1.13823E-03 8.54980E-01 
7.42054E+02 1.10451E-06 8.34776E-04 6.31000E-01 
7.49784E+02 7.55506E-07 5.74484E-04 4.36870E-01 
7.57513E+02 4.59974E-07 3.51789E-04 2.69059E-01 
7.65243E+02 2.10342E-07 1.61752E-04 1.24388E-01 
