100 2 
0.00000E+00 3.92235E-03 1.00580E+00 3.20471E+02 
7.56426E+00 3.91995E-03 1.00578E+00 3.20471E+02 
1.51285E+01 3.91275E-03 1.00570E+00 3.20470E+02 
2.26928E+01 3.90077E-03 1.00547E+00 3.20465E+02 
3.02570E+01 3.88405E-03 1.00502E+00 3.20454E+02 
3.78213E+01 3.86262E-03 1.00429E+00 3.20428E+02 
4.53855E+01 3.83655E-03 1.00320E+00 3.20383E+02 
5.29498E+01 3.80591E-03 1.00170E+00 3.20308E+02 
6.05140E+01 3.77078E-03 9.99699E-01 3.20195E+02 
6.80783E+01 3.73126E-03 9.97156E-01 3.20031E+02 
7.56426E+01 3.68746E-03 9.94005E-01 3.19804E+02 
8.32068E+01 3.63949E-03 9.90193E-01 3.19501E+02 
9.07711E+01 3.58751E-03 9.85668E-01 3.19107E+02 
9.83353E+01 3.53164E-03 9.80384E-01 3.18607E+02 
1.05900E+02 3.47206E-03 9.74297E-01 3.17985E+02 
1.13464E+02 3.40893E-03 9.67371E-01 3.17224E+02 
1.21028E+02 3.34243E-03 9.59572E-01 3.16309E+02 
1.28592E+02 3.27276E-03 9.50875E-01 3.15223E+02 
1.36157E+02 3.20012E-03 9.41258E-01 3.13950E+02 
1.43721E+02 3.12473E-03 9.30705E-01 3.12472E+02 
1.51285E+02 3.04680E-03 9.19209E-01 3.10776E+02 
1.58849E+02 2.96657E-03 9.06766E-01 3.08846E+02 
1.66414E+02 2.88426E-03 8.93380E-01 3.06668E+02 
1.73978E+02 2.80014E-03 8.79061E-01 3.04231E+02 
1.81542E+02 2.71443E-03 8.63824E-01 3.01522E+02 
1.89106E+02 2.62739E-03 8.47694E-01 2.98532E+02 
1.96671E+02 2.53928E-03 8.30697E-01 2.95253E+02 
2.04235E+02 2.45035E-03 8.12870E-01 2.91679E+02 
2.11799E+02 2.36085E-03 7.94253E-01 2.87806E+02 
2.19363E+02 2.27104E-03 7.74891E-01 2.83631E+02 
2.26928E+02 2.18116E-03 7.54835E-01 2.79155E+02 
2.34492E+02 2.09147E-03 7.34142E-01 2.74381E+02 
2.42056E+02 2.00219E-03 7.12870E-01 2.69312E+02 
2.49620E+02 1.91356E-03 6.91083E-01 2.63956E+02 
2.57185E+02 1.82582E-03 6.68848E-01 2.58321E+02 
2.64749E+02 1.73916E-03 6.46235E-01 2.52419E+02 
2.72313E+02 1.65380E-03 6.23313E-01 2.46264E+02 
2.79877E+02 1.56993E-03 6.00158E-01 2.39871E+02 
2.87442E+02 1.48773E-03 5.76841E-01 2.33257E+02 
2.95006E+02 1.40736E-03 5.53437E-01 2.26441E+02 
3.02570E+02 1.32898E-03 5.30020E-01 2.19444E+02 
3.10134E+02 1.25273E-03 5.06661E-01 2.12288E+02 
3.17699E+02 1.17872E-03 4.83432E-01 2.04996E+02 
3.25263E+02 1.10708E-03 4.60402E-01 1.97593E+02 
3.32827E+02 1.03789E-03 4.37636E-01 1.90102E+02 
3.40392E+02 9.71226E-04 4.15199E-01 1.82549E+02 
3.47956E+02 9.07156E-04 3.93149E-01 1.74961E+02 
3.55520E+02 8.45724E-04 3.71543E-01 1.67361E+02 
3.63084E+02 7.86964E-04 3.50432E-01 1.59776E+02 
3.70649E+02 7.30893E-04 3.29863E-01 1.52231E+02 
3.78213E+02 6.77517E-04 3.09879E-01 1.44749E+02 
3.85777E+02 6.26827E-04 2.90517E-01 1.37353E+02 
3.93341E+02 5.78803E-04 2.71811E-01 1.30066E+02 
4.00906E+02 5.33412E-04 2.53787E-01 1.22909E+02 
4.08470E+02 4.90613E-04 2.36468E-01 1.15901E+02 
4.16034E+02 4.50353E-04 2.19872E-01 1.09059E+02 
4.23598E+02 4.12572E-04 2.04013E-01 1.02402E+02 
4.31163E+02 3.77201E-04 1.88897E-01 9.59422E+01 
4.38727E+02 3.44164E-04 1.74530E-01 8.96936E+01 
4.46291E+02 3.13382E-04 1.60910E-01 8.36670E+01 
4.53855E+02 2.84767E-04 1.48032E-01 7.78717E+01 
4.61420E+02 2.58231E-04 1.35890E-01 7.23152E+01 
4.68984E+02 2.33681E-04 1.24470E-01 6.70032E+01 
4.76548E+02 2.11021E-04 1.13758E-01 6.19395E+01 
4.84112E+02 1.90155E-04 1.03737E-01 5.71265E+01 
4.91677E+02 1.70988E-04 9.43864E-02 5.25648E+01 
4.99241E+02 1.53422E-04 8.56842E-02 4.82536E+01 
5.06805E+02 1.37362E-04 7.76064E-02 4.41907E+01 
5.14369E+02 1.22713E-04 7.01276E-02 4.03725E+01 
5.21934E+02 1.09383E-04 6.32214E-02 3.67944E+01 
5.29498E+02 9.72813E-05 5.68603E-02 3.34506E+01 
5.37062E+02 8.63214E-05 5.10163E-02 3.03344E+01 
5.44626E+02 7.64189E-05 4.56612E-02 2.74384E+01 
5.52191E+02 6.74927E-05 4.07666E-02 2.47545E+01 
5.59755E+02 5.94656E-05 3.63043E-02 2.22738E+01 
5.67319E+02 5.22641E-05 3.22465E-02 1.99874E+01 
5.74883E+02 4.58187E-05 2.85659E-02 1.78856E+01 
5.82448E+02 4.00634E-05 2.52360E-02 1.59589E+01 
5.90012E+02 3.49366E-05 2.22309E-02 1.41974E+01 
5.97576E+02 3.03804E-05 1.95258E-02 1.25913E+01 
6.05140E+02 2.63409E-05 1.70969E-02 1.11309E+01 
6.12705E+02 2.27679E-05 1.49215E-02 9.80636E+00 
6.20269E+02 1.96150E-05 1.29780E-02 8.60839E+00 
6.27833E+02 1.68394E-05 1.12461E-02 7.52773E+00 
6.35397E+02 1.44018E-05 9.70668E-03 6.55550E+00 
6.42962E+02 1.22659E-05 8.34167E-03 5.68312E+00 
6.50526E+02 1.03990E-05 7.13437E-03 4.90240E+00 
6.58090E+02 8.77088E-06 6.06924E-03 4.20556E+00 
6.65655E+02 7.35446E-06 5.13188E-03 3.58522E+00 
6.73219E+02 6.12511E-06 4.30901E-03 3.03443E+00 
6.80783E+02 5.06062E-06 3.58845E-03 2.54667E+00 
6.88347E+02 4.14107E-06 2.95905E-03 2.11586E+00 
6.95912E+02 3.34860E-06 2.41063E-03 1.73633E+00 
7.03476E+02 2.66727E-06 1.93397E-03 1.40286E+00 
7.11040E+02 2.08286E-06 1.52070E-03 1.11061E+00 
7.18604E+02 1.58277E-06 1.16328E-03 8.55146E-01 
7.26169E+02 1.15585E-06 8.54919E-04 6.32421E-01 
7.33733E+02 7.92258E-07 5.89551E-04 4.38741E-01 
7.41297E+02 4.83324E-07 3.61738E-04 2.70748E-01 
7.48861E+02 2.21453E-07 1.66651E-04 1.25412E-01 
