100 2 
0.00000E+00 3.72771E-03 1.00586E+00 3.34530E+02 
7.78362E+00 3.72564E-03 1.00585E+00 3.34530E+02 
1.55672E+01 3.71941E-03 1.00577E+00 3.34529E+02 
2.33509E+01 3.70904E-03 1.00557E+00 3.34525E+02 
3.11345E+01 3.69455E-03 1.00517E+00 3.34514E+02 
3.89181E+01 3.67597E-03 1.00452E+00 3.34491E+02 
4.67017E+01 3.65333E-03 1.00354E+00 3.34449E+02 
5.44854E+01 3.62668E-03 1.00219E+00 3.34381E+02 
6.22690E+01 3.59606E-03 1.00040E+00 3.34276E+02 
7.00526E+01 3.56154E-03 9.98117E-01 3.34124E+02 
7.78362E+01 3.52319E-03 9.95279E-01 3.33914E+02 
8.56199E+01 3.48109E-03 9.91836E-01 3.33632E+02 
9.34035E+01 3.43533E-03 9.87737E-01 3.33265E+02 
1.01187E+02 3.38601E-03 9.82936E-01 3.32797E+02 
1.08971E+02 3.33325E-03 9.77390E-01 3.32214E+02 
1.16754E+02 3.27715E-03 9.71056E-01 3.31499E+02 
1.24538E+02 3.21786E-03 9.63901E-01 3.30635E+02 
1.32322E+02 3.15552E-03 9.55893E-01 3.29606E+02 
1.40105E+02 3.09029E-03 9.47005E-01 3.28395E+02 
1.47889E+02 3.02232E-03 9.37216E-01 3.26984E+02 
1.55672E+02 2.95179E-03 9.26510E-01 3.25359E+02 
1.63456E+02 2.87889E-03 9.14876E-01 3.23502E+02 
1.71240E+02 2.80381E-03 9.02311E-01 3.21398E+02 
1.79023E+02 2.72676E-03 8.88815E-01 3.19034E+02 
1.86807E+02 2.64794E-03 8.74396E-01 3.16396E+02 
1.94591E+02 2.56757E-03 8.59069E-01 3.13473E+02 
2.02374E+02 2.48587E-03 8.42853E-01 3.10254E+02 
2.10158E+02 2.40308E-03 8.25775E-01 3.06731E+02 
2.17941E+02 2.31942E-03 8.07868E-01 3.02897E+02 
2.25725E+02 2.23513E-03 7.89169E-01 2.98748E+02 
2.33509E+02 2.15044E-03 7.69723E-01 2.94283E+02 
2.41292E+02 2.06559E-03 7.49579E-01 2.89500E+02 
2.49076E+02 1.98081E-03 7.28792E-01 2.84403E+02 
2.56860E+02 1.89632E-03 7.07420E-01 2.78996E+02 
2.64643E+02 1.81236E-03 6.85526E-01 2.73287E+02 
2.72427E+02 1.72913E-03 6.63177E-01 2.67285E+02 
2.80210E+02 1.64685E-03 6.40443E-01 2.61003E+02 
2.87994E+02 1.56572E-03 6.17395E-01 2.54455E+02 
2.95778E+02 1.48594E-03 5.94107E-01 2.47658E+02 
3.03561E+02 1.40767E-03 5.70654E-01 2.40629E+02 
3.11345E+02 1.33110E-03 5.47112E-01 2.33391E+02 
3.19129E+02 1.25636E-03 5.23556E-01 2.25965E+02 
3.26912E+02 1.18362E-03 5.00059E-01 2.18376E+02 
3.34696E+02 1.11299E-03 4.76696E-01 2.10647E+02 
3.42479E+02 1.04459E-03 4.53537E-01 2.02806E+02 
3.50263E+02 9.78510E-04 4.30651E-01 1.94879E+02 
3.58047E+02 9.14838E-04 4.08103E-01 1.86894E+02 
3.65830E+02 8.53640E-04 3.85955E-01 1.78878E+02 
3.73614E+02 7.94968E-04 3.64264E-01 1.70859E+02 
3.81398E+02 7.38858E-04 3.43084E-01 1.62863E+02 
3.89181E+02 6.85335E-04 3.22464E-01 1.54919E+02 
3.96965E+02 6.34408E-04 3.02447E-01 1.47051E+02 
4.04748E+02 5.86071E-04 2.83073E-01 1.39285E+02 
4.12532E+02 5.40309E-04 2.64374E-01 1.31645E+02 
4.20316E+02 4.97093E-04 2.46379E-01 1.24152E+02 
4.28099E+02 4.56383E-04 2.29112E-01 1.16827E+02 
4.35883E+02 4.18131E-04 2.12589E-01 1.09690E+02 
4.43667E+02 3.82278E-04 1.96823E-01 1.02757E+02 
4.51450E+02 3.48758E-04 1.81822E-01 9.60440E+01 
4.59234E+02 3.17497E-04 1.67589E-01 8.95637E+01 
4.67017E+02 2.88416E-04 1.54123E-01 8.33275E+01 
4.74801E+02 2.61432E-04 1.41417E-01 7.73445E+01 
4.82585E+02 2.36454E-04 1.29461E-01 7.16221E+01 
4.90368E+02 2.13393E-04 1.18244E-01 6.61654E+01 
4.98152E+02 1.92153E-04 1.07747E-01 6.09779E+01 
5.05935E+02 1.72641E-04 9.79523E-02 5.60609E+01 
5.13719E+02 1.54760E-04 8.88373E-02 5.14142E+01 
5.21503E+02 1.38416E-04 8.03782E-02 4.70361E+01 
5.29286E+02 1.23513E-04 7.25491E-02 4.29232E+01 
5.37070E+02 1.09958E-04 6.53230E-02 3.90707E+01 
5.44854E+02 9.76610E-05 5.86714E-02 3.54728E+01 
5.52637E+02 8.65320E-05 5.25651E-02 3.21224E+01 
5.60421E+02 7.64857E-05 4.69747E-02 2.90115E+01 
5.68204E+02 6.74394E-05 4.18704E-02 2.61314E+01 
5.75988E+02 5.93139E-05 3.72224E-02 2.34725E+01 
5.83772E+02 5.20338E-05 3.30013E-02 2.10251E+01 
5.91555E+02 4.55273E-05 2.91782E-02 1.87786E+01 
5.99339E+02 3.97269E-05 2.57248E-02 1.67225E+01 
6.07123E+02 3.45688E-05 2.26137E-02 1.48460E+01 
6.14906E+02 2.99934E-05 1.98184E-02 1.31383E+01 
6.22690E+02 2.59449E-05 1.73135E-02 1.15884E+01 
6.30473E+02 2.23718E-05 1.50749E-02 1.01859E+01 
6.38257E+02 1.92259E-05 1.30796E-02 8.92032E+00 
6.46041E+02 1.64633E-05 1.13058E-02 7.78140E+00 
6.53824E+02 1.40431E-05 9.73307E-03 6.75937E+00 
6.61608E+02 1.19284E-05 8.34237E-03 5.84480E+00 
6.69392E+02 1.00851E-05 7.11584E-03 5.02864E+00 
6.77175E+02 8.48250E-06 6.03695E-03 4.30234E+00 
6.84959E+02 7.09256E-06 5.09045E-03 3.65779E+00 
6.92742E+02 5.89012E-06 4.26226E-03 3.08736E+00 
7.00526E+02 4.85247E-06 3.53949E-03 2.58392E+00 
7.08310E+02 3.95928E-06 2.91040E-03 2.14084E+00 
7.16093E+02 3.19234E-06 2.36426E-03 1.75193E+00 
7.23877E+02 2.53548E-06 1.89140E-03 1.41151E+00 
7.31661E+02 1.97428E-06 1.48303E-03 1.11436E+00 
7.39444E+02 1.49601E-06 1.13129E-03 8.55671E-01 
7.47228E+02 1.08945E-06 8.29123E-04 6.31087E-01 
7.55011E+02 7.44700E-07 5.70211E-04 4.36640E-01 
7.62795E+02 4.53097E-07 3.48945E-04 2.68743E-01 
7.70579E+02 2.07065E-07 1.60342E-04 1.24163E-01 
