100 2 
0.00000E+00 3.77354E-03 1.00584E+00 3.31126E+02 
7.73178E+00 3.77138E-03 1.00583E+00 3.31125E+02 
1.54636E+01 3.76493E-03 1.00576E+00 3.31125E+02 
2.31953E+01 3.75418E-03 1.00554E+00 3.31120E+02 
3.09271E+01 3.73916E-03 1.00514E+00 3.31109E+02 
3.86589E+01 3.71991E-03 1.00446E+00 3.31086E+02 
4.63907E+01 3.69646E-03 1.00346E+00 3.31043E+02 
5.41225E+01 3.66886E-03 1.00207E+00 3.30973E+02 
6.18543E+01 3.63717E-03 1.00023E+00 3.30866E+02 
6.95860E+01 3.60147E-03 9.97885E-01 3.30711E+02 
7.73178E+01 3.56183E-03 9.94971E-01 3.30497E+02 
8.50496E+01 3.51835E-03 9.91438E-01 3.30209E+02 
9.27814E+01 3.47111E-03 9.87235E-01 3.29835E+02 
1.00513E+02 3.42024E-03 9.82317E-01 3.29359E+02 
1.08245E+02 3.36586E-03 9.76638E-01 3.28766E+02 
1.15977E+02 3.30809E-03 9.70160E-01 3.28039E+02 
1.23709E+02 3.24710E-03 9.62848E-01 3.27162E+02 
1.31440E+02 3.18302E-03 9.54671E-01 3.26119E+02 
1.39172E+02 3.11602E-03 9.45604E-01 3.24891E+02 
1.46904E+02 3.04629E-03 9.35628E-01 3.23464E+02 
1.54636E+02 2.97400E-03 9.24727E-01 3.21820E+02 
1.62367E+02 2.89936E-03 9.12895E-01 3.19944E+02 
1.70099E+02 2.82256E-03 9.00127E-01 3.17821E+02 
1.77831E+02 2.74382E-03 8.86428E-01 3.15437E+02 
1.85563E+02 2.66336E-03 8.71807E-01 3.12780E+02 
1.93295E+02 2.58140E-03 8.56281E-01 3.09838E+02 
2.01026E+02 2.49817E-03 8.39872E-01 3.06602E+02 
2.08758E+02 2.41392E-03 8.22608E-01 3.03064E+02 
2.16490E+02 2.32887E-03 8.04523E-01 2.99219E+02 
2.24222E+02 2.24326E-03 7.85659E-01 2.95061E+02 
2.31953E+02 2.15733E-03 7.66060E-01 2.90591E+02 
2.39685E+02 2.07132E-03 7.45778E-01 2.85807E+02 
2.47417E+02 1.98547E-03 7.24868E-01 2.80714E+02 
2.55149E+02 1.89999E-03 7.03390E-01 2.75317E+02 
2.62881E+02 1.81513E-03 6.81409E-01 2.69623E+02 
2.70612E+02 1.73108E-03 6.58991E-01 2.63643E+02 
2.78344E+02 1.64807E-03 6.36207E-01 2.57389E+02 
2.86076E+02 1.56629E-03 6.13128E-01 2.50876E+02 
2.93808E+02 1.48593E-03 5.89830E-01 2.44121E+02 
3.01540E+02 1.40717E-03 5.66385E-01 2.37142E+02 
3.09271E+02 1.33017E-03 5.42870E-01 2.29960E+02 
3.17003E+02 1.25508E-03 5.19359E-01 2.22598E+02 
3.24735E+02 1.18205E-03 4.95926E-01 2.15079E+02 
3.32467E+02 1.11119E-03 4.72642E-01 2.07428E+02 
3.40198E+02 1.04260E-03 4.49577E-01 1.99671E+02 
3.47930E+02 9.76397E-04 4.26799E-01 1.91834E+02 
3.55662E+02 9.12642E-04 4.04372E-01 1.83944E+02 
3.63394E+02 8.51400E-04 3.82355E-01 1.76029E+02 
3.71126E+02 7.92720E-04 3.60806E-01 1.68115E+02 
3.78857E+02 7.36633E-04 3.39776E-01 1.60229E+02 
3.86589E+02 6.83159E-04 3.19312E-01 1.52398E+02 
3.94321E+02 6.32303E-04 2.99456E-01 1.44645E+02 
4.02053E+02 5.84055E-04 2.80246E-01 1.36997E+02 
4.09784E+02 5.38397E-04 2.61714E-01 1.29475E+02 
4.17516E+02 4.95295E-04 2.43887E-01 1.22101E+02 
4.25248E+02 4.54707E-04 2.26786E-01 1.14895E+02 
4.32980E+02 4.16582E-04 2.10427E-01 1.07876E+02 
4.40712E+02 3.80858E-04 1.94823E-01 1.01060E+02 
4.48443E+02 3.47467E-04 1.79980E-01 9.44611E+01 
4.56175E+02 3.16334E-04 1.65899E-01 8.80929E+01 
4.63907E+02 2.87378E-04 1.52580E-01 8.19658E+01 
4.71639E+02 2.60513E-04 1.40014E-01 7.60885E+01 
4.79371E+02 2.35649E-04 1.28193E-01 7.04678E+01 
4.87102E+02 2.12695E-04 1.17102E-01 6.51087E+01 
4.94834E+02 1.91556E-04 1.06724E-01 6.00141E+01 
5.02566E+02 1.72137E-04 9.70407E-02 5.51854E+01 
5.10298E+02 1.54341E-04 8.80294E-02 5.06222E+01 
5.18029E+02 1.38073E-04 7.96661E-02 4.63226E+01 
5.25761E+02 1.23240E-04 7.19253E-02 4.22831E+01 
5.33493E+02 1.09746E-04 6.47798E-02 3.84990E+01 
5.41225E+02 9.75030E-05 5.82015E-02 3.49644E+01 
5.48957E+02 8.64211E-05 5.21616E-02 3.16725E+01 
5.56688E+02 7.64153E-05 4.66308E-02 2.86152E+01 
5.64420E+02 6.74033E-05 4.15797E-02 2.57841E+01 
5.72152E+02 5.93065E-05 3.69790E-02 2.31699E+01 
5.79884E+02 5.20498E-05 3.27995E-02 2.07627E+01 
5.87615E+02 4.55622E-05 2.90128E-02 1.85525E+01 
5.95347E+02 3.97764E-05 2.55911E-02 1.65288E+01 
6.03079E+02 3.46293E-05 2.25072E-02 1.46811E+01 
6.10811E+02 3.00616E-05 1.97353E-02 1.29989E+01 
6.18543E+02 2.60181E-05 1.72501E-02 1.14715E+01 
6.26274E+02 2.24475E-05 1.50281E-02 1.00886E+01 
6.34006E+02 1.93023E-05 1.30464E-02 8.84004E+00 
6.41738E+02 1.65386E-05 1.12837E-02 7.71583E+00 
6.49470E+02 1.41161E-05 9.71997E-03 6.70638E+00 
6.57202E+02 1.19980E-05 8.33630E-03 5.80249E+00 
6.64933E+02 1.01505E-05 7.11516E-03 4.99534E+00 
6.72665E+02 8.54309E-06 6.04028E-03 4.27654E+00 
6.80397E+02 7.14799E-06 5.09658E-03 3.63818E+00 
6.88129E+02 5.94016E-06 4.27022E-03 3.07281E+00 
6.95860E+02 4.89703E-06 3.54847E-03 2.57343E+00 
7.03592E+02 3.99836E-06 2.91974E-03 2.13354E+00 
7.11324E+02 3.22606E-06 2.37345E-03 1.74711E+00 
7.19056E+02 2.56401E-06 1.90002E-03 1.40856E+00 
7.26788E+02 1.99784E-06 1.49078E-03 1.11276E+00 
7.34519E+02 1.51489E-06 1.13796E-03 8.55000E-01 
7.42251E+02 1.10392E-06 8.34554E-04 6.31000E-01 
7.49983E+02 7.55082E-07 5.74315E-04 4.36857E-01 
7.57715E+02 4.59705E-07 3.51677E-04 2.69044E-01 
7.65447E+02 2.10213E-07 1.61696E-04 1.24378E-01 
