100 2 
0.00000E+00 3.72305E-03 1.00586E+00 3.34880E+02 
7.78891E+00 3.72098E-03 1.00585E+00 3.34880E+02 
1.55778E+01 3.71477E-03 1.00577E+00 3.34879E+02 
2.33667E+01 3.70444E-03 1.00557E+00 3.34875E+02 
3.11556E+01 3.69001E-03 1.00517E+00 3.34864E+02 
3.89446E+01 3.67150E-03 1.00452E+00 3.34841E+02 
4.67335E+01 3.64894E-03 1.00355E+00 3.34799E+02 
5.45224E+01 3.62238E-03 1.00221E+00 3.34731E+02 
6.23113E+01 3.59187E-03 1.00042E+00 3.34626E+02 
7.01002E+01 3.55747E-03 9.98141E-01 3.34475E+02 
7.78891E+01 3.51926E-03 9.95310E-01 3.34265E+02 
8.56780E+01 3.47730E-03 9.91876E-01 3.33984E+02 
9.34669E+01 3.43169E-03 9.87789E-01 3.33618E+02 
1.01256E+02 3.38253E-03 9.83000E-01 3.33151E+02 
1.09045E+02 3.32993E-03 9.77467E-01 3.32569E+02 
1.16834E+02 3.27400E-03 9.71149E-01 3.31854E+02 
1.24623E+02 3.21489E-03 9.64010E-01 3.30992E+02 
1.32412E+02 3.15273E-03 9.56019E-01 3.29965E+02 
1.40200E+02 3.08767E-03 9.47149E-01 3.28755E+02 
1.47989E+02 3.01988E-03 9.37380E-01 3.27347E+02 
1.55778E+02 2.94953E-03 9.26693E-01 3.25723E+02 
1.63567E+02 2.87681E-03 9.15080E-01 3.23868E+02 
1.71356E+02 2.80191E-03 9.02535E-01 3.21767E+02 
1.79145E+02 2.72502E-03 8.89060E-01 3.19405E+02 
1.86934E+02 2.64637E-03 8.74663E-01 3.16769E+02 
1.94723E+02 2.56617E-03 8.59356E-01 3.13847E+02 
2.02512E+02 2.48463E-03 8.43161E-01 3.10630E+02 
2.10301E+02 2.40199E-03 8.26102E-01 3.07108E+02 
2.18090E+02 2.31847E-03 8.08213E-01 3.03276E+02 
2.25878E+02 2.23431E-03 7.89532E-01 2.99129E+02 
2.33667E+02 2.14975E-03 7.70101E-01 2.94664E+02 
2.41456E+02 2.06502E-03 7.49972E-01 2.89881E+02 
2.49245E+02 1.98035E-03 7.29197E-01 2.84784E+02 
2.57034E+02 1.89596E-03 7.07836E-01 2.79376E+02 
2.64823E+02 1.81209E-03 6.85952E-01 2.73665E+02 
2.72612E+02 1.72894E-03 6.63610E-01 2.67661E+02 
2.80401E+02 1.64674E-03 6.40881E-01 2.61376E+02 
2.88190E+02 1.56568E-03 6.17836E-01 2.54825E+02 
2.95979E+02 1.48595E-03 5.94550E-01 2.48023E+02 
3.03768E+02 1.40773E-03 5.71096E-01 2.40990E+02 
3.11556E+02 1.33120E-03 5.47551E-01 2.33746E+02 
3.19345E+02 1.25651E-03 5.23990E-01 2.26314E+02 
3.27134E+02 1.18379E-03 5.00488E-01 2.18717E+02 
3.34923E+02 1.11319E-03 4.77117E-01 2.10980E+02 
3.42712E+02 1.04480E-03 4.53948E-01 2.03131E+02 
3.50501E+02 9.78738E-04 4.31051E-01 1.95194E+02 
3.58290E+02 9.15074E-04 4.08490E-01 1.87199E+02 
3.66079E+02 8.53880E-04 3.86328E-01 1.79173E+02 
3.73868E+02 7.95208E-04 3.64623E-01 1.71143E+02 
3.81657E+02 7.39096E-04 3.43427E-01 1.63136E+02 
3.89446E+02 6.85568E-04 3.22791E-01 1.55180E+02 
3.97235E+02 6.34632E-04 3.02758E-01 1.47301E+02 
4.05023E+02 5.86286E-04 2.83367E-01 1.39523E+02 
4.12812E+02 5.40513E-04 2.64651E-01 1.31870E+02 
4.20601E+02 4.97285E-04 2.46639E-01 1.24365E+02 
4.28390E+02 4.56562E-04 2.29354E-01 1.17028E+02 
4.36179E+02 4.18297E-04 2.12814E-01 1.09878E+02 
4.43968E+02 3.82430E-04 1.97031E-01 1.02934E+02 
4.51757E+02 3.48896E-04 1.82014E-01 9.62084E+01 
4.59546E+02 3.17622E-04 1.67766E-01 8.97164E+01 
4.67335E+02 2.88528E-04 1.54284E-01 8.34689E+01 
4.75124E+02 2.61530E-04 1.41563E-01 7.74750E+01 
4.82913E+02 2.36541E-04 1.29594E-01 7.17421E+01 
4.90701E+02 2.13468E-04 1.18363E-01 6.62753E+01 
4.98490E+02 1.92218E-04 1.07854E-01 6.10780E+01 
5.06279E+02 1.72696E-04 9.80476E-02 5.61519E+01 
5.14068E+02 1.54807E-04 8.89218E-02 5.14966E+01 
5.21857E+02 1.38454E-04 8.04528E-02 4.71103E+01 
5.29646E+02 1.23544E-04 7.26145E-02 4.29898E+01 
5.37435E+02 1.09983E-04 6.53800E-02 3.91302E+01 
5.45224E+02 9.76793E-05 5.87207E-02 3.55257E+01 
5.53013E+02 8.65453E-05 5.26075E-02 3.21692E+01 
5.60802E+02 7.64947E-05 4.70109E-02 2.90528E+01 
5.68591E+02 6.74447E-05 4.19011E-02 2.61675E+01 
5.76380E+02 5.93161E-05 3.72481E-02 2.35041E+01 
5.84168E+02 5.20334E-05 3.30227E-02 2.10525E+01 
5.91957E+02 4.55249E-05 2.91958E-02 1.88022E+01 
5.99746E+02 3.97228E-05 2.57390E-02 1.67428E+01 
6.07535E+02 3.45635E-05 2.26251E-02 1.48632E+01 
6.15324E+02 2.99872E-05 1.98273E-02 1.31528E+01 
6.23113E+02 2.59381E-05 1.73204E-02 1.16007E+01 
6.30902E+02 2.23646E-05 1.50801E-02 1.01961E+01 
6.38691E+02 1.92186E-05 1.30833E-02 8.92873E+00 
6.46480E+02 1.64560E-05 1.13083E-02 7.78828E+00 
6.54269E+02 1.40361E-05 9.73464E-03 6.76495E+00 
6.62058E+02 1.19216E-05 8.34317E-03 5.84925E+00 
6.69846E+02 1.00787E-05 7.11607E-03 5.03216E+00 
6.77635E+02 8.47655E-06 6.03675E-03 4.30507E+00 
6.85424E+02 7.08712E-06 5.08994E-03 3.65987E+00 
6.93213E+02 5.88519E-06 4.26154E-03 3.08891E+00 
7.01002E+02 4.84807E-06 3.53866E-03 2.58505E+00 
7.08791E+02 3.95541E-06 2.90952E-03 2.14163E+00 
7.16580E+02 3.18900E-06 2.36338E-03 1.75246E+00 
7.24369E+02 2.53265E-06 1.89056E-03 1.41184E+00 
7.32158E+02 1.97194E-06 1.48227E-03 1.11454E+00 
7.39947E+02 1.49414E-06 1.13064E-03 8.55757E-01 
7.47736E+02 1.08801E-06 8.28589E-04 6.31108E-01 
7.55524E+02 7.43669E-07 5.69808E-04 4.36627E-01 
7.63313E+02 4.52440E-07 3.48675E-04 2.68718E-01 
7.71102E+02 2.06752E-07 1.60209E-04 1.24145E-01 
