100 2 
0.00000E+00 3.74541E-03 1.00585E+00 3.33209E+02 
7.76359E+00 3.74330E-03 1.00584E+00 3.33208E+02 
1.55272E+01 3.73698E-03 1.00577E+00 3.33208E+02 
2.32908E+01 3.72647E-03 1.00556E+00 3.33203E+02 
3.10544E+01 3.71177E-03 1.00516E+00 3.33192E+02 
3.88179E+01 3.69293E-03 1.00450E+00 3.33169E+02 
4.65815E+01 3.66998E-03 1.00351E+00 3.33127E+02 
5.43451E+01 3.64296E-03 1.00215E+00 3.33058E+02 
6.21087E+01 3.61193E-03 1.00034E+00 3.32952E+02 
6.98723E+01 3.57696E-03 9.98027E-01 3.32799E+02 
7.76359E+01 3.53811E-03 9.95159E-01 3.32587E+02 
8.53995E+01 3.49547E-03 9.91681E-01 3.32303E+02 
9.31631E+01 3.44914E-03 9.87543E-01 3.31933E+02 
1.00927E+02 3.39923E-03 9.82696E-01 3.31463E+02 
1.08690E+02 3.34583E-03 9.77098E-01 3.30875E+02 
1.16454E+02 3.28909E-03 9.70708E-01 3.30156E+02 
1.24217E+02 3.22914E-03 9.63492E-01 3.29287E+02 
1.31981E+02 3.16613E-03 9.55419E-01 3.28252E+02 
1.39745E+02 3.10022E-03 9.46461E-01 3.27034E+02 
1.47508E+02 3.03156E-03 9.36599E-01 3.25617E+02 
1.55272E+02 2.96036E-03 9.25817E-01 3.23984E+02 
1.63035E+02 2.88678E-03 9.14106E-01 3.22120E+02 
1.70799E+02 2.81104E-03 9.01462E-01 3.20009E+02 
1.78563E+02 2.73333E-03 8.87887E-01 3.17637E+02 
1.86326E+02 2.65388E-03 8.73390E-01 3.14991E+02 
1.94090E+02 2.57289E-03 8.57985E-01 3.12061E+02 
2.01853E+02 2.49061E-03 8.41694E-01 3.08835E+02 
2.09617E+02 2.40725E-03 8.24544E-01 3.05306E+02 
2.17380E+02 2.32305E-03 8.06567E-01 3.01468E+02 
2.25144E+02 2.23825E-03 7.87804E-01 2.97315E+02 
2.32908E+02 2.15308E-03 7.68298E-01 2.92848E+02 
2.40671E+02 2.06778E-03 7.48100E-01 2.88065E+02 
2.48435E+02 1.98258E-03 7.27265E-01 2.82969E+02 
2.56198E+02 1.89772E-03 7.05851E-01 2.77565E+02 
2.63962E+02 1.81340E-03 6.83923E-01 2.71862E+02 
2.71726E+02 1.72986E-03 6.61547E-01 2.65869E+02 
2.79489E+02 1.64730E-03 6.38793E-01 2.59597E+02 
2.87253E+02 1.56591E-03 6.15733E-01 2.53062E+02 
2.95016E+02 1.48591E-03 5.92440E-01 2.46281E+02 
3.02780E+02 1.40745E-03 5.68991E-01 2.39272E+02 
3.10544E+02 1.33071E-03 5.45459E-01 2.32056E+02 
3.18307E+02 1.25584E-03 5.21920E-01 2.24654E+02 
3.26071E+02 1.18299E-03 4.98448E-01 2.17092E+02 
3.33834E+02 1.11227E-03 4.75115E-01 2.09393E+02 
3.41598E+02 1.04380E-03 4.51993E-01 2.01585E+02 
3.49361E+02 9.77668E-04 4.29149E-01 1.93693E+02 
3.57125E+02 9.13964E-04 4.06647E-01 1.85745E+02 
3.64889E+02 8.52750E-04 3.84550E-01 1.77768E+02 
3.72652E+02 7.94075E-04 3.62914E-01 1.69789E+02 
3.80416E+02 7.37975E-04 3.41793E-01 1.61837E+02 
3.88179E+02 6.84472E-04 3.21233E-01 1.53936E+02 
3.95943E+02 6.33573E-04 3.01279E-01 1.46113E+02 
4.03707E+02 5.85272E-04 2.81969E-01 1.38393E+02 
4.11470E+02 5.39551E-04 2.63335E-01 1.30798E+02 
4.19234E+02 4.96380E-04 2.45406E-01 1.23352E+02 
4.26997E+02 4.55718E-04 2.28203E-01 1.16074E+02 
4.34761E+02 4.17516E-04 2.11744E-01 1.08982E+02 
4.42525E+02 3.81714E-04 1.96041E-01 1.02095E+02 
4.50288E+02 3.48245E-04 1.81102E-01 9.54263E+01 
4.58052E+02 3.17035E-04 1.66928E-01 8.89897E+01 
4.65815E+02 2.88003E-04 1.53519E-01 8.27960E+01 
4.73579E+02 2.61065E-04 1.40868E-01 7.68542E+01 
4.81342E+02 2.36133E-04 1.28965E-01 7.11714E+01 
4.89106E+02 2.13114E-04 1.17797E-01 6.57528E+01 
4.96870E+02 1.91914E-04 1.07346E-01 6.06015E+01 
5.04633E+02 1.72438E-04 9.75951E-02 5.57189E+01 
5.12397E+02 1.54591E-04 8.85206E-02 5.11049E+01 
5.20160E+02 1.38277E-04 8.00990E-02 4.67574E+01 
5.27924E+02 1.23402E-04 7.23044E-02 4.26731E+01 
5.35688E+02 1.09871E-04 6.51097E-02 3.88473E+01 
5.43451E+02 9.75953E-05 5.84868E-02 3.52741E+01 
5.51215E+02 8.64850E-05 5.24065E-02 3.19465E+01 
5.58978E+02 7.64547E-05 4.68394E-02 2.88566E+01 
5.66742E+02 6.74221E-05 4.17560E-02 2.59956E+01 
5.74506E+02 5.93081E-05 3.71265E-02 2.33542E+01 
5.82269E+02 5.20374E-05 3.29217E-02 2.09225E+01 
5.90033E+02 4.55385E-05 2.91128E-02 1.86901E+01 
5.97796E+02 3.97440E-05 2.56718E-02 1.66467E+01 
6.05560E+02 3.45904E-05 2.25714E-02 1.47815E+01 
6.13323E+02 3.00182E-05 1.97853E-02 1.30837E+01 
6.21087E+02 2.59718E-05 1.72882E-02 1.15426E+01 
6.28851E+02 2.23998E-05 1.50561E-02 1.01478E+01 
6.36614E+02 1.92544E-05 1.30661E-02 8.88883E+00 
6.44378E+02 1.64914E-05 1.12967E-02 7.75566E+00 
6.52141E+02 1.40705E-05 9.72754E-03 6.73856E+00 
6.59905E+02 1.19546E-05 8.33961E-03 5.82816E+00 
6.67669E+02 1.01098E-05 7.11523E-03 5.01553E+00 
6.75432E+02 8.50540E-06 6.03794E-03 4.29217E+00 
6.83196E+02 7.11355E-06 5.09256E-03 3.65004E+00 
6.90959E+02 5.90909E-06 4.26512E-03 3.08159E+00 
6.98723E+02 4.86938E-06 3.54279E-03 2.57975E+00 
7.06487E+02 3.97412E-06 2.91386E-03 2.13792E+00 
7.14250E+02 3.20516E-06 2.36770E-03 1.74999E+00 
7.22014E+02 2.54632E-06 1.89463E-03 1.41031E+00 
7.29777E+02 1.98324E-06 1.48595E-03 1.11369E+00 
7.37541E+02 1.50320E-06 1.13381E-03 8.55375E-01 
7.45305E+02 1.09496E-06 8.31176E-04 6.31025E-01 
7.53068E+02 7.48656E-07 5.71767E-04 4.36706E-01 
7.60832E+02 4.55615E-07 3.49982E-04 2.68848E-01 
7.68595E+02 2.08264E-07 1.60856E-04 1.24241E-01 
