100 2 
0.00000E+00 3.98728E-03 1.00577E+00 3.16002E+02 
7.49125E+00 3.98477E-03 1.00576E+00 3.16002E+02 
1.49825E+01 3.97725E-03 1.00567E+00 3.16001E+02 
2.24737E+01 3.96474E-03 1.00544E+00 3.15996E+02 
2.99650E+01 3.94728E-03 1.00497E+00 3.15984E+02 
3.74562E+01 3.92491E-03 1.00422E+00 3.15958E+02 
4.49475E+01 3.89772E-03 1.00309E+00 3.15912E+02 
5.24387E+01 3.86576E-03 1.00154E+00 3.15836E+02 
5.99300E+01 3.82915E-03 9.99476E-01 3.15719E+02 
6.74212E+01 3.78798E-03 9.96852E-01 3.15552E+02 
7.49125E+01 3.74239E-03 9.93604E-01 3.15320E+02 
8.24037E+01 3.69250E-03 9.89677E-01 3.15011E+02 
8.98950E+01 3.63847E-03 9.85020E-01 3.14609E+02 
9.73862E+01 3.58046E-03 9.79585E-01 3.14100E+02 
1.04877E+02 3.51864E-03 9.73331E-01 3.13467E+02 
1.12369E+02 3.45320E-03 9.66221E-01 3.12694E+02 
1.19860E+02 3.38434E-03 9.58224E-01 3.11765E+02 
1.27351E+02 3.31228E-03 9.49314E-01 3.10663E+02 
1.34842E+02 3.23722E-03 9.39472E-01 3.09372E+02 
1.42334E+02 3.15940E-03 9.28685E-01 3.07877E+02 
1.49825E+02 3.07905E-03 9.16947E-01 3.06161E+02 
1.57316E+02 2.99642E-03 9.04256E-01 3.04212E+02 
1.64807E+02 2.91176E-03 8.90620E-01 3.02015E+02 
1.72299E+02 2.82533E-03 8.76050E-01 2.99559E+02 
1.79790E+02 2.73737E-03 8.60565E-01 2.96832E+02 
1.87281E+02 2.64817E-03 8.44191E-01 2.93826E+02 
1.94772E+02 2.55796E-03 8.26960E-01 2.90534E+02 
2.02264E+02 2.46703E-03 8.08908E-01 2.86950E+02 
2.09755E+02 2.37563E-03 7.90078E-01 2.83070E+02 
2.17246E+02 2.28402E-03 7.70519E-01 2.78894E+02 
2.24737E+02 2.19245E-03 7.50283E-01 2.74422E+02 
2.32229E+02 2.10117E-03 7.29428E-01 2.69656E+02 
2.39720E+02 2.01043E-03 7.08015E-01 2.64603E+02 
2.47211E+02 1.92045E-03 6.86109E-01 2.59269E+02 
2.54702E+02 1.83146E-03 6.63777E-01 2.53665E+02 
2.62194E+02 1.74368E-03 6.41091E-01 2.47802E+02 
2.69685E+02 1.65730E-03 6.18121E-01 2.41693E+02 
2.77176E+02 1.57252E-03 5.94941E-01 2.35354E+02 
2.84667E+02 1.48951E-03 5.71623E-01 2.28804E+02 
2.92159E+02 1.40844E-03 5.48242E-01 2.22061E+02 
2.99650E+02 1.32945E-03 5.24870E-01 2.15145E+02 
3.07141E+02 1.25268E-03 5.01579E-01 2.08078E+02 
3.14632E+02 1.17824E-03 4.78439E-01 2.00884E+02 
3.22124E+02 1.10624E-03 4.55516E-01 1.93587E+02 
3.29615E+02 1.03676E-03 4.32877E-01 1.86209E+02 
3.37106E+02 9.69875E-04 4.10581E-01 1.78777E+02 
3.44597E+02 9.05639E-04 3.88688E-01 1.71315E+02 
3.52089E+02 8.44095E-04 3.67251E-01 1.63848E+02 
3.59580E+02 7.85268E-04 3.46320E-01 1.56400E+02 
3.67071E+02 7.29171E-04 3.25941E-01 1.48996E+02 
3.74562E+02 6.75803E-04 3.06152E-01 1.41659E+02 
3.82054E+02 6.25149E-04 2.86992E-01 1.34411E+02 
3.89545E+02 5.77186E-04 2.68489E-01 1.27273E+02 
3.97036E+02 5.31876E-04 2.50671E-01 1.20265E+02 
4.04527E+02 4.89172E-04 2.33557E-01 1.13407E+02 
4.12019E+02 4.49019E-04 2.17165E-01 1.06715E+02 
4.19510E+02 4.11352E-04 2.01506E-01 1.00205E+02 
4.27001E+02 3.76099E-04 1.86587E-01 9.38908E+01 
4.34492E+02 3.43183E-04 1.72410E-01 8.77845E+01 
4.41984E+02 3.12520E-04 1.58973E-01 8.18967E+01 
4.49475E+02 2.84022E-04 1.46272E-01 7.62359E+01 
4.56966E+02 2.57598E-04 1.34298E-01 7.08093E+01 
4.64457E+02 2.33155E-04 1.23038E-01 6.56220E+01 
4.71949E+02 2.10595E-04 1.12476E-01 6.06776E+01 
4.79440E+02 1.89823E-04 1.02596E-01 5.59781E+01 
4.86931E+02 1.70741E-04 9.33770E-02 5.15239E+01 
4.94422E+02 1.53252E-04 8.47965E-02 4.73141E+01 
5.01914E+02 1.37260E-04 7.68309E-02 4.33462E+01 
5.09405E+02 1.22672E-04 6.94550E-02 3.96169E+01 
5.16896E+02 1.09394E-04 6.26423E-02 3.61213E+01 
5.24387E+02 9.73372E-05 5.63659E-02 3.28538E+01 
5.31879E+02 8.64148E-05 5.05980E-02 2.98080E+01 
5.39370E+02 7.65428E-05 4.53110E-02 2.69764E+01 
5.46861E+02 6.76408E-05 4.04768E-02 2.43511E+01 
5.54352E+02 5.96322E-05 3.60677E-02 2.19237E+01 
5.61844E+02 5.24439E-05 3.20565E-02 1.96853E+01 
5.69335E+02 4.60070E-05 2.84162E-02 1.76266E+01 
5.76826E+02 4.02562E-05 2.51210E-02 1.57384E+01 
5.84317E+02 3.51303E-05 2.21454E-02 1.40111E+01 
5.91809E+02 3.05721E-05 1.94652E-02 1.24351E+01 
5.99300E+02 2.65279E-05 1.70570E-02 1.10010E+01 
6.06791E+02 2.29481E-05 1.48985E-02 9.69952E+00 
6.14282E+02 1.97868E-05 1.29687E-02 8.52142E+00 
6.21774E+02 1.70015E-05 1.12475E-02 7.45781E+00 
6.29265E+02 1.45532E-05 9.71620E-03 6.50008E+00 
6.36756E+02 1.24061E-05 8.35722E-03 5.63994E+00 
6.44247E+02 1.05274E-05 7.15410E-03 4.86943E+00 
6.51739E+02 8.88750E-06 6.09159E-03 4.18101E+00 
6.59230E+02 7.45928E-06 5.15554E-03 3.56752E+00 
6.66721E+02 6.21832E-06 4.33292E-03 3.02221E+00 
6.74212E+02 5.14257E-06 3.61177E-03 2.53876E+00 
6.81704E+02 4.21219E-06 2.98109E-03 2.11124E+00 
6.89195E+02 3.40940E-06 2.43089E-03 1.73415E+00 
6.96686E+02 2.71829E-06 1.95206E-03 1.40240E+00 
7.04177E+02 2.12473E-06 1.53636E-03 1.11127E+00 
7.11669E+02 1.61611E-06 1.17635E-03 8.56441E-01 
7.19160E+02 1.18130E-06 8.65324E-04 6.33954E-01 
7.26651E+02 8.10433E-07 5.97262E-04 4.40195E-01 
7.34142E+02 4.94852E-07 3.66794E-04 2.71884E-01 
7.41634E+02 2.26930E-07 1.69126E-04 1.26046E-01 
