100 2 
0.00000E+00 3.96806E-03 1.00578E+00 3.17314E+02 
7.51287E+00 3.96558E-03 1.00577E+00 3.17314E+02 
1.50257E+01 3.95816E-03 1.00568E+00 3.17313E+02 
2.25386E+01 3.94580E-03 1.00545E+00 3.17308E+02 
3.00515E+01 3.92856E-03 1.00499E+00 3.17296E+02 
3.75643E+01 3.90647E-03 1.00424E+00 3.17271E+02 
4.50772E+01 3.87961E-03 1.00313E+00 3.17224E+02 
5.25901E+01 3.84804E-03 1.00158E+00 3.17149E+02 
6.01030E+01 3.81186E-03 9.99541E-01 3.17033E+02 
6.76158E+01 3.77118E-03 9.96941E-01 3.16867E+02 
7.51287E+01 3.72612E-03 9.93721E-01 3.16637E+02 
8.26416E+01 3.67680E-03 9.89828E-01 3.16329E+02 
9.01544E+01 3.62337E-03 9.85209E-01 3.15930E+02 
9.76673E+01 3.56599E-03 9.79818E-01 3.15423E+02 
1.05180E+02 3.50483E-03 9.73613E-01 3.14793E+02 
1.12693E+02 3.44007E-03 9.66556E-01 3.14024E+02 
1.20206E+02 3.37191E-03 9.58617E-01 3.13099E+02 
1.27719E+02 3.30055E-03 9.49769E-01 3.12001E+02 
1.35232E+02 3.22621E-03 9.39993E-01 3.10715E+02 
1.42745E+02 3.14910E-03 9.29274E-01 3.09225E+02 
1.50257E+02 3.06947E-03 9.17607E-01 3.07515E+02 
1.57770E+02 2.98754E-03 9.04988E-01 3.05571E+02 
1.65283E+02 2.90358E-03 8.91424E-01 3.03380E+02 
1.72796E+02 2.81782E-03 8.76927E-01 3.00928E+02 
1.80309E+02 2.73053E-03 8.61515E-01 2.98207E+02 
1.87822E+02 2.64196E-03 8.45211E-01 2.95205E+02 
1.95335E+02 2.55238E-03 8.28048E-01 2.91917E+02 
2.02847E+02 2.46203E-03 8.10061E-01 2.88335E+02 
2.10360E+02 2.37119E-03 7.91293E-01 2.84457E+02 
2.17873E+02 2.28011E-03 7.71791E-01 2.80281E+02 
2.25386E+02 2.18904E-03 7.51607E-01 2.75807E+02 
2.32899E+02 2.09823E-03 7.30799E-01 2.71039E+02 
2.40412E+02 2.00792E-03 7.09427E-01 2.65980E+02 
2.47925E+02 1.91834E-03 6.87555E-01 2.60640E+02 
2.55438E+02 1.82972E-03 6.65251E-01 2.55026E+02 
2.62950E+02 1.74227E-03 6.42586E-01 2.49151E+02 
2.70463E+02 1.65619E-03 6.19630E-01 2.43028E+02 
2.77976E+02 1.57168E-03 5.96456E-01 2.36674E+02 
2.85489E+02 1.48891E-03 5.73138E-01 2.30104E+02 
2.93002E+02 1.40805E-03 5.49750E-01 2.23339E+02 
3.00515E+02 1.32924E-03 5.26365E-01 2.16400E+02 
3.08028E+02 1.25263E-03 5.03054E-01 2.09307E+02 
3.15540E+02 1.17832E-03 4.79887E-01 2.02084E+02 
3.23053E+02 1.10642E-03 4.56933E-01 1.94755E+02 
3.30566E+02 1.03703E-03 4.34256E-01 1.87344E+02 
3.38079E+02 9.70212E-04 4.11919E-01 1.79877E+02 
3.45592E+02 9.06028E-04 3.89980E-01 1.72377E+02 
3.53105E+02 8.44519E-04 3.68494E-01 1.64871E+02 
3.60618E+02 7.85714E-04 3.47510E-01 1.57384E+02 
3.68131E+02 7.29627E-04 3.27076E-01 1.49938E+02 
3.75643E+02 6.76259E-04 3.07230E-01 1.42558E+02 
3.83156E+02 6.25598E-04 2.88011E-01 1.35267E+02 
3.90669E+02 5.77619E-04 2.69449E-01 1.28085E+02 
3.98182E+02 5.32287E-04 2.51571E-01 1.21034E+02 
4.05695E+02 4.89558E-04 2.34398E-01 1.14132E+02 
4.13208E+02 4.49376E-04 2.17947E-01 1.07397E+02 
4.20721E+02 4.11677E-04 2.02229E-01 1.00844E+02 
4.28234E+02 3.76392E-04 1.87253E-01 9.44868E+01 
4.35746E+02 3.43442E-04 1.73021E-01 8.83390E+01 
4.43259E+02 3.12746E-04 1.59531E-01 8.24108E+01 
4.50772E+02 2.84216E-04 1.46779E-01 7.67109E+01 
4.58285E+02 2.57761E-04 1.34756E-01 7.12464E+01 
4.65798E+02 2.33288E-04 1.23449E-01 6.60228E+01 
4.73311E+02 2.10700E-04 1.12844E-01 6.10437E+01 
4.80824E+02 1.89902E-04 1.02923E-01 5.63111E+01 
4.88336E+02 1.70797E-04 9.36662E-02 5.18257E+01 
4.95849E+02 1.53286E-04 8.50505E-02 4.75864E+01 
5.03362E+02 1.37276E-04 7.70525E-02 4.35909E+01 
5.10875E+02 1.22671E-04 6.96468E-02 3.98357E+01 
5.18388E+02 1.09379E-04 6.28072E-02 3.63161E+01 
5.25901E+02 9.73103E-05 5.65063E-02 3.30265E+01 
5.33414E+02 8.63778E-05 5.07165E-02 2.99602E+01 
5.40927E+02 7.64977E-05 4.54098E-02 2.71099E+01 
5.48439E+02 6.75894E-05 4.05583E-02 2.44676E+01 
5.55952E+02 5.95762E-05 3.61339E-02 2.20248E+01 
5.63465E+02 5.23848E-05 3.21093E-02 1.97724E+01 
5.70978E+02 4.59460E-05 2.84575E-02 1.77013E+01 
5.78491E+02 4.01945E-05 2.51524E-02 1.58019E+01 
5.86004E+02 3.50688E-05 2.21684E-02 1.40646E+01 
5.93517E+02 3.05116E-05 1.94810E-02 1.24800E+01 
6.01029E+02 2.64693E-05 1.70670E-02 1.10383E+01 
6.08542E+02 2.28919E-05 1.49037E-02 9.73009E+00 
6.16055E+02 1.97335E-05 1.29700E-02 8.54625E+00 
6.23568E+02 1.69514E-05 1.12459E-02 7.47772E+00 
6.31081E+02 1.45065E-05 9.71233E-03 6.51580E+00 
6.38594E+02 1.23629E-05 8.35171E-03 5.65213E+00 
6.46107E+02 1.04880E-05 7.14748E-03 4.87869E+00 
6.53620E+02 8.85176E-06 6.08430E-03 4.18785E+00 
6.61132E+02 7.42721E-06 5.14796E-03 3.57240E+00 
6.68645E+02 6.18984E-06 4.32536E-03 3.02553E+00 
6.76158E+02 5.11756E-06 3.60445E-03 2.54085E+00 
6.83671E+02 4.19050E-06 2.97422E-03 2.11240E+00 
6.91184E+02 3.39087E-06 2.42461E-03 1.73463E+00 
6.98697E+02 2.70276E-06 1.94648E-03 1.40240E+00 
7.06210E+02 2.11199E-06 1.53154E-03 1.11096E+00 
7.13723E+02 1.60598E-06 1.17234E-03 8.55973E-01 
7.21235E+02 1.17357E-06 8.62136E-04 6.33437E-01 
7.28748E+02 8.04913E-07 5.94903E-04 4.39721E-01 
7.36261E+02 4.91351E-07 3.65249E-04 2.71520E-01 
7.43774E+02 2.25269E-07 1.68372E-04 1.25846E-01 
