100 2 
0.00000E+00 3.97156E-03 1.00578E+00 3.17074E+02 
7.50893E+00 3.96908E-03 1.00577E+00 3.17074E+02 
1.50179E+01 3.96164E-03 1.00568E+00 3.17073E+02 
2.25268E+01 3.94925E-03 1.00544E+00 3.17069E+02 
3.00357E+01 3.93197E-03 1.00499E+00 3.17056E+02 
3.75446E+01 3.90983E-03 1.00424E+00 3.17031E+02 
4.50536E+01 3.88291E-03 1.00312E+00 3.16984E+02 
5.25625E+01 3.85127E-03 1.00157E+00 3.16909E+02 
6.00714E+01 3.81501E-03 9.99529E-01 3.16793E+02 
6.75804E+01 3.77425E-03 9.96924E-01 3.16627E+02 
7.50893E+01 3.72908E-03 9.93700E-01 3.16396E+02 
8.25982E+01 3.67966E-03 9.89800E-01 3.16088E+02 
9.01071E+01 3.62612E-03 9.85175E-01 3.15688E+02 
9.76161E+01 3.56862E-03 9.79776E-01 3.15181E+02 
1.05125E+02 3.50734E-03 9.73561E-01 3.14551E+02 
1.12634E+02 3.44246E-03 9.66495E-01 3.13781E+02 
1.20143E+02 3.37418E-03 9.58545E-01 3.12855E+02 
1.27652E+02 3.30269E-03 9.49686E-01 3.11757E+02 
1.35161E+02 3.22821E-03 9.39897E-01 3.10470E+02 
1.42670E+02 3.15097E-03 9.29167E-01 3.08979E+02 
1.50179E+02 3.07121E-03 9.17486E-01 3.07268E+02 
1.57688E+02 2.98916E-03 9.04854E-01 3.05323E+02 
1.65196E+02 2.90507E-03 8.91277E-01 3.03130E+02 
1.72705E+02 2.81919E-03 8.76766E-01 3.00678E+02 
1.80214E+02 2.73177E-03 8.61340E-01 2.97955E+02 
1.87723E+02 2.64309E-03 8.45024E-01 2.94953E+02 
1.95232E+02 2.55339E-03 8.27849E-01 2.91664E+02 
2.02741E+02 2.46294E-03 8.09850E-01 2.88082E+02 
2.10250E+02 2.37200E-03 7.91070E-01 2.84203E+02 
2.17759E+02 2.28082E-03 7.71558E-01 2.80027E+02 
2.25268E+02 2.18966E-03 7.51364E-01 2.75554E+02 
2.32777E+02 2.09876E-03 7.30547E-01 2.70786E+02 
2.40286E+02 2.00837E-03 7.09168E-01 2.65728E+02 
2.47795E+02 1.91872E-03 6.87290E-01 2.60389E+02 
2.55304E+02 1.83003E-03 6.64981E-01 2.54777E+02 
2.62812E+02 1.74252E-03 6.42311E-01 2.48904E+02 
2.70321E+02 1.65639E-03 6.19353E-01 2.42784E+02 
2.77830E+02 1.57183E-03 5.96178E-01 2.36432E+02 
2.85339E+02 1.48902E-03 5.72860E-01 2.29866E+02 
2.92848E+02 1.40812E-03 5.49473E-01 2.23105E+02 
3.00357E+02 1.32928E-03 5.26090E-01 2.16170E+02 
3.07866E+02 1.25263E-03 5.02783E-01 2.09082E+02 
3.15375E+02 1.17830E-03 4.79621E-01 2.01864E+02 
3.22884E+02 1.10638E-03 4.56673E-01 1.94541E+02 
3.30393E+02 1.03698E-03 4.34003E-01 1.87136E+02 
3.37902E+02 9.70147E-04 4.11674E-01 1.79675E+02 
3.45411E+02 9.05953E-04 3.89743E-01 1.72183E+02 
3.52920E+02 8.44438E-04 3.68266E-01 1.64684E+02 
3.60429E+02 7.85629E-04 3.47292E-01 1.57203E+02 
3.67938E+02 7.29540E-04 3.26867E-01 1.49765E+02 
3.75446E+02 6.76173E-04 3.07032E-01 1.42393E+02 
3.82955E+02 6.25513E-04 2.87824E-01 1.35110E+02 
3.90464E+02 5.77537E-04 2.69273E-01 1.27936E+02 
3.97973E+02 5.32210E-04 2.51405E-01 1.20893E+02 
4.05482E+02 4.89485E-04 2.34243E-01 1.13999E+02 
4.12991E+02 4.49308E-04 2.17803E-01 1.07272E+02 
4.20500E+02 4.11615E-04 2.02096E-01 1.00726E+02 
4.28009E+02 3.76336E-04 1.87130E-01 9.43775E+01 
4.35518E+02 3.43393E-04 1.72908E-01 8.82373E+01 
4.43027E+02 3.12703E-04 1.59428E-01 8.23165E+01 
4.50536E+02 2.84179E-04 1.46686E-01 7.66237E+01 
4.58045E+02 2.57730E-04 1.34671E-01 7.11662E+01 
4.65554E+02 2.33262E-04 1.23373E-01 6.59492E+01 
4.73063E+02 2.10680E-04 1.12777E-01 6.09765E+01 
4.80571E+02 1.89887E-04 1.02863E-01 5.62500E+01 
4.88080E+02 1.70785E-04 9.36129E-02 5.17703E+01 
4.95589E+02 1.53279E-04 8.50037E-02 4.75364E+01 
5.03098E+02 1.37272E-04 7.70116E-02 4.35460E+01 
5.10607E+02 1.22670E-04 6.96114E-02 3.97955E+01 
5.18116E+02 1.09381E-04 6.27767E-02 3.62803E+01 
5.25625E+02 9.73146E-05 5.64803E-02 3.29948E+01 
5.33134E+02 8.63839E-05 5.06946E-02 2.99322E+01 
5.40643E+02 7.65054E-05 4.53915E-02 2.70854E+01 
5.48152E+02 6.75983E-05 4.05432E-02 2.44462E+01 
5.55661E+02 5.95859E-05 3.61216E-02 2.20062E+01 
5.63170E+02 5.23952E-05 3.20995E-02 1.97564E+01 
5.70679E+02 4.59568E-05 2.84498E-02 1.76875E+01 
5.78188E+02 4.02054E-05 2.51465E-02 1.57902E+01 
5.85696E+02 3.50798E-05 2.21640E-02 1.40548E+01 
5.93205E+02 3.05224E-05 1.94780E-02 1.24717E+01 
6.00714E+02 2.64798E-05 1.70650E-02 1.10314E+01 
6.08223E+02 2.29020E-05 1.49026E-02 9.72445E+00 
6.15732E+02 1.97430E-05 1.29697E-02 8.54166E+00 
6.23241E+02 1.69604E-05 1.12461E-02 7.47404E+00 
6.30750E+02 1.45149E-05 9.71298E-03 6.51290E+00 
6.38259E+02 1.23707E-05 8.35265E-03 5.64987E+00 
6.45768E+02 1.04951E-05 7.14864E-03 4.87697E+00 
6.53277E+02 8.85820E-06 6.08559E-03 4.18658E+00 
6.60786E+02 7.43298E-06 5.14930E-03 3.57149E+00 
6.68295E+02 6.19497E-06 4.32671E-03 3.02490E+00 
6.75804E+02 5.12207E-06 3.60576E-03 2.54045E+00 
6.83313E+02 4.19441E-06 2.97545E-03 2.11217E+00 
6.90821E+02 3.39421E-06 2.42573E-03 1.73453E+00 
6.98330E+02 2.70557E-06 1.94748E-03 1.40239E+00 
7.05839E+02 2.11429E-06 1.53241E-03 1.11101E+00 
7.13348E+02 1.60780E-06 1.17306E-03 8.56052E-01 
7.20857E+02 1.17496E-06 8.62710E-04 6.33527E-01 
7.28366E+02 8.05911E-07 5.95329E-04 4.39805E-01 
7.35875E+02 4.91983E-07 3.65528E-04 2.71585E-01 
7.43384E+02 2.25568E-07 1.68507E-04 1.25881E-01 
