100 2 
0.00000E+00 3.82933E-03 1.00583E+00 3.27061E+02 
7.66887E+00 3.82709E-03 1.00582E+00 3.27061E+02 
1.53377E+01 3.82035E-03 1.00574E+00 3.27060E+02 
2.30066E+01 3.80914E-03 1.00552E+00 3.27055E+02 
3.06755E+01 3.79348E-03 1.00509E+00 3.27044E+02 
3.83443E+01 3.77341E-03 1.00440E+00 3.27020E+02 
4.60132E+01 3.74897E-03 1.00337E+00 3.26976E+02 
5.36821E+01 3.72023E-03 1.00193E+00 3.26904E+02 
6.13509E+01 3.68725E-03 1.00003E+00 3.26795E+02 
6.90198E+01 3.65011E-03 9.97607E-01 3.26636E+02 
7.66887E+01 3.60890E-03 9.94602E-01 3.26417E+02 
8.43575E+01 3.56373E-03 9.90962E-01 3.26123E+02 
9.20264E+01 3.51470E-03 9.86636E-01 3.25741E+02 
9.96953E+01 3.46195E-03 9.81577E-01 3.25256E+02 
1.07364E+02 3.40561E-03 9.75741E-01 3.24651E+02 
1.15033E+02 3.34582E-03 9.69091E-01 3.23911E+02 
1.22702E+02 3.28275E-03 9.61592E-01 3.23019E+02 
1.30371E+02 3.21656E-03 9.53215E-01 3.21959E+02 
1.38040E+02 3.14744E-03 9.43936E-01 3.20713E+02 
1.45708E+02 3.07557E-03 9.33738E-01 3.19265E+02 
1.53377E+02 3.00115E-03 9.22608E-01 3.17600E+02 
1.61046E+02 2.92440E-03 9.10540E-01 3.15703E+02 
1.68715E+02 2.84552E-03 8.97533E-01 3.13557E+02 
1.76384E+02 2.76474E-03 8.83594E-01 3.11152E+02 
1.84053E+02 2.68230E-03 8.68735E-01 3.08473E+02 
1.91722E+02 2.59842E-03 8.52975E-01 3.05512E+02 
1.99391E+02 2.51335E-03 8.36338E-01 3.02258E+02 
2.07059E+02 2.42733E-03 8.18855E-01 2.98704E+02 
2.14728E+02 2.34060E-03 8.00564E-01 2.94846E+02 
2.22397E+02 2.25340E-03 7.81505E-01 2.90680E+02 
2.30066E+02 2.16598E-03 7.61728E-01 2.86205E+02 
2.37735E+02 2.07858E-03 7.41285E-01 2.81423E+02 
2.45404E+02 1.99143E-03 7.20233E-01 2.76337E+02 
2.53073E+02 1.90476E-03 6.98633E-01 2.70954E+02 
2.60742E+02 1.81881E-03 6.76551E-01 2.65280E+02 
2.68410E+02 1.73378E-03 6.54055E-01 2.59328E+02 
2.76079E+02 1.64988E-03 6.31215E-01 2.53110E+02 
2.83748E+02 1.56731E-03 6.08104E-01 2.46641E+02 
2.91417E+02 1.48626E-03 5.84796E-01 2.39938E+02 
2.99086E+02 1.40690E-03 5.61365E-01 2.33019E+02 
3.06755E+02 1.32938E-03 5.37885E-01 2.25907E+02 
3.14424E+02 1.25386E-03 5.14430E-01 2.18622E+02 
3.22092E+02 1.18047E-03 4.91073E-01 2.11189E+02 
3.29761E+02 1.10932E-03 4.67885E-01 2.03631E+02 
3.37430E+02 1.04051E-03 4.44934E-01 1.95975E+02 
3.45099E+02 9.74143E-04 4.22286E-01 1.88246E+02 
3.52768E+02 9.10278E-04 4.00003E-01 1.80471E+02 
3.60437E+02 8.48975E-04 3.78144E-01 1.72676E+02 
3.68106E+02 7.90275E-04 3.56763E-01 1.64888E+02 
3.75775E+02 7.34206E-04 3.35910E-01 1.57133E+02 
3.83443E+02 6.80780E-04 3.15631E-01 1.49435E+02 
3.91112E+02 6.29998E-04 2.95966E-01 1.41819E+02 
3.98781E+02 5.81847E-04 2.76950E-01 1.34310E+02 
4.06450E+02 5.36302E-04 2.58615E-01 1.26928E+02 
4.14119E+02 4.93326E-04 2.40984E-01 1.19695E+02 
4.21788E+02 4.52874E-04 2.24079E-01 1.12630E+02 
4.29457E+02 4.14890E-04 2.07914E-01 1.05750E+02 
4.37125E+02 3.79312E-04 1.92499E-01 9.90714E+01 
4.44794E+02 3.46066E-04 1.77841E-01 9.26080E+01 
4.52463E+02 3.15076E-04 1.63939E-01 8.63719E+01 
4.60132E+02 2.86259E-04 1.50791E-01 8.03732E+01 
4.67801E+02 2.59529E-04 1.38391E-01 7.46200E+01 
4.75470E+02 2.34793E-04 1.26726E-01 6.91189E+01 
4.83139E+02 2.11959E-04 1.15782E-01 6.38742E+01 
4.90808E+02 1.90932E-04 1.05544E-01 5.88889E+01 
4.98476E+02 1.71616E-04 9.59905E-02 5.41637E+01 
5.06145E+02 1.53915E-04 8.71000E-02 4.96983E+01 
5.13814E+02 1.37733E-04 7.88484E-02 4.54906E+01 
5.21483E+02 1.22975E-04 7.12102E-02 4.15370E+01 
5.29152E+02 1.09550E-04 6.41585E-02 3.78330E+01 
5.36821E+02 9.73661E-05 5.76653E-02 3.43726E+01 
5.44490E+02 8.63356E-05 5.17024E-02 3.11490E+01 
5.52158E+02 7.63737E-05 4.62407E-02 2.81546E+01 
5.59827E+02 6.73985E-05 4.12511E-02 2.53807E+01 
5.67496E+02 5.93321E-05 3.67050E-02 2.28185E+01 
5.75165E+02 5.21000E-05 3.25736E-02 2.04584E+01 
5.82834E+02 4.56317E-05 2.88289E-02 1.82904E+01 
5.90503E+02 3.98605E-05 2.54435E-02 1.63046E+01 
5.98172E+02 3.47238E-05 2.23910E-02 1.44905E+01 
6.05841E+02 3.01629E-05 1.96456E-02 1.28380E+01 
6.13509E+02 2.61232E-05 1.71830E-02 1.13368E+01 
6.21178E+02 2.25537E-05 1.49797E-02 9.97675E+00 
6.28847E+02 1.94074E-05 1.30135E-02 8.74798E+00 
6.36516E+02 1.66408E-05 1.12634E-02 7.64083E+00 
6.44185E+02 1.42140E-05 9.70958E-03 6.64599E+00 
6.51854E+02 1.20905E-05 8.33367E-03 5.75448E+00 
6.59523E+02 1.02368E-05 7.11839E-03 4.95773E+00 
6.67191E+02 8.62263E-06 6.04776E-03 4.24761E+00 
6.74860E+02 7.22040E-06 5.10695E-03 3.61638E+00 
6.82529E+02 6.00525E-06 4.28234E-03 3.05679E+00 
6.90198E+02 4.95477E-06 3.56143E-03 2.56205E+00 
6.97867E+02 4.04887E-06 2.93280E-03 2.12581E+00 
7.05536E+02 3.26953E-06 2.38601E-03 1.74218E+00 
7.13205E+02 2.60070E-06 1.91162E-03 1.40571E+00 
7.20874E+02 2.02810E-06 1.50111E-03 1.11139E+00 
7.28542E+02 1.53908E-06 1.14676E-03 8.54625E-01 
7.36211E+02 1.12245E-06 8.41673E-04 6.31216E-01 
7.43880E+02 7.68361E-07 5.79665E-04 4.37343E-01 
7.51549E+02 4.68149E-07 3.55224E-04 2.69548E-01 
7.59218E+02 2.14235E-07 1.63449E-04 1.24703E-01 
