100 2 
0.00000E+00 3.84982E-03 1.00582E+00 3.25590E+02 
7.64581E+00 3.84754E-03 1.00581E+00 3.25590E+02 
1.52916E+01 3.84070E-03 1.00573E+00 3.25589E+02 
2.29374E+01 3.82932E-03 1.00551E+00 3.25584E+02 
3.05832E+01 3.81342E-03 1.00508E+00 3.25573E+02 
3.82290E+01 3.79305E-03 1.00438E+00 3.25548E+02 
4.58749E+01 3.76826E-03 1.00333E+00 3.25504E+02 
5.35207E+01 3.73909E-03 1.00188E+00 3.25432E+02 
6.11665E+01 3.70564E-03 9.99956E-01 3.25321E+02 
6.88123E+01 3.66797E-03 9.97506E-01 3.25162E+02 
7.64581E+01 3.62619E-03 9.94468E-01 3.24941E+02 
8.41039E+01 3.58040E-03 9.90790E-01 3.24645E+02 
9.17497E+01 3.53072E-03 9.86419E-01 3.24260E+02 
9.93955E+01 3.47728E-03 9.81309E-01 3.23771E+02 
1.07041E+02 3.42022E-03 9.75418E-01 3.23163E+02 
1.14687E+02 3.35969E-03 9.68705E-01 3.22418E+02 
1.22333E+02 3.29586E-03 9.61139E-01 3.21521E+02 
1.29979E+02 3.22890E-03 9.52690E-01 3.20454E+02 
1.37625E+02 3.15900E-03 9.43335E-01 3.19202E+02 
1.45270E+02 3.08635E-03 9.33057E-01 3.17748E+02 
1.52916E+02 3.01116E-03 9.21844E-01 3.16075E+02 
1.60562E+02 2.93363E-03 9.09692E-01 3.14170E+02 
1.68208E+02 2.85400E-03 8.96599E-01 3.12017E+02 
1.75854E+02 2.77248E-03 8.82575E-01 3.09604E+02 
1.83499E+02 2.68931E-03 8.67631E-01 3.06918E+02 
1.91145E+02 2.60473E-03 8.51786E-01 3.03950E+02 
1.98791E+02 2.51899E-03 8.35068E-01 3.00690E+02 
2.06437E+02 2.43232E-03 8.17508E-01 2.97131E+02 
2.14083E+02 2.34498E-03 7.99142E-01 2.93269E+02 
2.21728E+02 2.25720E-03 7.80015E-01 2.89101E+02 
2.29374E+02 2.16923E-03 7.60174E-01 2.84625E+02 
2.37020E+02 2.08132E-03 7.39674E-01 2.79844E+02 
2.44666E+02 1.99370E-03 7.18571E-01 2.74761E+02 
2.52312E+02 1.90661E-03 6.96929E-01 2.69383E+02 
2.59957E+02 1.82025E-03 6.74812E-01 2.63718E+02 
2.67603E+02 1.73486E-03 6.52288E-01 2.57776E+02 
2.75249E+02 1.65064E-03 6.29429E-01 2.51572E+02 
2.82895E+02 1.56779E-03 6.06308E-01 2.45119E+02 
2.90541E+02 1.48648E-03 5.82997E-01 2.38435E+02 
2.98187E+02 1.40690E-03 5.59571E-01 2.31539E+02 
3.05832E+02 1.32919E-03 5.36104E-01 2.24452E+02 
3.13478E+02 1.25351E-03 5.12671E-01 2.17196E+02 
3.21124E+02 1.17998E-03 4.89342E-01 2.09794E+02 
3.28770E+02 1.10873E-03 4.66189E-01 2.02270E+02 
3.36416E+02 1.03984E-03 4.43279E-01 1.94651E+02 
3.44061E+02 9.73408E-04 4.20678E-01 1.86961E+02 
3.51707E+02 9.09500E-04 3.98447E-01 1.79228E+02 
3.59353E+02 8.48171E-04 3.76645E-01 1.71477E+02 
3.66999E+02 7.89461E-04 3.55324E-01 1.63734E+02 
3.74645E+02 7.33395E-04 3.34535E-01 1.56025E+02 
3.82290E+02 6.79984E-04 3.14323E-01 1.48376E+02 
3.89936E+02 6.29226E-04 2.94726E-01 1.40810E+02 
3.97582E+02 5.81106E-04 2.75780E-01 1.33350E+02 
4.05228E+02 5.35599E-04 2.57515E-01 1.26019E+02 
4.12874E+02 4.92666E-04 2.39955E-01 1.18836E+02 
4.20519E+02 4.52260E-04 2.23119E-01 1.11821E+02 
4.28165E+02 4.14325E-04 2.07023E-01 1.04992E+02 
4.35811E+02 3.78795E-04 1.91677E-01 9.83626E+01 
4.43457E+02 3.45599E-04 1.77084E-01 9.19476E+01 
4.51103E+02 3.14659E-04 1.63246E-01 8.57588E+01 
4.58749E+02 2.85890E-04 1.50160E-01 7.98060E+01 
4.66394E+02 2.59205E-04 1.37818E-01 7.40972E+01 
4.74040E+02 2.34513E-04 1.26208E-01 6.86388E+01 
4.81686E+02 2.11721E-04 1.15318E-01 6.34351E+01 
4.89332E+02 1.90732E-04 1.05129E-01 5.84887E+01 
4.96978E+02 1.71451E-04 9.56215E-02 5.38005E+01 
5.04623E+02 1.53782E-04 8.67738E-02 4.93700E+01 
5.12269E+02 1.37629E-04 7.85618E-02 4.51951E+01 
5.19915E+02 1.22898E-04 7.09599E-02 4.12722E+01 
5.27561E+02 1.09496E-04 6.39414E-02 3.75967E+01 
5.35207E+02 9.73316E-05 5.74784E-02 3.41627E+01 
5.42852E+02 8.63183E-05 5.15426E-02 3.09635E+01 
5.50498E+02 7.63709E-05 4.61053E-02 2.79913E+01 
5.58144E+02 6.74080E-05 4.11376E-02 2.52379E+01 
5.65790E+02 5.93515E-05 3.66107E-02 2.26942E+01 
5.73436E+02 5.21273E-05 3.24962E-02 2.03508E+01 
5.81081E+02 4.56650E-05 2.87662E-02 1.81978E+01 
5.88727E+02 3.98982E-05 2.53936E-02 1.62254E+01 
5.96373E+02 3.47645E-05 2.23520E-02 1.44233E+01 
6.04019E+02 3.02054E-05 1.96160E-02 1.27814E+01 
6.11665E+02 2.61664E-05 1.71612E-02 1.12894E+01 
6.19310E+02 2.25967E-05 1.49644E-02 9.93749E+00 
6.26956E+02 1.94495E-05 1.30036E-02 8.71574E+00 
6.34602E+02 1.66814E-05 1.12577E-02 7.61463E+00 
6.42248E+02 1.42526E-05 9.70735E-03 6.62495E+00 
6.49894E+02 1.21268E-05 8.33406E-03 5.73782E+00 
6.57539E+02 1.02705E-05 7.12075E-03 4.94475E+00 
6.65185E+02 8.65353E-06 6.05149E-03 4.23767E+00 
6.72831E+02 7.24843E-06 5.11159E-03 3.60895E+00 
6.80477E+02 6.03037E-06 4.28750E-03 3.05140E+00 
6.88123E+02 4.97701E-06 3.56679E-03 2.55827E+00 
6.95769E+02 4.06828E-06 2.93808E-03 2.12330E+00 
7.03414E+02 3.28620E-06 2.39102E-03 1.74063E+00 
7.11060E+02 2.61475E-06 1.91621E-03 1.40487E+00 
7.18706E+02 2.03968E-06 1.50516E-03 1.11105E+00 
7.26352E+02 1.54833E-06 1.15019E-03 8.54612E-01 
7.33998E+02 1.12953E-06 8.44436E-04 6.31387E-01 
7.41643E+02 7.73425E-07 5.81733E-04 4.37585E-01 
7.49289E+02 4.71366E-07 3.56590E-04 2.69771E-01 
7.56935E+02 2.15767E-07 1.64123E-04 1.24841E-01 
