100 2 
0.00000E+00 3.97936E-03 1.00578E+00 3.16541E+02 
7.50016E+00 3.97686E-03 1.00576E+00 3.16541E+02 
1.50003E+01 3.96938E-03 1.00568E+00 3.16540E+02 
2.25005E+01 3.95694E-03 1.00544E+00 3.16536E+02 
3.00006E+01 3.93957E-03 1.00498E+00 3.16523E+02 
3.75008E+01 3.91732E-03 1.00423E+00 3.16498E+02 
4.50009E+01 3.89026E-03 1.00311E+00 3.16451E+02 
5.25011E+01 3.85846E-03 1.00155E+00 3.16375E+02 
6.00013E+01 3.82203E-03 9.99503E-01 3.16260E+02 
6.75014E+01 3.78106E-03 9.96888E-01 3.16093E+02 
7.50016E+01 3.73568E-03 9.93652E-01 3.15862E+02 
8.25017E+01 3.68603E-03 9.89739E-01 3.15553E+02 
9.00019E+01 3.63225E-03 9.85098E-01 3.15152E+02 
9.75020E+01 3.57449E-03 9.79681E-01 3.14644E+02 
1.05002E+02 3.51295E-03 9.73447E-01 3.14012E+02 
1.12502E+02 3.44779E-03 9.66359E-01 3.13241E+02 
1.20003E+02 3.37922E-03 9.58385E-01 3.12313E+02 
1.27503E+02 3.30744E-03 9.49501E-01 3.11213E+02 
1.35003E+02 3.23268E-03 9.39686E-01 3.09924E+02 
1.42503E+02 3.15515E-03 9.28927E-01 3.08431E+02 
1.50003E+02 3.07510E-03 9.17218E-01 3.06718E+02 
1.57503E+02 2.99276E-03 9.04557E-01 3.04771E+02 
1.65003E+02 2.90839E-03 8.90950E-01 3.02576E+02 
1.72504E+02 2.82223E-03 8.76410E-01 3.00122E+02 
1.80004E+02 2.73455E-03 8.60955E-01 2.97397E+02 
1.87504E+02 2.64560E-03 8.44610E-01 2.94393E+02 
1.95004E+02 2.55566E-03 8.27406E-01 2.91102E+02 
2.02504E+02 2.46497E-03 8.09381E-01 2.87519E+02 
2.10004E+02 2.37380E-03 7.90576E-01 2.83640E+02 
2.17505E+02 2.28240E-03 7.71040E-01 2.79464E+02 
2.25005E+02 2.19104E-03 7.50826E-01 2.74991E+02 
2.32505E+02 2.09995E-03 7.29990E-01 2.70224E+02 
2.40005E+02 2.00939E-03 7.08594E-01 2.65169E+02 
2.47505E+02 1.91957E-03 6.86702E-01 2.59832E+02 
2.55005E+02 1.83074E-03 6.64382E-01 2.54224E+02 
2.62505E+02 1.74309E-03 6.41704E-01 2.48356E+02 
2.70006E+02 1.65684E-03 6.18739E-01 2.42241E+02 
2.77506E+02 1.57217E-03 5.95562E-01 2.35896E+02 
2.85006E+02 1.48926E-03 5.72244E-01 2.29338E+02 
2.92506E+02 1.40827E-03 5.48860E-01 2.22586E+02 
3.00006E+02 1.32936E-03 5.25483E-01 2.15660E+02 
3.07506E+02 1.25265E-03 5.02184E-01 2.08583E+02 
3.15007E+02 1.17827E-03 4.79032E-01 2.01377E+02 
3.22507E+02 1.10631E-03 4.56097E-01 1.94066E+02 
3.30007E+02 1.03686E-03 4.33442E-01 1.86675E+02 
3.37507E+02 9.70007E-04 4.11129E-01 1.79228E+02 
3.45007E+02 9.05793E-04 3.89218E-01 1.71751E+02 
3.52507E+02 8.44263E-04 3.67760E-01 1.64268E+02 
3.60008E+02 7.85446E-04 3.46808E-01 1.56804E+02 
3.67508E+02 7.29353E-04 3.26405E-01 1.49383E+02 
3.75008E+02 6.75985E-04 3.06594E-01 1.42028E+02 
3.82508E+02 6.25329E-04 2.87409E-01 1.34762E+02 
3.90008E+02 5.77360E-04 2.68882E-01 1.27606E+02 
3.97508E+02 5.32041E-04 2.51039E-01 1.20581E+02 
4.05008E+02 4.89327E-04 2.33902E-01 1.13704E+02 
4.12509E+02 4.49162E-04 2.17485E-01 1.06995E+02 
4.20009E+02 4.11482E-04 2.01802E-01 1.00467E+02 
4.27509E+02 3.76216E-04 1.86859E-01 9.41352E+01 
4.35009E+02 3.43286E-04 1.72660E-01 8.80119E+01 
4.42509E+02 3.12610E-04 1.59201E-01 8.21074E+01 
4.50009E+02 2.84099E-04 1.46480E-01 7.64306E+01 
4.57510E+02 2.57663E-04 1.34485E-01 7.09885E+01 
4.65010E+02 2.33207E-04 1.23206E-01 6.57863E+01 
4.72510E+02 2.10636E-04 1.12627E-01 6.08277E+01 
4.80010E+02 1.89854E-04 1.02730E-01 5.61146E+01 
4.87510E+02 1.70762E-04 9.34951E-02 5.16476E+01 
4.95010E+02 1.53264E-04 8.49003E-02 4.74256E+01 
5.02510E+02 1.37265E-04 7.69214E-02 4.34465E+01 
5.10011E+02 1.22670E-04 6.95333E-02 3.97065E+01 
5.17511E+02 1.09386E-04 6.27095E-02 3.62011E+01 
5.25011E+02 9.73250E-05 5.64231E-02 3.29246E+01 
5.32511E+02 8.63986E-05 5.06463E-02 2.98703E+01 
5.40011E+02 7.65233E-05 4.53512E-02 2.70311E+01 
5.47511E+02 6.76189E-05 4.05099E-02 2.43988E+01 
5.55012E+02 5.96084E-05 3.60946E-02 2.19651E+01 
5.62512E+02 5.24190E-05 3.20779E-02 1.97210E+01 
5.70012E+02 4.59813E-05 2.84330E-02 1.76572E+01 
5.77512E+02 4.02303E-05 2.51336E-02 1.57644E+01 
5.85012E+02 3.51046E-05 2.21546E-02 1.40330E+01 
5.92512E+02 3.05468E-05 1.94715E-02 1.24534E+01 
6.00013E+02 2.65034E-05 1.70609E-02 1.10162E+01 
6.07513E+02 2.29247E-05 1.49005E-02 9.71200E+00 
6.15013E+02 1.97646E-05 1.29691E-02 8.53156E+00 
6.22513E+02 1.69806E-05 1.12467E-02 7.46593E+00 
6.30013E+02 1.45338E-05 9.71450E-03 6.50649E+00 
6.37513E+02 1.23881E-05 8.35486E-03 5.64490E+00 
6.45013E+02 1.05110E-05 7.15129E-03 4.87319E+00 
6.52514E+02 8.87265E-06 6.08852E-03 4.18379E+00 
6.60014E+02 7.44596E-06 5.15236E-03 3.56949E+00 
6.67514E+02 6.20650E-06 4.32976E-03 3.02355E+00 
6.75014E+02 5.13219E-06 3.60871E-03 2.53959E+00 
6.82514E+02 4.20319E-06 2.97822E-03 2.11169E+00 
6.90014E+02 3.40171E-06 2.42827E-03 1.73433E+00 
6.97515E+02 2.71185E-06 1.94973E-03 1.40238E+00 
7.05015E+02 2.11945E-06 1.53436E-03 1.11113E+00 
7.12515E+02 1.61191E-06 1.17468E-03 8.56238E-01 
7.20015E+02 1.17809E-06 8.64000E-04 6.33735E-01 
7.27515E+02 8.08145E-07 5.96283E-04 4.39995E-01 
7.35015E+02 4.93402E-07 3.66154E-04 2.71732E-01 
7.42516E+02 2.26242E-07 1.68813E-04 1.25962E-01 
