100 2 
0.00000E+00 3.79890E-03 1.00584E+00 3.29267E+02 
7.70317E+00 3.79670E-03 1.00583E+00 3.29267E+02 
1.54063E+01 3.79012E-03 1.00575E+00 3.29266E+02 
2.31095E+01 3.77916E-03 1.00553E+00 3.29262E+02 
3.08127E+01 3.76385E-03 1.00512E+00 3.29251E+02 
3.85158E+01 3.74422E-03 1.00443E+00 3.29227E+02 
4.62190E+01 3.72032E-03 1.00342E+00 3.29184E+02 
5.39222E+01 3.69220E-03 1.00201E+00 3.29113E+02 
6.16253E+01 3.65993E-03 1.00014E+00 3.29005E+02 
6.93285E+01 3.62357E-03 9.97758E-01 3.28848E+02 
7.70317E+01 3.58322E-03 9.94802E-01 3.28632E+02 
8.47348E+01 3.53897E-03 9.91220E-01 3.28341E+02 
9.24380E+01 3.49092E-03 9.86961E-01 3.27964E+02 
1.00141E+02 3.43919E-03 9.81978E-01 3.27483E+02 
1.07844E+02 3.38392E-03 9.76228E-01 3.26885E+02 
1.15547E+02 3.32523E-03 9.69671E-01 3.26152E+02 
1.23251E+02 3.26329E-03 9.62273E-01 3.25268E+02 
1.30954E+02 3.19825E-03 9.54004E-01 3.24217E+02 
1.38657E+02 3.13029E-03 9.44841E-01 3.22981E+02 
1.46360E+02 3.05958E-03 9.34763E-01 3.21544E+02 
1.54063E+02 2.98632E-03 9.23757E-01 3.19890E+02 
1.61766E+02 2.91072E-03 9.11816E-01 3.18004E+02 
1.69470E+02 2.83297E-03 8.98939E-01 3.15871E+02 
1.77173E+02 2.75331E-03 8.85130E-01 3.13477E+02 
1.84876E+02 2.67194E-03 8.70400E-01 3.10809E+02 
1.92579E+02 2.58911E-03 8.54766E-01 3.07858E+02 
2.00282E+02 2.50504E-03 8.38252E-01 3.04614E+02 
2.07985E+02 2.41998E-03 8.20888E-01 3.01069E+02 
2.15689E+02 2.33416E-03 8.02708E-01 2.97217E+02 
2.23392E+02 2.24783E-03 7.83754E-01 2.93056E+02 
2.31095E+02 2.16122E-03 7.64073E-01 2.88583E+02 
2.38798E+02 2.07458E-03 7.43717E-01 2.83800E+02 
2.46501E+02 1.98814E-03 7.22741E-01 2.78710E+02 
2.54204E+02 1.90212E-03 7.01207E-01 2.73318E+02 
2.61908E+02 1.81676E-03 6.79179E-01 2.67633E+02 
2.69611E+02 1.73226E-03 6.56725E-01 2.61666E+02 
2.77314E+02 1.64885E-03 6.33915E-01 2.55428E+02 
2.85017E+02 1.56671E-03 6.10822E-01 2.48934E+02 
2.92720E+02 1.48603E-03 5.87518E-01 2.42203E+02 
3.00423E+02 1.40700E-03 5.64079E-01 2.35251E+02 
3.08127E+02 1.32976E-03 5.40580E-01 2.28101E+02 
3.15830E+02 1.25448E-03 5.17094E-01 2.20774E+02 
3.23533E+02 1.18128E-03 4.93696E-01 2.13294E+02 
3.31236E+02 1.11029E-03 4.70455E-01 2.05686E+02 
3.38939E+02 1.04161E-03 4.47443E-01 1.97975E+02 
3.46642E+02 9.75328E-04 4.24724E-01 1.90187E+02 
3.54346E+02 9.11524E-04 4.02363E-01 1.82350E+02 
3.62049E+02 8.50256E-04 3.80418E-01 1.74490E+02 
3.69752E+02 7.91568E-04 3.58946E-01 1.66633E+02 
3.77455E+02 7.35491E-04 3.37997E-01 1.58807E+02 
3.85158E+02 6.82040E-04 3.17618E-01 1.51037E+02 
3.92861E+02 6.31219E-04 2.97849E-01 1.43347E+02 
4.00565E+02 5.83017E-04 2.78729E-01 1.35762E+02 
4.08268E+02 5.37412E-04 2.60287E-01 1.28304E+02 
4.15971E+02 4.94369E-04 2.42550E-01 1.20995E+02 
4.23674E+02 4.53845E-04 2.25538E-01 1.13854E+02 
4.31377E+02 4.15786E-04 2.09269E-01 1.06898E+02 
4.39080E+02 3.80130E-04 1.93752E-01 1.00145E+02 
4.46784E+02 3.46807E-04 1.78993E-01 9.36089E+01 
4.54487E+02 3.15741E-04 1.64995E-01 8.73014E+01 
4.62190E+02 2.86850E-04 1.51755E-01 8.12332E+01 
4.69893E+02 2.60047E-04 1.39265E-01 7.54129E+01 
4.77596E+02 2.35243E-04 1.27515E-01 6.98472E+01 
4.85299E+02 2.12345E-04 1.16492E-01 6.45406E+01 
4.93003E+02 1.91258E-04 1.06179E-01 5.94962E+01 
5.00706E+02 1.71887E-04 9.65553E-02 5.47151E+01 
5.08409E+02 1.54136E-04 8.75996E-02 5.01969E+01 
5.16112E+02 1.37908E-04 7.92878E-02 4.59395E+01 
5.23815E+02 1.23110E-04 7.15942E-02 4.19395E+01 
5.31518E+02 1.09649E-04 6.44919E-02 3.81922E+01 
5.39222E+02 9.74331E-05 5.79529E-02 3.46918E+01 
5.46925E+02 8.63754E-05 5.19485E-02 3.14313E+01 
5.54628E+02 7.63903E-05 4.64496E-02 2.84029E+01 
5.62331E+02 6.73957E-05 4.14269E-02 2.55982E+01 
5.70034E+02 5.93133E-05 3.68513E-02 2.30078E+01 
5.77737E+02 5.20684E-05 3.26941E-02 2.06223E+01 
5.85441E+02 4.55900E-05 2.89268E-02 1.84316E+01 
5.93144E+02 3.98113E-05 2.55219E-02 1.64253E+01 
6.00847E+02 3.46693E-05 2.24526E-02 1.45931E+01 
6.08550E+02 3.01051E-05 1.96929E-02 1.29246E+01 
6.16253E+02 2.60636E-05 1.72182E-02 1.14092E+01 
6.23956E+02 2.24938E-05 1.50049E-02 1.00369E+01 
6.31660E+02 1.93484E-05 1.30304E-02 8.79743E+00 
6.39363E+02 1.65836E-05 1.12736E-02 7.68108E+00 
6.47066E+02 1.41593E-05 9.71448E-03 6.67837E+00 
6.54769E+02 1.20389E-05 8.33444E-03 5.78019E+00 
6.62472E+02 1.01888E-05 7.11606E-03 4.97784E+00 
6.70175E+02 8.57842E-06 6.04320E-03 4.26305E+00 
6.77879E+02 7.18020E-06 5.10088E-03 3.62799E+00 
6.85582E+02 5.96915E-06 4.27538E-03 3.06529E+00 
6.93285E+02 4.92278E-06 3.55408E-03 2.56806E+00 
7.00988E+02 4.02090E-06 2.92544E-03 2.12987E+00 
7.08691E+02 3.24548E-06 2.37897E-03 1.74474E+00 
7.16394E+02 2.58040E-06 1.90514E-03 1.40716E+00 
7.24098E+02 2.01137E-06 1.49535E-03 1.11206E+00 
7.31801E+02 1.52571E-06 1.14187E-03 8.54770E-01 
7.39504E+02 1.11222E-06 8.37719E-04 6.31053E-01 
7.47207E+02 7.61027E-07 5.76696E-04 4.37047E-01 
7.54910E+02 4.63487E-07 3.53259E-04 2.69254E-01 
7.62613E+02 2.12015E-07 1.62478E-04 1.24517E-01 
