100 2 
0.00000E+00 3.90590E-03 1.00580E+00 3.21620E+02 
7.58275E+00 3.90353E-03 1.00579E+00 3.21620E+02 
1.51655E+01 3.89641E-03 1.00571E+00 3.21619E+02 
2.27482E+01 3.88456E-03 1.00548E+00 3.21615E+02 
3.03310E+01 3.86803E-03 1.00504E+00 3.21603E+02 
3.79137E+01 3.84684E-03 1.00431E+00 3.21578E+02 
4.54965E+01 3.82106E-03 1.00323E+00 3.21533E+02 
5.30792E+01 3.79075E-03 1.00174E+00 3.21458E+02 
6.06620E+01 3.75600E-03 9.99757E-01 3.21346E+02 
6.82447E+01 3.71690E-03 9.97234E-01 3.21183E+02 
7.58275E+01 3.67355E-03 9.94109E-01 3.20957E+02 
8.34102E+01 3.62608E-03 9.90327E-01 3.20656E+02 
9.09930E+01 3.57461E-03 9.85836E-01 3.20264E+02 
9.85757E+01 3.51930E-03 9.80591E-01 3.19766E+02 
1.06158E+02 3.46028E-03 9.74548E-01 3.19147E+02 
1.13741E+02 3.39774E-03 9.67669E-01 3.18390E+02 
1.21324E+02 3.33185E-03 9.59922E-01 3.17479E+02 
1.28907E+02 3.26279E-03 9.51280E-01 3.16397E+02 
1.36489E+02 3.19077E-03 9.41721E-01 3.15128E+02 
1.44072E+02 3.11600E-03 9.31230E-01 3.13656E+02 
1.51655E+02 3.03868E-03 9.19797E-01 3.11965E+02 
1.59238E+02 2.95906E-03 9.07419E-01 3.10040E+02 
1.66820E+02 2.87736E-03 8.94098E-01 3.07867E+02 
1.74403E+02 2.79382E-03 8.79844E-01 3.05435E+02 
1.81986E+02 2.70869E-03 8.64673E-01 3.02731E+02 
1.89569E+02 2.62221E-03 8.48606E-01 2.99746E+02 
1.97151E+02 2.53463E-03 8.31671E-01 2.96471E+02 
2.04734E+02 2.44621E-03 8.13903E-01 2.92900E+02 
2.12317E+02 2.35720E-03 7.95342E-01 2.89029E+02 
2.19900E+02 2.26784E-03 7.76031E-01 2.84855E+02 
2.27482E+02 2.17840E-03 7.56023E-01 2.80379E+02 
2.35065E+02 2.08910E-03 7.35372E-01 2.75603E+02 
2.42648E+02 2.00020E-03 7.14138E-01 2.70530E+02 
2.50231E+02 1.91192E-03 6.92383E-01 2.65169E+02 
2.57813E+02 1.82449E-03 6.70174E-01 2.59527E+02 
2.65396E+02 1.73812E-03 6.47580E-01 2.53616E+02 
2.72979E+02 1.65302E-03 6.24672E-01 2.47449E+02 
2.80562E+02 1.56938E-03 6.01523E-01 2.41042E+02 
2.88144E+02 1.48738E-03 5.78207E-01 2.34412E+02 
2.95727E+02 1.40719E-03 5.54798E-01 2.27578E+02 
3.03310E+02 1.32896E-03 5.31369E-01 2.20561E+02 
3.10893E+02 1.25284E-03 5.07994E-01 2.13382E+02 
3.18475E+02 1.17894E-03 4.84742E-01 2.06065E+02 
3.26058E+02 1.10739E-03 4.61684E-01 1.98635E+02 
3.33641E+02 1.03827E-03 4.38886E-01 1.91115E+02 
3.41224E+02 9.71661E-04 4.16412E-01 1.83532E+02 
3.48806E+02 9.07630E-04 3.94322E-01 1.75910E+02 
3.56389E+02 8.46223E-04 3.72671E-01 1.68277E+02 
3.63972E+02 7.87476E-04 3.51514E-01 1.60657E+02 
3.71555E+02 7.31409E-04 3.30896E-01 1.53075E+02 
3.79137E+02 6.78027E-04 3.10861E-01 1.45555E+02 
3.86720E+02 6.27324E-04 2.91447E-01 1.38121E+02 
3.94303E+02 5.79280E-04 2.72687E-01 1.30796E+02 
4.01886E+02 5.33866E-04 2.54609E-01 1.23599E+02 
4.09468E+02 4.91039E-04 2.37237E-01 1.16552E+02 
4.17051E+02 4.50748E-04 2.20588E-01 1.09673E+02 
4.24634E+02 4.12935E-04 2.04676E-01 1.02976E+02 
4.32217E+02 3.77530E-04 1.89509E-01 9.64791E+01 
4.39799E+02 3.44459E-04 1.75092E-01 9.01934E+01 
4.47382E+02 3.13643E-04 1.61424E-01 8.41308E+01 
4.54965E+02 2.84996E-04 1.48500E-01 7.83005E+01 
4.62548E+02 2.58428E-04 1.36313E-01 7.27101E+01 
4.70130E+02 2.33847E-04 1.24851E-01 6.73655E+01 
4.77713E+02 2.11159E-04 1.14100E-01 6.22707E+01 
4.85296E+02 1.90268E-04 1.04042E-01 5.74281E+01 
4.92879E+02 1.71076E-04 9.46566E-02 5.28383E+01 
5.00461E+02 1.53489E-04 8.59223E-02 4.85006E+01 
5.08044E+02 1.37409E-04 7.78149E-02 4.44128E+01 
5.15627E+02 1.22742E-04 7.03090E-02 4.05714E+01 
5.23210E+02 1.09397E-04 6.33780E-02 3.69717E+01 
5.30792E+02 9.72827E-05 5.69945E-02 3.36079E+01 
5.38375E+02 8.63117E-05 5.11303E-02 3.04733E+01 
5.45958E+02 7.63999E-05 4.57571E-02 2.75604E+01 
5.53541E+02 6.74662E-05 4.08464E-02 2.48611E+01 
5.61123E+02 5.94333E-05 3.63699E-02 2.23665E+01 
5.68706E+02 5.22274E-05 3.22997E-02 2.00674E+01 
5.76289E+02 4.57788E-05 2.86083E-02 1.79543E+01 
5.83871E+02 4.00215E-05 2.52691E-02 1.60175E+01 
5.91454E+02 3.48936E-05 2.22560E-02 1.42470E+01 
5.99037E+02 3.03373E-05 1.95442E-02 1.26330E+01 
6.06620E+02 2.62983E-05 1.71097E-02 1.11656E+01 
6.14202E+02 2.27264E-05 1.49297E-02 9.83502E+00 
6.21785E+02 1.95752E-05 1.29825E-02 8.63180E+00 
6.29368E+02 1.68016E-05 1.12476E-02 7.54664E+00 
6.36951E+02 1.43662E-05 9.70581E-03 6.57055E+00 
6.44533E+02 1.22328E-05 8.33907E-03 5.69493E+00 
6.52116E+02 1.03685E-05 7.13053E-03 4.91150E+00 
6.59699E+02 8.74313E-06 6.06457E-03 4.21242E+00 
6.67282E+02 7.32945E-06 5.12674E-03 3.59025E+00 
6.74864E+02 6.10279E-06 4.30367E-03 3.03798E+00 
6.82447E+02 5.04095E-06 3.58315E-03 2.54906E+00 
6.90030E+02 4.12397E-06 2.95396E-03 2.11734E+00 
6.97613E+02 3.33397E-06 2.40592E-03 1.73714E+00 
7.05195E+02 2.65496E-06 1.92972E-03 1.40318E+00 
7.12778E+02 2.07275E-06 1.51700E-03 1.11060E+00 
7.20361E+02 1.57471E-06 1.16018E-03 8.54944E-01 
7.27944E+02 1.14970E-06 8.52442E-04 6.32127E-01 
7.35526E+02 7.87857E-07 5.87706E-04 4.38437E-01 
7.43109E+02 4.80530E-07 3.60526E-04 2.70500E-01 
7.50692E+02 2.20125E-07 1.66057E-04 1.25271E-01 
