100 2 
0.00000E+00 3.87500E-03 1.00581E+00 3.23798E+02 
7.61749E+00 3.87267E-03 1.00580E+00 3.23798E+02 
1.52350E+01 3.86571E-03 1.00572E+00 3.23797E+02 
2.28525E+01 3.85412E-03 1.00549E+00 3.23792E+02 
3.04700E+01 3.83793E-03 1.00506E+00 3.23780E+02 
3.80875E+01 3.81720E-03 1.00435E+00 3.23756E+02 
4.57049E+01 3.79196E-03 1.00329E+00 3.23711E+02 
5.33224E+01 3.76228E-03 1.00181E+00 3.23638E+02 
6.09399E+01 3.72824E-03 9.99866E-01 3.23526E+02 
6.85574E+01 3.68993E-03 9.97383E-01 3.23365E+02 
7.61749E+01 3.64744E-03 9.94306E-01 3.23142E+02 
8.37924E+01 3.60090E-03 9.90581E-01 3.22844E+02 
9.14099E+01 3.55041E-03 9.86156E-01 3.22456E+02 
9.90274E+01 3.49613E-03 9.80985E-01 3.21963E+02 
1.06645E+02 3.43819E-03 9.75024E-01 3.21349E+02 
1.14262E+02 3.37676E-03 9.68236E-01 3.20599E+02 
1.21880E+02 3.31200E-03 9.60588E-01 3.19695E+02 
1.29497E+02 3.24410E-03 9.52052E-01 3.18622E+02 
1.37115E+02 3.17324E-03 9.42604E-01 3.17362E+02 
1.44732E+02 3.09964E-03 9.32230E-01 3.15899E+02 
1.52350E+02 3.02349E-03 9.20917E-01 3.14218E+02 
1.59967E+02 2.94502E-03 9.08662E-01 3.12304E+02 
1.67585E+02 2.86446E-03 8.95467E-01 3.10142E+02 
1.75202E+02 2.78203E-03 8.81338E-01 3.07720E+02 
1.82820E+02 2.69797E-03 8.66291E-01 3.05026E+02 
1.90437E+02 2.61254E-03 8.50345E-01 3.02050E+02 
1.98055E+02 2.52597E-03 8.33529E-01 2.98783E+02 
2.05672E+02 2.43851E-03 8.15874E-01 2.95218E+02 
2.13290E+02 2.35042E-03 7.97419E-01 2.91352E+02 
2.20907E+02 2.26193E-03 7.78209E-01 2.87181E+02 
2.28525E+02 2.17330E-03 7.58292E-01 2.82705E+02 
2.36142E+02 2.08477E-03 7.37723E-01 2.77925E+02 
2.43760E+02 1.99657E-03 7.16560E-01 2.72847E+02 
2.51377E+02 1.90894E-03 6.94866E-01 2.67476E+02 
2.58995E+02 1.82210E-03 6.72707E-01 2.61821E+02 
2.66612E+02 1.73627E-03 6.50151E-01 2.55893E+02 
2.74230E+02 1.65166E-03 6.27270E-01 2.49705E+02 
2.81847E+02 1.56845E-03 6.04136E-01 2.43273E+02 
2.89465E+02 1.48683E-03 5.80822E-01 2.36613E+02 
2.97082E+02 1.40697E-03 5.57403E-01 2.29745E+02 
3.04700E+02 1.32903E-03 5.33953E-01 2.22689E+02 
3.12317E+02 1.25315E-03 5.10546E-01 2.15468E+02 
3.19935E+02 1.17946E-03 4.87252E-01 2.08104E+02 
3.27552E+02 1.10807E-03 4.64141E-01 2.00622E+02 
3.35170E+02 1.03908E-03 4.41282E-01 1.93048E+02 
3.42787E+02 9.72574E-04 4.18738E-01 1.85406E+02 
3.50405E+02 9.08612E-04 3.96571E-01 1.77723E+02 
3.58022E+02 8.47251E-04 3.74837E-01 1.70025E+02 
3.65640E+02 7.88526E-04 3.53591E-01 1.62338E+02 
3.73257E+02 7.32461E-04 3.32879E-01 1.54686E+02 
3.80875E+02 6.79065E-04 3.12747E-01 1.47096E+02 
3.88492E+02 6.28333E-04 2.93233E-01 1.39589E+02 
3.96110E+02 5.80250E-04 2.74372E-01 1.32190E+02 
4.03727E+02 5.34786E-04 2.56192E-01 1.24920E+02 
4.11345E+02 4.91903E-04 2.38717E-01 1.17799E+02 
4.18962E+02 4.51551E-04 2.21966E-01 1.10845E+02 
4.26580E+02 4.13672E-04 2.05953E-01 1.04076E+02 
4.34197E+02 3.78200E-04 1.90688E-01 9.75069E+01 
4.41815E+02 3.45062E-04 1.76175E-01 9.11506E+01 
4.49432E+02 3.14179E-04 1.62415E-01 8.50189E+01 
4.57049E+02 2.85467E-04 1.49402E-01 7.91217E+01 
4.64667E+02 2.58836E-04 1.37131E-01 7.34667E+01 
4.72284E+02 2.34196E-04 1.25588E-01 6.80599E+01 
4.79902E+02 2.11452E-04 1.14761E-01 6.29056E+01 
4.87519E+02 1.90508E-04 1.04632E-01 5.80063E+01 
4.95137E+02 1.71269E-04 9.51801E-02 5.33628E+01 
5.02754E+02 1.53638E-04 8.63840E-02 4.89745E+01 
5.10372E+02 1.37519E-04 7.82197E-02 4.48391E+01 
5.17989E+02 1.22818E-04 7.06615E-02 4.09532E+01 
5.25607E+02 1.09442E-04 6.36829E-02 3.73121E+01 
5.33224E+02 9.73013E-05 5.72561E-02 3.39101E+01 
5.40842E+02 8.63079E-05 5.13530E-02 3.07402E+01 
5.48459E+02 7.63772E-05 4.59450E-02 2.77950E+01 
5.56077E+02 6.74282E-05 4.10033E-02 2.50662E+01 
5.63694E+02 5.93829E-05 3.64994E-02 2.25448E+01 
5.71312E+02 5.21675E-05 3.24051E-02 2.02215E+01 
5.78929E+02 4.57119E-05 2.86928E-02 1.80867E+01 
5.86547E+02 3.99499E-05 2.53355E-02 1.61305E+01 
5.94164E+02 3.48192E-05 2.23070E-02 1.43428E+01 
6.01782E+02 3.02617E-05 1.95821E-02 1.27136E+01 
6.09399E+02 2.62231E-05 1.71366E-02 1.12328E+01 
6.17017E+02 2.26527E-05 1.49475E-02 9.89058E+00 
6.24634E+02 1.95040E-05 1.29930E-02 8.67727E+00 
6.32252E+02 1.67337E-05 1.12522E-02 7.58343E+00 
6.39869E+02 1.43022E-05 9.70582E-03 6.59996E+00 
6.47487E+02 1.21731E-05 8.33558E-03 5.71807E+00 
6.55104E+02 1.03134E-05 7.12451E-03 4.92940E+00 
6.62722E+02 8.69281E-06 6.05683E-03 4.22598E+00 
6.70339E+02 7.28399E-06 5.11793E-03 3.60025E+00 
6.77957E+02 6.06220E-06 4.29438E-03 3.04512E+00 
6.85574E+02 5.00514E-06 3.57381E-03 2.55393E+00 
6.93192E+02 4.09280E-06 2.94494E-03 2.12045E+00 
7.00809E+02 3.30724E-06 2.39748E-03 1.73892E+00 
7.08427E+02 2.63248E-06 1.92210E-03 1.40400E+00 
7.16044E+02 2.05427E-06 1.51033E-03 1.11076E+00 
7.23662E+02 1.55997E-06 1.15456E-03 8.54695E-01 
7.31279E+02 1.13843E-06 8.47949E-04 6.31671E-01 
7.38897E+02 7.79800E-07 5.84358E-04 4.37934E-01 
7.46514E+02 4.75415E-07 3.58322E-04 2.70078E-01 
7.54132E+02 2.17692E-07 1.64974E-04 1.25024E-01 
