100 2 
0.00000E+00 3.75227E-03 1.00585E+00 3.32698E+02 
7.75582E+00 3.75015E-03 1.00584E+00 3.32698E+02 
1.55116E+01 3.74380E-03 1.00576E+00 3.32697E+02 
2.32675E+01 3.73323E-03 1.00556E+00 3.32693E+02 
3.10233E+01 3.71845E-03 1.00515E+00 3.32682E+02 
3.87791E+01 3.69951E-03 1.00449E+00 3.32659E+02 
4.65349E+01 3.67644E-03 1.00350E+00 3.32616E+02 
5.42908E+01 3.64928E-03 1.00213E+00 3.32547E+02 
6.20466E+01 3.61809E-03 1.00031E+00 3.32441E+02 
6.98024E+01 3.58294E-03 9.97992E-01 3.32288E+02 
7.75582E+01 3.54390E-03 9.95113E-01 3.32075E+02 
8.53141E+01 3.50105E-03 9.91622E-01 3.31790E+02 
9.30699E+01 3.45450E-03 9.87467E-01 3.31419E+02 
1.00826E+02 3.40435E-03 9.82603E-01 3.30947E+02 
1.08582E+02 3.35072E-03 9.76985E-01 3.30359E+02 
1.16337E+02 3.29373E-03 9.70574E-01 3.29637E+02 
1.24093E+02 3.23352E-03 9.63334E-01 3.28766E+02 
1.31849E+02 3.17025E-03 9.55235E-01 3.27729E+02 
1.39605E+02 3.10407E-03 9.46251E-01 3.26509E+02 
1.47361E+02 3.03515E-03 9.36361E-01 3.25090E+02 
1.55116E+02 2.96368E-03 9.25550E-01 3.23454E+02 
1.62872E+02 2.88985E-03 9.13809E-01 3.21587E+02 
1.70628E+02 2.81385E-03 9.01135E-01 3.19473E+02 
1.78384E+02 2.73589E-03 8.87529E-01 3.17098E+02 
1.86140E+02 2.65619E-03 8.73002E-01 3.14449E+02 
1.93896E+02 2.57496E-03 8.57567E-01 3.11516E+02 
2.01651E+02 2.49245E-03 8.41247E-01 3.08288E+02 
2.09407E+02 2.40887E-03 8.24069E-01 3.04757E+02 
2.17163E+02 2.32446E-03 8.06066E-01 3.00916E+02 
2.24919E+02 2.23947E-03 7.87277E-01 2.96763E+02 
2.32675E+02 2.15411E-03 7.67749E-01 2.92294E+02 
2.40431E+02 2.06864E-03 7.47530E-01 2.87511E+02 
2.48186E+02 1.98328E-03 7.26676E-01 2.82416E+02 
2.55942E+02 1.89826E-03 7.05247E-01 2.77014E+02 
2.63698E+02 1.81381E-03 6.83306E-01 2.71313E+02 
2.71454E+02 1.73015E-03 6.60919E-01 2.65322E+02 
2.79210E+02 1.64748E-03 6.38158E-01 2.59055E+02 
2.86965E+02 1.56600E-03 6.15093E-01 2.52526E+02 
2.94721E+02 1.48590E-03 5.91799E-01 2.45751E+02 
3.02477E+02 1.40737E-03 5.68351E-01 2.38749E+02 
3.10233E+02 1.33057E-03 5.44823E-01 2.31541E+02 
3.17989E+02 1.25565E-03 5.21291E-01 2.24149E+02 
3.25745E+02 1.18275E-03 4.97828E-01 2.16598E+02 
3.33500E+02 1.11199E-03 4.74507E-01 2.08911E+02 
3.41256E+02 1.04350E-03 4.51399E-01 2.01115E+02 
3.49012E+02 9.77350E-04 4.28571E-01 1.93236E+02 
3.56768E+02 9.13634E-04 4.06088E-01 1.85302E+02 
3.64524E+02 8.52413E-04 3.84010E-01 1.77340E+02 
3.72280E+02 7.93737E-04 3.62396E-01 1.69378E+02 
3.80035E+02 7.37641E-04 3.41296E-01 1.61442E+02 
3.87791E+02 6.84145E-04 3.20760E-01 1.53558E+02 
3.95547E+02 6.33256E-04 3.00831E-01 1.45752E+02 
4.03303E+02 5.84969E-04 2.81545E-01 1.38050E+02 
4.11059E+02 5.39263E-04 2.62936E-01 1.30473E+02 
4.18814E+02 4.96109E-04 2.45032E-01 1.23044E+02 
4.26570E+02 4.55467E-04 2.27854E-01 1.15784E+02 
4.34326E+02 4.17284E-04 2.11420E-01 1.08710E+02 
4.42082E+02 3.81501E-04 1.95741E-01 1.01840E+02 
4.49838E+02 3.48051E-04 1.80825E-01 9.51889E+01 
4.57594E+02 3.16860E-04 1.66675E-01 8.87691E+01 
4.65349E+02 2.87847E-04 1.53288E-01 8.25917E+01 
4.73105E+02 2.60927E-04 1.40657E-01 7.66658E+01 
4.80861E+02 2.36012E-04 1.28774E-01 7.09983E+01 
4.88617E+02 2.13009E-04 1.17625E-01 6.55943E+01 
4.96373E+02 1.91824E-04 1.07193E-01 6.04569E+01 
5.04129E+02 1.72362E-04 9.74583E-02 5.55876E+01 
5.11884E+02 1.54528E-04 8.83994E-02 5.09861E+01 
5.19640E+02 1.38225E-04 7.99921E-02 4.66503E+01 
5.27396E+02 1.23360E-04 7.22108E-02 4.25771E+01 
5.35152E+02 1.09839E-04 6.50283E-02 3.87615E+01 
5.42908E+02 9.75713E-05 5.84163E-02 3.51978E+01 
5.50663E+02 8.64682E-05 5.23459E-02 3.18790E+01 
5.58419E+02 7.64440E-05 4.67878E-02 2.87971E+01 
5.66175E+02 6.74166E-05 4.17123E-02 2.59435E+01 
5.73931E+02 5.93069E-05 3.70899E-02 2.33088E+01 
5.81687E+02 5.20396E-05 3.28914E-02 2.08831E+01 
5.89443E+02 4.55436E-05 2.90880E-02 1.86562E+01 
5.97198E+02 3.97513E-05 2.56517E-02 1.66176E+01 
6.04954E+02 3.45993E-05 2.25554E-02 1.47567E+01 
6.12710E+02 3.00283E-05 1.97728E-02 1.30627E+01 
6.20466E+02 2.59827E-05 1.72787E-02 1.15251E+01 
6.28222E+02 2.24111E-05 1.50490E-02 1.01332E+01 
6.35978E+02 1.92658E-05 1.30611E-02 8.87678E+00 
6.43733E+02 1.65027E-05 1.12934E-02 7.74582E+00 
6.51489E+02 1.40814E-05 9.72555E-03 6.73060E+00 
6.59245E+02 1.19650E-05 8.33869E-03 5.82181E+00 
6.67001E+02 1.01196E-05 7.11511E-03 5.01053E+00 
6.74757E+02 8.51445E-06 6.03842E-03 4.28829E+00 
6.82512E+02 7.12183E-06 5.09347E-03 3.64710E+00 
6.90268E+02 5.91656E-06 4.26630E-03 3.07940E+00 
6.98024E+02 4.87604E-06 3.54413E-03 2.57817E+00 
7.05780E+02 3.97997E-06 2.91526E-03 2.13683E+00 
7.13536E+02 3.21020E-06 2.36906E-03 1.74926E+00 
7.21292E+02 2.55059E-06 1.89592E-03 1.40987E+00 
7.29047E+02 1.98676E-06 1.48711E-03 1.11345E+00 
7.36803E+02 1.50602E-06 1.13481E-03 8.55273E-01 
7.44559E+02 1.09712E-06 8.31987E-04 6.31011E-01 
7.52315E+02 7.50207E-07 5.72379E-04 4.36736E-01 
7.60071E+02 4.56604E-07 3.50390E-04 2.68893E-01 
7.67827E+02 2.08735E-07 1.61059E-04 1.24273E-01 
