100 2 
0.00000E+00 3.98799E-03 1.00577E+00 3.15954E+02 
7.49045E+00 3.98548E-03 1.00576E+00 3.15954E+02 
1.49809E+01 3.97795E-03 1.00567E+00 3.15953E+02 
2.24713E+01 3.96544E-03 1.00544E+00 3.15948E+02 
2.99618E+01 3.94797E-03 1.00497E+00 3.15936E+02 
3.74522E+01 3.92559E-03 1.00422E+00 3.15910E+02 
4.49427E+01 3.89838E-03 1.00309E+00 3.15863E+02 
5.24331E+01 3.86642E-03 1.00153E+00 3.15787E+02 
5.99236E+01 3.82979E-03 9.99473E-01 3.15671E+02 
6.74140E+01 3.78860E-03 9.96848E-01 3.15504E+02 
7.49045E+01 3.74299E-03 9.93600E-01 3.15272E+02 
8.23950E+01 3.69308E-03 9.89672E-01 3.14963E+02 
8.98854E+01 3.63903E-03 9.85013E-01 3.14561E+02 
9.73758E+01 3.58099E-03 9.79577E-01 3.14051E+02 
1.04866E+02 3.51915E-03 9.73321E-01 3.13418E+02 
1.12357E+02 3.45369E-03 9.66209E-01 3.12645E+02 
1.19847E+02 3.38480E-03 9.58209E-01 3.11716E+02 
1.27338E+02 3.31271E-03 9.49297E-01 3.10614E+02 
1.34828E+02 3.23763E-03 9.39453E-01 3.09323E+02 
1.42319E+02 3.15978E-03 9.28664E-01 3.07827E+02 
1.49809E+02 3.07941E-03 9.16923E-01 3.06112E+02 
1.57299E+02 2.99675E-03 9.04229E-01 3.04162E+02 
1.64790E+02 2.91207E-03 8.90590E-01 3.01965E+02 
1.72280E+02 2.82561E-03 8.76017E-01 2.99508E+02 
1.79771E+02 2.73763E-03 8.60530E-01 2.96782E+02 
1.87261E+02 2.64840E-03 8.44154E-01 2.93776E+02 
1.94752E+02 2.55817E-03 8.26920E-01 2.90483E+02 
2.02242E+02 2.46722E-03 8.08865E-01 2.86899E+02 
2.09733E+02 2.37579E-03 7.90033E-01 2.83019E+02 
2.17223E+02 2.28416E-03 7.70472E-01 2.78843E+02 
2.24714E+02 2.19258E-03 7.50234E-01 2.74371E+02 
2.32204E+02 2.10128E-03 7.29377E-01 2.69605E+02 
2.39694E+02 2.01052E-03 7.07963E-01 2.64552E+02 
2.47185E+02 1.92053E-03 6.86056E-01 2.59219E+02 
2.54675E+02 1.83153E-03 6.63723E-01 2.53615E+02 
2.62166E+02 1.74373E-03 6.41036E-01 2.47752E+02 
2.69656E+02 1.65734E-03 6.18066E-01 2.41644E+02 
2.77147E+02 1.57255E-03 5.94885E-01 2.35306E+02 
2.84637E+02 1.48954E-03 5.71568E-01 2.28756E+02 
2.92128E+02 1.40846E-03 5.48187E-01 2.22014E+02 
2.99618E+02 1.32946E-03 5.24816E-01 2.15099E+02 
3.07108E+02 1.25268E-03 5.01525E-01 2.08033E+02 
3.14599E+02 1.17824E-03 4.78386E-01 2.00840E+02 
3.22089E+02 1.10623E-03 4.55464E-01 1.93544E+02 
3.29580E+02 1.03675E-03 4.32826E-01 1.86168E+02 
3.37070E+02 9.69863E-04 4.10532E-01 1.78737E+02 
3.44561E+02 9.05626E-04 3.88641E-01 1.71276E+02 
3.52051E+02 8.44080E-04 3.67206E-01 1.63810E+02 
3.59542E+02 7.85252E-04 3.46277E-01 1.56364E+02 
3.67032E+02 7.29155E-04 3.25899E-01 1.48962E+02 
3.74522E+02 6.75786E-04 3.06113E-01 1.41626E+02 
3.82013E+02 6.25134E-04 2.86954E-01 1.34379E+02 
3.89503E+02 5.77171E-04 2.68454E-01 1.27243E+02 
3.96994E+02 5.31862E-04 2.50638E-01 1.20237E+02 
4.04484E+02 4.89159E-04 2.33527E-01 1.13381E+02 
4.11975E+02 4.49006E-04 2.17137E-01 1.06690E+02 
4.19465E+02 4.11340E-04 2.01480E-01 1.00182E+02 
4.26956E+02 3.76089E-04 1.86563E-01 9.38690E+01 
4.34446E+02 3.43174E-04 1.72387E-01 8.77642E+01 
4.41937E+02 3.12512E-04 1.58953E-01 8.18778E+01 
4.49427E+02 2.84015E-04 1.46254E-01 7.62185E+01 
4.56917E+02 2.57593E-04 1.34281E-01 7.07933E+01 
4.64408E+02 2.33150E-04 1.23023E-01 6.56073E+01 
4.71898E+02 2.10592E-04 1.12463E-01 6.06642E+01 
4.79389E+02 1.89820E-04 1.02584E-01 5.59659E+01 
4.86879E+02 1.70739E-04 9.33665E-02 5.15129E+01 
4.94370E+02 1.53251E-04 8.47873E-02 4.73041E+01 
5.01860E+02 1.37260E-04 7.68229E-02 4.33373E+01 
5.09351E+02 1.22672E-04 6.94480E-02 3.96089E+01 
5.16841E+02 1.09395E-04 6.26363E-02 3.61142E+01 
5.24331E+02 9.73384E-05 5.63608E-02 3.28475E+01 
5.31822E+02 8.64163E-05 5.05937E-02 2.98024E+01 
5.39312E+02 7.65446E-05 4.53074E-02 2.69715E+01 
5.46803E+02 6.76428E-05 4.04738E-02 2.43469E+01 
5.54293E+02 5.96344E-05 3.60653E-02 2.19200E+01 
5.61784E+02 5.24462E-05 3.20546E-02 1.96821E+01 
5.69274E+02 4.60094E-05 2.84148E-02 1.76239E+01 
5.76765E+02 4.02586E-05 2.51199E-02 1.57361E+01 
5.84255E+02 3.51327E-05 2.21446E-02 1.40091E+01 
5.91746E+02 3.05743E-05 1.94646E-02 1.24335E+01 
5.99236E+02 2.65301E-05 1.70566E-02 1.09997E+01 
6.06726E+02 2.29502E-05 1.48983E-02 9.69841E+00 
6.14217E+02 1.97888E-05 1.29686E-02 8.52052E+00 
6.21707E+02 1.70034E-05 1.12476E-02 7.45709E+00 
6.29198E+02 1.45550E-05 9.71636E-03 6.49951E+00 
6.36688E+02 1.24077E-05 8.35744E-03 5.63950E+00 
6.44179E+02 1.05289E-05 7.15436E-03 4.86909E+00 
6.51669E+02 8.88884E-06 6.09187E-03 4.18076E+00 
6.59160E+02 7.46048E-06 5.15583E-03 3.56734E+00 
6.66650E+02 6.21940E-06 4.33321E-03 3.02210E+00 
6.74141E+02 5.14351E-06 3.61204E-03 2.53869E+00 
6.81631E+02 4.21300E-06 2.98135E-03 2.11120E+00 
6.89121E+02 3.41008E-06 2.43112E-03 1.73414E+00 
6.96612E+02 2.71888E-06 1.95227E-03 1.40240E+00 
7.04102E+02 2.12520E-06 1.53655E-03 1.11128E+00 
7.11593E+02 1.61649E-06 1.17651E-03 8.56460E-01 
7.19083E+02 1.18159E-06 8.65443E-04 6.33974E-01 
7.26574E+02 8.10642E-07 5.97352E-04 4.40215E-01 
7.34064E+02 4.94983E-07 3.66852E-04 2.71898E-01 
7.41555E+02 2.26994E-07 1.69155E-04 1.26054E-01 
