100 2 
0.00000E+00 3.98755E-03 1.00577E+00 3.15983E+02 
7.49094E+00 3.98504E-03 1.00576E+00 3.15983E+02 
1.49819E+01 3.97752E-03 1.00567E+00 3.15982E+02 
2.24728E+01 3.96501E-03 1.00544E+00 3.15977E+02 
2.99638E+01 3.94754E-03 1.00497E+00 3.15965E+02 
3.74547E+01 3.92518E-03 1.00422E+00 3.15939E+02 
4.49456E+01 3.89798E-03 1.00309E+00 3.15893E+02 
5.24366E+01 3.86602E-03 1.00153E+00 3.15817E+02 
5.99275E+01 3.82940E-03 9.99475E-01 3.15701E+02 
6.74184E+01 3.78822E-03 9.96850E-01 3.15533E+02 
7.49094E+01 3.74262E-03 9.93602E-01 3.15302E+02 
8.24003E+01 3.69273E-03 9.89675E-01 3.14992E+02 
8.98913E+01 3.63869E-03 9.85017E-01 3.14591E+02 
9.73822E+01 3.58066E-03 9.79582E-01 3.14081E+02 
1.04873E+02 3.51884E-03 9.73327E-01 3.13448E+02 
1.12364E+02 3.45339E-03 9.66216E-01 3.12675E+02 
1.19855E+02 3.38452E-03 9.58218E-01 3.11746E+02 
1.27346E+02 3.31245E-03 9.49307E-01 3.10644E+02 
1.34837E+02 3.23738E-03 9.39465E-01 3.09353E+02 
1.42328E+02 3.15955E-03 9.28677E-01 3.07858E+02 
1.49819E+02 3.07919E-03 9.16937E-01 3.06142E+02 
1.57310E+02 2.99655E-03 9.04246E-01 3.04193E+02 
1.64801E+02 2.91188E-03 8.90608E-01 3.01996E+02 
1.72292E+02 2.82544E-03 8.76037E-01 2.99539E+02 
1.79783E+02 2.73747E-03 8.60551E-01 2.96812E+02 
1.87273E+02 2.64825E-03 8.44177E-01 2.93807E+02 
1.94764E+02 2.55804E-03 8.26944E-01 2.90514E+02 
2.02255E+02 2.46710E-03 8.08891E-01 2.86930E+02 
2.09746E+02 2.37569E-03 7.90061E-01 2.83051E+02 
2.17237E+02 2.28407E-03 7.70500E-01 2.78874E+02 
2.24728E+02 2.19250E-03 7.50264E-01 2.74402E+02 
2.32219E+02 2.10121E-03 7.29408E-01 2.69637E+02 
2.39710E+02 2.01046E-03 7.07994E-01 2.64583E+02 
2.47201E+02 1.92048E-03 6.86088E-01 2.59250E+02 
2.54692E+02 1.83149E-03 6.63756E-01 2.53646E+02 
2.62183E+02 1.74370E-03 6.41070E-01 2.47782E+02 
2.69674E+02 1.65732E-03 6.18100E-01 2.41674E+02 
2.77165E+02 1.57253E-03 5.94919E-01 2.35336E+02 
2.84656E+02 1.48952E-03 5.71602E-01 2.28785E+02 
2.92147E+02 1.40845E-03 5.48221E-01 2.22042E+02 
2.99638E+02 1.32946E-03 5.24849E-01 2.15127E+02 
3.07128E+02 1.25268E-03 5.01558E-01 2.08061E+02 
3.14619E+02 1.17824E-03 4.78418E-01 2.00867E+02 
3.22110E+02 1.10624E-03 4.55496E-01 1.93570E+02 
3.29601E+02 1.03676E-03 4.32857E-01 1.86193E+02 
3.37092E+02 9.69870E-04 4.10562E-01 1.78761E+02 
3.44583E+02 9.05634E-04 3.88670E-01 1.71300E+02 
3.52074E+02 8.44089E-04 3.67234E-01 1.63833E+02 
3.59565E+02 7.85262E-04 3.46303E-01 1.56386E+02 
3.67056E+02 7.29164E-04 3.25924E-01 1.48983E+02 
3.74547E+02 6.75796E-04 3.06137E-01 1.41646E+02 
3.82038E+02 6.25143E-04 2.86977E-01 1.34398E+02 
3.89529E+02 5.77180E-04 2.68475E-01 1.27261E+02 
3.97020E+02 5.31870E-04 2.50658E-01 1.20254E+02 
4.04511E+02 4.89167E-04 2.33545E-01 1.13397E+02 
4.12002E+02 4.49014E-04 2.17154E-01 1.06705E+02 
4.19493E+02 4.11347E-04 2.01496E-01 1.00196E+02 
4.26983E+02 3.76095E-04 1.86577E-01 9.38823E+01 
4.34474E+02 3.43179E-04 1.72401E-01 8.77766E+01 
4.41965E+02 3.12517E-04 1.58965E-01 8.18894E+01 
4.49456E+02 2.84019E-04 1.46265E-01 7.62292E+01 
4.56947E+02 2.57596E-04 1.34291E-01 7.08031E+01 
4.64438E+02 2.33153E-04 1.23032E-01 6.56163E+01 
4.71929E+02 2.10594E-04 1.12471E-01 6.06724E+01 
4.79420E+02 1.89822E-04 1.02592E-01 5.59734E+01 
4.86911E+02 1.70740E-04 9.33729E-02 5.15196E+01 
4.94402E+02 1.53251E-04 8.47929E-02 4.73102E+01 
5.01893E+02 1.37260E-04 7.68278E-02 4.33428E+01 
5.09384E+02 1.22672E-04 6.94522E-02 3.96138E+01 
5.16875E+02 1.09394E-04 6.26400E-02 3.61185E+01 
5.24366E+02 9.73377E-05 5.63639E-02 3.28514E+01 
5.31857E+02 8.64153E-05 5.05964E-02 2.98058E+01 
5.39348E+02 7.65435E-05 4.53096E-02 2.69745E+01 
5.46839E+02 6.76415E-05 4.04756E-02 2.43495E+01 
5.54329E+02 5.96330E-05 3.60668E-02 2.19223E+01 
5.61820E+02 5.24448E-05 3.20557E-02 1.96840E+01 
5.69311E+02 4.60079E-05 2.84157E-02 1.76256E+01 
5.76802E+02 4.02571E-05 2.51206E-02 1.57375E+01 
5.84293E+02 3.51313E-05 2.21451E-02 1.40103E+01 
5.91784E+02 3.05729E-05 1.94650E-02 1.24345E+01 
5.99275E+02 2.65287E-05 1.70568E-02 1.10005E+01 
6.06766E+02 2.29489E-05 1.48984E-02 9.69908E+00 
6.14257E+02 1.97876E-05 1.29686E-02 8.52107E+00 
6.21748E+02 1.70023E-05 1.12475E-02 7.45753E+00 
6.29239E+02 1.45539E-05 9.71627E-03 6.49987E+00 
6.36730E+02 1.24067E-05 8.35730E-03 5.63976E+00 
6.44221E+02 1.05280E-05 7.15421E-03 4.86930E+00 
6.51712E+02 8.88802E-06 6.09169E-03 4.18091E+00 
6.59203E+02 7.45976E-06 5.15565E-03 3.56745E+00 
6.66693E+02 6.21874E-06 4.33304E-03 3.02217E+00 
6.74184E+02 5.14293E-06 3.61187E-03 2.53873E+00 
6.81675E+02 4.21250E-06 2.98119E-03 2.11123E+00 
6.89166E+02 3.40966E-06 2.43098E-03 1.73415E+00 
6.96657E+02 2.71852E-06 1.95214E-03 1.40240E+00 
7.04148E+02 2.12491E-06 1.53644E-03 1.11127E+00 
7.11639E+02 1.61626E-06 1.17641E-03 8.56448E-01 
7.19130E+02 1.18141E-06 8.65370E-04 6.33961E-01 
7.26621E+02 8.10516E-07 5.97298E-04 4.40203E-01 
7.34112E+02 4.94902E-07 3.66816E-04 2.71889E-01 
7.41603E+02 2.26956E-07 1.69137E-04 1.26050E-01 
