100 2 
0.00000E+00 3.89729E-03 1.00581E+00 3.22224E+02 
7.59242E+00 3.89493E-03 1.00579E+00 3.22224E+02 
1.51848E+01 3.88786E-03 1.00571E+00 3.22223E+02 
2.27773E+01 3.87609E-03 1.00548E+00 3.22219E+02 
3.03697E+01 3.85965E-03 1.00504E+00 3.22207E+02 
3.79621E+01 3.83858E-03 1.00432E+00 3.22182E+02 
4.55545E+01 3.81295E-03 1.00325E+00 3.22137E+02 
5.31469E+01 3.78282E-03 1.00176E+00 3.22063E+02 
6.07394E+01 3.74827E-03 9.99787E-01 3.21950E+02 
6.83318E+01 3.70939E-03 9.97275E-01 3.21788E+02 
7.59242E+01 3.66628E-03 9.94164E-01 3.21563E+02 
8.35166E+01 3.61907E-03 9.90397E-01 3.21262E+02 
9.11091E+01 3.56787E-03 9.85925E-01 3.20871E+02 
9.87015E+01 3.51284E-03 9.80700E-01 3.20375E+02 
1.06294E+02 3.45413E-03 9.74679E-01 3.19758E+02 
1.13886E+02 3.39189E-03 9.67826E-01 3.19002E+02 
1.21479E+02 3.32632E-03 9.60106E-01 3.18093E+02 
1.29071E+02 3.25758E-03 9.51494E-01 3.17014E+02 
1.36664E+02 3.18588E-03 9.41966E-01 3.15747E+02 
1.44256E+02 3.11143E-03 9.31507E-01 3.14278E+02 
1.51848E+02 3.03445E-03 9.20107E-01 3.12589E+02 
1.59441E+02 2.95514E-03 9.07763E-01 3.10667E+02 
1.67033E+02 2.87376E-03 8.94477E-01 3.08498E+02 
1.74626E+02 2.79053E-03 8.80257E-01 3.06068E+02 
1.82218E+02 2.70570E-03 8.65120E-01 3.03367E+02 
1.89811E+02 2.61951E-03 8.49087E-01 3.00384E+02 
1.97403E+02 2.53221E-03 8.32185E-01 2.97111E+02 
2.04995E+02 2.44406E-03 8.14448E-01 2.93542E+02 
2.12588E+02 2.35530E-03 7.95916E-01 2.89672E+02 
2.20180E+02 2.26619E-03 7.76633E-01 2.85499E+02 
2.27773E+02 2.17697E-03 7.56650E-01 2.81023E+02 
2.35365E+02 2.08788E-03 7.36022E-01 2.76246E+02 
2.42957E+02 1.99918E-03 7.14807E-01 2.71172E+02 
2.50550E+02 1.91108E-03 6.93069E-01 2.65807E+02 
2.58142E+02 1.82381E-03 6.70873E-01 2.60162E+02 
2.65735E+02 1.73759E-03 6.48290E-01 2.54246E+02 
2.73327E+02 1.65262E-03 6.25389E-01 2.48074E+02 
2.80920E+02 1.56910E-03 6.02245E-01 2.41659E+02 
2.88512E+02 1.48721E-03 5.78929E-01 2.35021E+02 
2.96104E+02 1.40711E-03 5.55517E-01 2.28178E+02 
3.03697E+02 1.32897E-03 5.32083E-01 2.21150E+02 
3.11289E+02 1.25291E-03 5.08698E-01 2.13959E+02 
3.18882E+02 1.17908E-03 4.85435E-01 2.06629E+02 
3.26474E+02 1.10757E-03 4.62362E-01 1.99184E+02 
3.34067E+02 1.03848E-03 4.39547E-01 1.91649E+02 
3.41659E+02 9.71903E-04 4.17054E-01 1.84050E+02 
3.49251E+02 9.07891E-04 3.94942E-01 1.76411E+02 
3.56844E+02 8.46498E-04 3.73269E-01 1.68760E+02 
3.64436E+02 7.87757E-04 3.52086E-01 1.61121E+02 
3.72029E+02 7.31691E-04 3.31443E-01 1.53520E+02 
3.79621E+02 6.78306E-04 3.11381E-01 1.45981E+02 
3.87214E+02 6.27595E-04 2.91939E-01 1.38527E+02 
3.94806E+02 5.79541E-04 2.73151E-01 1.31181E+02 
4.02398E+02 5.34113E-04 2.55045E-01 1.23964E+02 
4.09991E+02 4.91271E-04 2.37645E-01 1.16897E+02 
4.17583E+02 4.50964E-04 2.20968E-01 1.09996E+02 
4.25176E+02 4.13133E-04 2.05028E-01 1.03280E+02 
4.32768E+02 3.77710E-04 1.89834E-01 9.67628E+01 
4.40360E+02 3.44621E-04 1.75390E-01 9.04576E+01 
4.47953E+02 3.13787E-04 1.61696E-01 8.43759E+01 
4.55545E+02 2.85122E-04 1.48748E-01 7.85271E+01 
4.63138E+02 2.58537E-04 1.36538E-01 7.29189E+01 
4.70730E+02 2.33940E-04 1.25054E-01 6.75571E+01 
4.78323E+02 2.11237E-04 1.14282E-01 6.24459E+01 
4.85915E+02 1.90331E-04 1.04204E-01 5.75875E+01 
4.93507E+02 1.71127E-04 9.48004E-02 5.29829E+01 
5.01100E+02 1.53527E-04 8.60490E-02 4.86313E+01 
5.08692E+02 1.37436E-04 7.79259E-02 4.45303E+01 
5.16285E+02 1.22761E-04 7.04056E-02 4.06766E+01 
5.23877E+02 1.09407E-04 6.34615E-02 3.70655E+01 
5.31469E+02 9.72858E-05 5.70661E-02 3.36912E+01 
5.39062E+02 8.63088E-05 5.11912E-02 3.05469E+01 
5.46654E+02 7.63919E-05 4.58084E-02 2.76250E+01 
5.54247E+02 6.74541E-05 4.08892E-02 2.49175E+01 
5.61839E+02 5.94179E-05 3.64052E-02 2.24156E+01 
5.69432E+02 5.22096E-05 3.23284E-02 2.01098E+01 
5.77024E+02 4.57591E-05 2.86312E-02 1.79907E+01 
5.84616E+02 4.00006E-05 2.52870E-02 1.60486E+01 
5.92209E+02 3.48721E-05 2.22697E-02 1.42733E+01 
5.99801E+02 3.03155E-05 1.95543E-02 1.26551E+01 
6.07394E+02 2.62767E-05 1.71168E-02 1.11840E+01 
6.14986E+02 2.27053E-05 1.49343E-02 9.85027E+00 
6.22579E+02 1.95549E-05 1.29851E-02 8.64427E+00 
6.30171E+02 1.67822E-05 1.12486E-02 7.55672E+00 
6.37763E+02 1.43480E-05 9.70561E-03 6.57861E+00 
6.45356E+02 1.22159E-05 8.33791E-03 5.70125E+00 
6.52948E+02 1.03529E-05 7.12870E-03 4.91638E+00 
6.60541E+02 8.72888E-06 6.06229E-03 4.21611E+00 
6.68133E+02 7.31659E-06 5.12417E-03 3.59296E+00 
6.75726E+02 6.09131E-06 4.30098E-03 3.03991E+00 
6.83318E+02 5.03084E-06 3.58047E-03 2.55036E+00 
6.90910E+02 4.11517E-06 2.95139E-03 2.11816E+00 
6.98503E+02 3.32643E-06 2.40351E-03 1.73760E+00 
7.06095E+02 2.64862E-06 1.92756E-03 1.40338E+00 
7.13688E+02 2.06753E-06 1.51511E-03 1.11062E+00 
7.21280E+02 1.57056E-06 1.15858E-03 8.54857E-01 
7.28872E+02 1.14652E-06 8.51170E-04 6.31988E-01 
7.36465E+02 7.85587E-07 5.86760E-04 4.38289E-01 
7.44057E+02 4.79088E-07 3.59903E-04 2.70377E-01 
7.51650E+02 2.19439E-07 1.65751E-04 1.25199E-01 
