100 2 
0.00000E+00 3.74806E-03 1.00585E+00 3.33011E+02 
7.76059E+00 3.74594E-03 1.00584E+00 3.33011E+02 
1.55212E+01 3.73961E-03 1.00576E+00 3.33010E+02 
2.32818E+01 3.72908E-03 1.00556E+00 3.33006E+02 
3.10424E+01 3.71435E-03 1.00515E+00 3.32995E+02 
3.88029E+01 3.69547E-03 1.00449E+00 3.32972E+02 
4.65635E+01 3.67247E-03 1.00351E+00 3.32930E+02 
5.43241E+01 3.64540E-03 1.00214E+00 3.32860E+02 
6.20847E+01 3.61431E-03 1.00033E+00 3.32754E+02 
6.98453E+01 3.57926E-03 9.98013E-01 3.32601E+02 
7.76059E+01 3.54034E-03 9.95141E-01 3.32389E+02 
8.53665E+01 3.49763E-03 9.91658E-01 3.32105E+02 
9.31271E+01 3.45121E-03 9.87513E-01 3.31735E+02 
1.00888E+02 3.40121E-03 9.82660E-01 3.31263E+02 
1.08648E+02 3.34772E-03 9.77054E-01 3.30676E+02 
1.16409E+02 3.29088E-03 9.70657E-01 3.29955E+02 
1.24169E+02 3.23084E-03 9.63431E-01 3.29086E+02 
1.31930E+02 3.16772E-03 9.55348E-01 3.28050E+02 
1.39691E+02 3.10170E-03 9.46380E-01 3.26831E+02 
1.47451E+02 3.03295E-03 9.36507E-01 3.25413E+02 
1.55212E+02 2.96164E-03 9.25714E-01 3.23779E+02 
1.62972E+02 2.88797E-03 9.13992E-01 3.21914E+02 
1.70733E+02 2.81212E-03 9.01336E-01 3.19802E+02 
1.78494E+02 2.73432E-03 8.87749E-01 3.17429E+02 
1.86254E+02 2.65477E-03 8.73240E-01 3.14782E+02 
1.94015E+02 2.57369E-03 8.57824E-01 3.11850E+02 
2.01775E+02 2.49132E-03 8.41521E-01 3.08623E+02 
2.09536E+02 2.40787E-03 8.24360E-01 3.05094E+02 
2.17296E+02 2.32360E-03 8.06373E-01 3.01254E+02 
2.25057E+02 2.23872E-03 7.87600E-01 2.97102E+02 
2.32818E+02 2.15348E-03 7.68086E-01 2.92634E+02 
2.40578E+02 2.06811E-03 7.47880E-01 2.87851E+02 
2.48339E+02 1.98285E-03 7.27037E-01 2.82755E+02 
2.56099E+02 1.89793E-03 7.05617E-01 2.77352E+02 
2.63860E+02 1.81356E-03 6.83684E-01 2.71650E+02 
2.71621E+02 1.72997E-03 6.61304E-01 2.65657E+02 
2.79381E+02 1.64736E-03 6.38547E-01 2.59388E+02 
2.87142E+02 1.56595E-03 6.15485E-01 2.52855E+02 
2.94902E+02 1.48591E-03 5.92193E-01 2.46076E+02 
3.02663E+02 1.40742E-03 5.68743E-01 2.39070E+02 
3.10424E+02 1.33066E-03 5.45213E-01 2.31857E+02 
3.18184E+02 1.25577E-03 5.21677E-01 2.24459E+02 
3.25945E+02 1.18289E-03 4.98208E-01 2.16901E+02 
3.33705E+02 1.11216E-03 4.74880E-01 2.09207E+02 
3.41466E+02 1.04368E-03 4.51763E-01 2.01403E+02 
3.49227E+02 9.77544E-04 4.28925E-01 1.93516E+02 
3.56987E+02 9.13836E-04 4.06431E-01 1.85574E+02 
3.64748E+02 8.52619E-04 3.84341E-01 1.77602E+02 
3.72508E+02 7.93944E-04 3.62714E-01 1.69630E+02 
3.80269E+02 7.37846E-04 3.41601E-01 1.61684E+02 
3.88029E+02 6.84345E-04 3.21050E-01 1.53790E+02 
3.95790E+02 6.33450E-04 3.01106E-01 1.45974E+02 
4.03551E+02 5.85154E-04 2.81805E-01 1.38260E+02 
4.11311E+02 5.39439E-04 2.63181E-01 1.30673E+02 
4.19072E+02 4.96275E-04 2.45261E-01 1.23233E+02 
4.26832E+02 4.55621E-04 2.28068E-01 1.15961E+02 
4.34593E+02 4.17426E-04 2.11618E-01 1.08877E+02 
4.42354E+02 3.81632E-04 1.95925E-01 1.01996E+02 
4.50114E+02 3.48170E-04 1.80995E-01 9.53345E+01 
4.57875E+02 3.16967E-04 1.66830E-01 8.89043E+01 
4.65635E+02 2.87943E-04 1.53429E-01 8.27170E+01 
4.73396E+02 2.61012E-04 1.40786E-01 7.67813E+01 
4.81157E+02 2.36086E-04 1.28891E-01 7.11045E+01 
4.88917E+02 2.13073E-04 1.17730E-01 6.56915E+01 
4.96678E+02 1.91879E-04 1.07287E-01 6.05456E+01 
5.04438E+02 1.72409E-04 9.75422E-02 5.56681E+01 
5.12199E+02 1.54567E-04 8.84737E-02 5.10589E+01 
5.19959E+02 1.38257E-04 8.00576E-02 4.67160E+01 
5.27720E+02 1.23385E-04 7.22681E-02 4.26359E+01 
5.35481E+02 1.09859E-04 6.50782E-02 3.88141E+01 
5.43241E+02 9.75859E-05 5.84595E-02 3.52446E+01 
5.51002E+02 8.64784E-05 5.23831E-02 3.19204E+01 
5.58762E+02 7.64505E-05 4.68194E-02 2.88336E+01 
5.66523E+02 6.74199E-05 4.17391E-02 2.59754E+01 
5.74284E+02 5.93075E-05 3.71123E-02 2.33366E+01 
5.82044E+02 5.20382E-05 3.29099E-02 2.09072E+01 
5.89805E+02 4.55404E-05 2.91032E-02 1.86770E+01 
5.97565E+02 3.97468E-05 2.56641E-02 1.66355E+01 
6.05326E+02 3.45938E-05 2.25652E-02 1.47719E+01 
6.13087E+02 3.00220E-05 1.97804E-02 1.30756E+01 
6.20847E+02 2.59760E-05 1.72845E-02 1.15358E+01 
6.28608E+02 2.24042E-05 1.50533E-02 1.01421E+01 
6.36368E+02 1.92588E-05 1.30642E-02 8.88417E+00 
6.44129E+02 1.64958E-05 1.12954E-02 7.75185E+00 
6.51889E+02 1.40747E-05 9.72677E-03 6.73548E+00 
6.59650E+02 1.19586E-05 8.33925E-03 5.82570E+00 
6.67411E+02 1.01136E-05 7.11518E-03 5.01359E+00 
6.75171E+02 8.50889E-06 6.03812E-03 4.29066E+00 
6.82932E+02 7.11674E-06 5.09291E-03 3.64890E+00 
6.90692E+02 5.91197E-06 4.26557E-03 3.08074E+00 
6.98453E+02 4.87195E-06 3.54330E-03 2.57914E+00 
7.06214E+02 3.97637E-06 2.91440E-03 2.13749E+00 
7.13974E+02 3.20711E-06 2.36822E-03 1.74971E+00 
7.21735E+02 2.54797E-06 1.89512E-03 1.41014E+00 
7.29495E+02 1.98460E-06 1.48640E-03 1.11360E+00 
7.37256E+02 1.50428E-06 1.13419E-03 8.55334E-01 
7.45017E+02 1.09580E-06 8.31490E-04 6.31020E-01 
7.52777E+02 7.49253E-07 5.72002E-04 4.36717E-01 
7.60538E+02 4.55997E-07 3.50139E-04 2.68865E-01 
7.68298E+02 2.08446E-07 1.60934E-04 1.24253E-01 
