100 2 
0.00000E+00 3.98426E-03 1.00577E+00 3.16208E+02 
7.49465E+00 3.98175E-03 1.00576E+00 3.16208E+02 
1.49893E+01 3.97425E-03 1.00567E+00 3.16207E+02 
2.24839E+01 3.96176E-03 1.00544E+00 3.16202E+02 
2.99786E+01 3.94433E-03 1.00498E+00 3.16190E+02 
3.74732E+01 3.92201E-03 1.00422E+00 3.16164E+02 
4.49679E+01 3.89487E-03 1.00310E+00 3.16118E+02 
5.24625E+01 3.86298E-03 1.00154E+00 3.16041E+02 
5.99572E+01 3.82643E-03 9.99486E-01 3.15925E+02 
6.74518E+01 3.78534E-03 9.96865E-01 3.15758E+02 
7.49465E+01 3.73983E-03 9.93622E-01 3.15527E+02 
8.24411E+01 3.69003E-03 9.89701E-01 3.15218E+02 
8.99358E+01 3.63609E-03 9.85050E-01 3.14816E+02 
9.74304E+01 3.57818E-03 9.79622E-01 3.14307E+02 
1.04925E+02 3.51647E-03 9.73375E-01 3.13675E+02 
1.12420E+02 3.45114E-03 9.66273E-01 3.12903E+02 
1.19914E+02 3.38239E-03 9.58285E-01 3.11974E+02 
1.27409E+02 3.31043E-03 9.49385E-01 3.10873E+02 
1.34904E+02 3.23549E-03 9.39553E-01 3.09583E+02 
1.42398E+02 3.15778E-03 9.28777E-01 3.08088E+02 
1.49893E+02 3.07754E-03 9.17050E-01 3.06374E+02 
1.57388E+02 2.99502E-03 9.04371E-01 3.04425E+02 
1.64882E+02 2.91047E-03 8.90745E-01 3.02229E+02 
1.72377E+02 2.82414E-03 8.76187E-01 2.99773E+02 
1.79872E+02 2.73630E-03 8.60713E-01 2.97047E+02 
1.87366E+02 2.64719E-03 8.44351E-01 2.94042E+02 
1.94861E+02 2.55708E-03 8.27130E-01 2.90751E+02 
2.02356E+02 2.46624E-03 8.09088E-01 2.87167E+02 
2.09850E+02 2.37493E-03 7.90268E-01 2.83288E+02 
2.17345E+02 2.28340E-03 7.70717E-01 2.79111E+02 
2.24839E+02 2.19191E-03 7.50490E-01 2.74639E+02 
2.32334E+02 2.10070E-03 7.29642E-01 2.69873E+02 
2.39829E+02 2.01003E-03 7.08235E-01 2.64819E+02 
2.47323E+02 1.92011E-03 6.86335E-01 2.59484E+02 
2.54818E+02 1.83118E-03 6.64008E-01 2.53878E+02 
2.62313E+02 1.74345E-03 6.41324E-01 2.48013E+02 
2.69807E+02 1.65712E-03 6.18357E-01 2.41902E+02 
2.77302E+02 1.57239E-03 5.95177E-01 2.35561E+02 
2.84797E+02 1.48942E-03 5.71860E-01 2.29007E+02 
2.92291E+02 1.40838E-03 5.48478E-01 2.22261E+02 
2.99786E+02 1.32942E-03 5.25104E-01 2.15341E+02 
3.07281E+02 1.25267E-03 5.01809E-01 2.08271E+02 
3.14775E+02 1.17825E-03 4.78665E-01 2.01072E+02 
3.22270E+02 1.10626E-03 4.55737E-01 1.93769E+02 
3.29765E+02 1.03680E-03 4.33092E-01 1.86387E+02 
3.37259E+02 9.69924E-04 4.10790E-01 1.78949E+02 
3.44754E+02 9.05697E-04 3.88890E-01 1.71481E+02 
3.52248E+02 8.44158E-04 3.67445E-01 1.64008E+02 
3.59743E+02 7.85335E-04 3.46506E-01 1.56554E+02 
3.67238E+02 7.29239E-04 3.26117E-01 1.49143E+02 
3.74732E+02 6.75871E-04 3.06320E-01 1.41799E+02 
3.82227E+02 6.25217E-04 2.87151E-01 1.34544E+02 
3.89722E+02 5.77252E-04 2.68639E-01 1.27400E+02 
3.97216E+02 5.31938E-04 2.50811E-01 1.20385E+02 
4.04711E+02 4.89231E-04 2.33688E-01 1.13520E+02 
4.12206E+02 4.49073E-04 2.17287E-01 1.06822E+02 
4.19700E+02 4.11401E-04 2.01619E-01 1.00305E+02 
4.27195E+02 3.76143E-04 1.86691E-01 9.39839E+01 
4.34690E+02 3.43222E-04 1.72505E-01 8.78711E+01 
4.42184E+02 3.12554E-04 1.59060E-01 8.19769E+01 
4.49679E+02 2.84051E-04 1.46351E-01 7.63101E+01 
4.57174E+02 2.57623E-04 1.34369E-01 7.08776E+01 
4.64668E+02 2.33174E-04 1.23102E-01 6.56846E+01 
4.72163E+02 2.10610E-04 1.12534E-01 6.07348E+01 
4.79658E+02 1.89834E-04 1.02647E-01 5.60301E+01 
4.87152E+02 1.70748E-04 9.34219E-02 5.15710E+01 
4.94647E+02 1.53256E-04 8.48360E-02 4.73566E+01 
5.02141E+02 1.37262E-04 7.68653E-02 4.33844E+01 
5.09636E+02 1.22671E-04 6.94847E-02 3.96510E+01 
5.17131E+02 1.09391E-04 6.26679E-02 3.61517E+01 
5.24625E+02 9.73323E-05 5.63876E-02 3.28808E+01 
5.32120E+02 8.64084E-05 5.06164E-02 2.98317E+01 
5.39615E+02 7.65352E-05 4.53263E-02 2.69972E+01 
5.47109E+02 6.76323E-05 4.04894E-02 2.43693E+01 
5.54604E+02 5.96230E-05 3.60779E-02 2.19395E+01 
5.62099E+02 5.24343E-05 3.20646E-02 1.96989E+01 
5.69593E+02 4.59971E-05 2.84226E-02 1.76383E+01 
5.77088E+02 4.02462E-05 2.51258E-02 1.57483E+01 
5.84583E+02 3.51204E-05 2.21489E-02 1.40194E+01 
5.92077E+02 3.05623E-05 1.94676E-02 1.24421E+01 
5.99572E+02 2.65184E-05 1.70584E-02 1.10068E+01 
6.07067E+02 2.29391E-05 1.48992E-02 9.70427E+00 
6.14561E+02 1.97783E-05 1.29688E-02 8.52527E+00 
6.22056E+02 1.69935E-05 1.12472E-02 7.46090E+00 
6.29550E+02 1.45458E-05 9.71554E-03 6.50252E+00 
6.37045E+02 1.23992E-05 8.35630E-03 5.64182E+00 
6.44540E+02 1.05211E-05 7.15301E-03 4.87085E+00 
6.52034E+02 8.88181E-06 6.09040E-03 4.18206E+00 
6.59529E+02 7.45418E-06 5.15432E-03 3.56827E+00 
6.67024E+02 6.21379E-06 4.33170E-03 3.02272E+00 
6.74518E+02 5.13860E-06 3.61059E-03 2.53907E+00 
6.82013E+02 4.20874E-06 2.97999E-03 2.11141E+00 
6.89508E+02 3.40645E-06 2.42988E-03 1.73422E+00 
6.97002E+02 2.71583E-06 1.95117E-03 1.40239E+00 
7.04497E+02 2.12271E-06 1.53560E-03 1.11121E+00 
7.11992E+02 1.61450E-06 1.17571E-03 8.56361E-01 
7.19486E+02 1.18007E-06 8.64816E-04 6.33869E-01 
7.26981E+02 8.09559E-07 5.96888E-04 4.40119E-01 
7.34476E+02 4.94295E-07 3.66548E-04 2.71825E-01 
7.41970E+02 2.26667E-07 1.69006E-04 1.26014E-01 
