100 2 
0.00000E+00 3.81164E-03 1.00583E+00 3.28341E+02 
7.68880E+00 3.80942E-03 1.00582E+00 3.28340E+02 
1.53776E+01 3.80277E-03 1.00574E+00 3.28340E+02 
2.30664E+01 3.79171E-03 1.00553E+00 3.28335E+02 
3.07552E+01 3.77625E-03 1.00511E+00 3.28324E+02 
3.84440E+01 3.75644E-03 1.00442E+00 3.28300E+02 
4.61328E+01 3.73231E-03 1.00340E+00 3.28256E+02 
5.38216E+01 3.70393E-03 1.00198E+00 3.28185E+02 
6.15104E+01 3.67136E-03 1.00009E+00 3.28076E+02 
6.91992E+01 3.63468E-03 9.97694E-01 3.27919E+02 
7.68880E+01 3.59397E-03 9.94718E-01 3.27701E+02 
8.45768E+01 3.54933E-03 9.91112E-01 3.27410E+02 
9.22656E+01 3.50087E-03 9.86825E-01 3.27030E+02 
9.99544E+01 3.44872E-03 9.81810E-01 3.26548E+02 
1.07643E+02 3.39299E-03 9.76023E-01 3.25947E+02 
1.15332E+02 3.33385E-03 9.69427E-01 3.25211E+02 
1.23021E+02 3.27143E-03 9.61987E-01 3.24323E+02 
1.30710E+02 3.20591E-03 9.53672E-01 3.23268E+02 
1.38398E+02 3.13746E-03 9.44460E-01 3.22028E+02 
1.46087E+02 3.06627E-03 9.34332E-01 3.20587E+02 
1.53776E+02 2.99252E-03 9.23274E-01 3.18928E+02 
1.61465E+02 2.91644E-03 9.11279E-01 3.17037E+02 
1.69154E+02 2.83822E-03 8.98348E-01 3.14899E+02 
1.76842E+02 2.75809E-03 8.84484E-01 3.12500E+02 
1.84531E+02 2.67627E-03 8.69700E-01 3.09828E+02 
1.92220E+02 2.59300E-03 8.54013E-01 3.06872E+02 
1.99909E+02 2.50851E-03 8.37447E-01 3.03624E+02 
2.07598E+02 2.42305E-03 8.20033E-01 3.00075E+02 
2.15286E+02 2.33685E-03 8.01806E-01 2.96220E+02 
2.22975E+02 2.25015E-03 7.82808E-01 2.92057E+02 
2.30664E+02 2.16320E-03 7.63086E-01 2.87583E+02 
2.38353E+02 2.07624E-03 7.42693E-01 2.82800E+02 
2.46042E+02 1.98950E-03 7.21685E-01 2.77712E+02 
2.53730E+02 1.90321E-03 7.00124E-01 2.72324E+02 
2.61419E+02 1.81760E-03 6.78073E-01 2.66644E+02 
2.69108E+02 1.73288E-03 6.55601E-01 2.60682E+02 
2.76797E+02 1.64927E-03 6.32778E-01 2.54453E+02 
2.84486E+02 1.56695E-03 6.09677E-01 2.47969E+02 
2.92174E+02 1.48612E-03 5.86372E-01 2.41250E+02 
2.99863E+02 1.40694E-03 5.62936E-01 2.34312E+02 
3.07552E+02 1.32959E-03 5.39445E-01 2.27178E+02 
3.15241E+02 1.25421E-03 5.15972E-01 2.19868E+02 
3.22930E+02 1.18093E-03 4.92591E-01 2.12408E+02 
3.30618E+02 1.10987E-03 4.69372E-01 2.04821E+02 
3.38307E+02 1.04114E-03 4.46385E-01 1.97133E+02 
3.45996E+02 9.74819E-04 4.23696E-01 1.89370E+02 
3.53685E+02 9.10990E-04 4.01368E-01 1.81559E+02 
3.61374E+02 8.49707E-04 3.79459E-01 1.73726E+02 
3.69062E+02 7.91015E-04 3.58025E-01 1.65898E+02 
3.76751E+02 7.34941E-04 3.37117E-01 1.58102E+02 
3.84440E+02 6.81502E-04 3.16780E-01 1.50362E+02 
3.92129E+02 6.30697E-04 2.97055E-01 1.42703E+02 
3.99818E+02 5.82517E-04 2.77979E-01 1.35150E+02 
4.07506E+02 5.36937E-04 2.59581E-01 1.27724E+02 
4.15195E+02 4.93923E-04 2.41889E-01 1.20447E+02 
4.22884E+02 4.53430E-04 2.24922E-01 1.13338E+02 
4.30573E+02 4.15403E-04 2.08697E-01 1.06414E+02 
4.38262E+02 3.79780E-04 1.93223E-01 9.96927E+01 
4.45950E+02 3.46490E-04 1.78507E-01 9.31870E+01 
4.53639E+02 3.15456E-04 1.64549E-01 8.69096E+01 
4.61328E+02 2.86597E-04 1.51348E-01 8.08706E+01 
4.69017E+02 2.59825E-04 1.38895E-01 7.50786E+01 
4.76706E+02 2.35050E-04 1.27182E-01 6.95401E+01 
4.84394E+02 2.12179E-04 1.16192E-01 6.42596E+01 
4.92083E+02 1.91118E-04 1.05910E-01 5.92401E+01 
4.99772E+02 1.71770E-04 9.63165E-02 5.44826E+01 
5.07461E+02 1.54040E-04 8.73883E-02 4.99866E+01 
5.15150E+02 1.37832E-04 7.91019E-02 4.57502E+01 
5.22839E+02 1.23051E-04 7.14317E-02 4.17697E+01 
5.30527E+02 1.09605E-04 6.43507E-02 3.80407E+01 
5.38216E+02 9.74028E-05 5.78311E-02 3.45571E+01 
5.45905E+02 8.63567E-05 5.18442E-02 3.13122E+01 
5.53594E+02 7.63815E-05 4.63610E-02 2.82981E+01 
5.61282E+02 6.73953E-05 4.13523E-02 2.55064E+01 
5.68971E+02 5.93197E-05 3.67892E-02 2.29279E+01 
5.76660E+02 5.20804E-05 3.26428E-02 2.05531E+01 
5.84349E+02 4.56064E-05 2.88851E-02 1.83720E+01 
5.92038E+02 3.98309E-05 2.54885E-02 1.63743E+01 
5.99727E+02 3.46912E-05 2.24262E-02 1.45498E+01 
6.07415E+02 3.01286E-05 1.96727E-02 1.28880E+01 
6.15104E+02 2.60879E-05 1.72031E-02 1.13786E+01 
6.22793E+02 2.25183E-05 1.49940E-02 1.00115E+01 
6.30482E+02 1.93726E-05 1.30230E-02 8.77651E+00 
6.38171E+02 1.66071E-05 1.12690E-02 7.66404E+00 
6.45859E+02 1.41819E-05 9.71220E-03 6.66465E+00 
6.53548E+02 1.20602E-05 8.33393E-03 5.76929E+00 
6.61237E+02 1.02086E-05 7.11687E-03 4.96931E+00 
6.68926E+02 8.59668E-06 6.04496E-03 4.25648E+00 
6.76615E+02 7.19682E-06 5.10330E-03 3.62305E+00 
6.84303E+02 5.98408E-06 4.27819E-03 3.06166E+00 
6.91992E+02 4.93602E-06 3.55707E-03 2.56549E+00 
6.99681E+02 4.03249E-06 2.92845E-03 2.12812E+00 
7.07370E+02 3.25544E-06 2.38185E-03 1.74363E+00 
7.15059E+02 2.58882E-06 1.90780E-03 1.40652E+00 
7.22747E+02 2.01831E-06 1.49772E-03 1.11175E+00 
7.30436E+02 1.53126E-06 1.14389E-03 8.54691E-01 
7.38125E+02 1.11646E-06 8.39352E-04 6.31107E-01 
7.45814E+02 7.64071E-07 5.77925E-04 4.37162E-01 
7.53503E+02 4.65422E-07 3.54072E-04 2.69372E-01 
7.61191E+02 2.12935E-07 1.62880E-04 1.24592E-01 
