100 2 
0.00000E+00 3.90802E-03 1.00580E+00 3.21472E+02 
7.58037E+00 3.90564E-03 1.00579E+00 3.21472E+02 
1.51607E+01 3.89851E-03 1.00571E+00 3.21471E+02 
2.27411E+01 3.88665E-03 1.00548E+00 3.21466E+02 
3.03215E+01 3.87009E-03 1.00504E+00 3.21455E+02 
3.79018E+01 3.84887E-03 1.00431E+00 3.21430E+02 
4.54822E+01 3.82305E-03 1.00323E+00 3.21384E+02 
5.30626E+01 3.79270E-03 1.00173E+00 3.21310E+02 
6.06429E+01 3.75790E-03 9.99750E-01 3.21197E+02 
6.82233E+01 3.71874E-03 9.97224E-01 3.21034E+02 
7.58037E+01 3.67534E-03 9.94096E-01 3.20808E+02 
8.33841E+01 3.62780E-03 9.90310E-01 3.20507E+02 
9.09644E+01 3.57627E-03 9.85815E-01 3.20114E+02 
9.85448E+01 3.52088E-03 9.80564E-01 3.19616E+02 
1.06125E+02 3.46180E-03 9.74515E-01 3.18997E+02 
1.13706E+02 3.39918E-03 9.67630E-01 3.18240E+02 
1.21286E+02 3.33321E-03 9.59877E-01 3.17328E+02 
1.28866E+02 3.26407E-03 9.51228E-01 3.16246E+02 
1.36447E+02 3.19197E-03 9.41661E-01 3.14976E+02 
1.44027E+02 3.11712E-03 9.31163E-01 3.13503E+02 
1.51607E+02 3.03973E-03 9.19721E-01 3.11811E+02 
1.59188E+02 2.96003E-03 9.07335E-01 3.09886E+02 
1.66768E+02 2.87825E-03 8.94005E-01 3.07713E+02 
1.74348E+02 2.79463E-03 8.79743E-01 3.05280E+02 
1.81929E+02 2.70942E-03 8.64563E-01 3.02575E+02 
1.89509E+02 2.62287E-03 8.48488E-01 2.99589E+02 
1.97090E+02 2.53523E-03 8.31545E-01 2.96313E+02 
2.04670E+02 2.44674E-03 8.13770E-01 2.92742E+02 
2.12250E+02 2.35766E-03 7.95201E-01 2.88871E+02 
2.19831E+02 2.26825E-03 7.75884E-01 2.84697E+02 
2.27411E+02 2.17875E-03 7.55870E-01 2.80221E+02 
2.34991E+02 2.08941E-03 7.35213E-01 2.75445E+02 
2.42572E+02 2.00046E-03 7.13974E-01 2.70373E+02 
2.50152E+02 1.91213E-03 6.92215E-01 2.65012E+02 
2.57733E+02 1.82466E-03 6.70002E-01 2.59371E+02 
2.65313E+02 1.73825E-03 6.47406E-01 2.53461E+02 
2.72893E+02 1.65312E-03 6.24496E-01 2.47296E+02 
2.80474E+02 1.56945E-03 6.01347E-01 2.40891E+02 
2.88054E+02 1.48742E-03 5.78031E-01 2.34263E+02 
2.95634E+02 1.40721E-03 5.54622E-01 2.27431E+02 
3.03215E+02 1.32896E-03 5.31195E-01 2.20417E+02 
3.10795E+02 1.25282E-03 5.07821E-01 2.13241E+02 
3.18375E+02 1.17891E-03 4.84572E-01 2.05927E+02 
3.25956E+02 1.10735E-03 4.61518E-01 1.98500E+02 
3.33536E+02 1.03822E-03 4.38724E-01 1.90984E+02 
3.41117E+02 9.71603E-04 4.16255E-01 1.83405E+02 
3.48697E+02 9.07567E-04 3.94170E-01 1.75788E+02 
3.56277E+02 8.46157E-04 3.72525E-01 1.68159E+02 
3.63858E+02 7.87409E-04 3.51374E-01 1.60543E+02 
3.71438E+02 7.31341E-04 3.30762E-01 1.52965E+02 
3.79018E+02 6.77960E-04 3.10734E-01 1.45451E+02 
3.86599E+02 6.27259E-04 2.91327E-01 1.38022E+02 
3.94179E+02 5.79218E-04 2.72574E-01 1.30701E+02 
4.01760E+02 5.33806E-04 2.54503E-01 1.23510E+02 
4.09340E+02 4.90983E-04 2.37137E-01 1.16468E+02 
4.16920E+02 4.50696E-04 2.20496E-01 1.09593E+02 
4.24501E+02 4.12887E-04 2.04590E-01 1.02902E+02 
4.32081E+02 3.77486E-04 1.89430E-01 9.64096E+01 
4.39661E+02 3.44421E-04 1.75019E-01 9.01288E+01 
4.47242E+02 3.13609E-04 1.61357E-01 8.40708E+01 
4.54822E+02 2.84966E-04 1.48439E-01 7.82450E+01 
4.62402E+02 2.58402E-04 1.36258E-01 7.26590E+01 
4.69983E+02 2.33825E-04 1.24802E-01 6.73186E+01 
4.77563E+02 2.11141E-04 1.14056E-01 6.22279E+01 
4.85144E+02 1.90253E-04 1.04002E-01 5.73890E+01 
4.92724E+02 1.71064E-04 9.46215E-02 5.28029E+01 
5.00304E+02 1.53480E-04 8.58914E-02 4.84686E+01 
5.07885E+02 1.37402E-04 7.77878E-02 4.43841E+01 
5.15465E+02 1.22738E-04 7.02854E-02 4.05456E+01 
5.23045E+02 1.09395E-04 6.33577E-02 3.69487E+01 
5.30626E+02 9.72822E-05 5.69770E-02 3.35875E+01 
5.38206E+02 8.63127E-05 5.11154E-02 3.04553E+01 
5.45787E+02 7.64021E-05 4.57446E-02 2.75446E+01 
5.53367E+02 6.74694E-05 4.08360E-02 2.48473E+01 
5.60947E+02 5.94372E-05 3.63614E-02 2.23545E+01 
5.68528E+02 5.22319E-05 3.22928E-02 2.00570E+01 
5.76108E+02 4.57837E-05 2.86028E-02 1.79454E+01 
5.83688E+02 4.00267E-05 2.52647E-02 1.60099E+01 
5.91269E+02 3.48990E-05 2.22527E-02 1.42406E+01 
5.98849E+02 3.03427E-05 1.95418E-02 1.26276E+01 
6.06430E+02 2.63036E-05 1.71080E-02 1.11611E+01 
6.14010E+02 2.27317E-05 1.49286E-02 9.83130E+00 
6.21590E+02 1.95802E-05 1.29818E-02 8.62876E+00 
6.29171E+02 1.68064E-05 1.12474E-02 7.54418E+00 
6.36751E+02 1.43707E-05 9.70589E-03 6.56860E+00 
6.44331E+02 1.22371E-05 8.33938E-03 5.69340E+00 
6.51912E+02 1.03724E-05 7.13100E-03 4.91032E+00 
6.59492E+02 8.74666E-06 6.06515E-03 4.21152E+00 
6.67072E+02 7.33262E-06 5.12738E-03 3.58959E+00 
6.74653E+02 6.10563E-06 4.30434E-03 3.03751E+00 
6.82233E+02 5.04346E-06 3.58382E-03 2.54874E+00 
6.89814E+02 4.12615E-06 2.95461E-03 2.11714E+00 
6.97394E+02 3.33583E-06 2.40651E-03 1.73703E+00 
7.04974E+02 2.65653E-06 1.93026E-03 1.40313E+00 
7.12555E+02 2.07404E-06 1.51747E-03 1.11060E+00 
7.20135E+02 1.57574E-06 1.16057E-03 8.54967E-01 
7.27715E+02 1.15048E-06 8.52756E-04 6.32163E-01 
7.35296E+02 7.88417E-07 5.87940E-04 4.38474E-01 
7.42876E+02 4.80888E-07 3.60682E-04 2.70532E-01 
7.50456E+02 2.20295E-07 1.66133E-04 1.25288E-01 
