100 2 
0.00000E+00 3.94623E-03 1.00579E+00 3.18815E+02 
7.53741E+00 3.94379E-03 1.00578E+00 3.18815E+02 
1.50748E+01 3.93647E-03 1.00569E+00 3.18814E+02 
2.26122E+01 3.92430E-03 1.00546E+00 3.18810E+02 
3.01496E+01 3.90730E-03 1.00501E+00 3.18797E+02 
3.76871E+01 3.88553E-03 1.00426E+00 3.18772E+02 
4.52245E+01 3.85904E-03 1.00316E+00 3.18726E+02 
5.27619E+01 3.82792E-03 1.00164E+00 3.18651E+02 
6.02993E+01 3.79224E-03 9.99616E-01 3.18537E+02 
6.78367E+01 3.75211E-03 9.97043E-01 3.18371E+02 
7.53741E+01 3.70765E-03 9.93856E-01 3.18143E+02 
8.29115E+01 3.65898E-03 9.90001E-01 3.17837E+02 
9.04489E+01 3.60623E-03 9.85427E-01 3.17440E+02 
9.79864E+01 3.54958E-03 9.80087E-01 3.16937E+02 
1.05524E+02 3.48917E-03 9.73938E-01 3.16310E+02 
1.13061E+02 3.42519E-03 9.66943E-01 3.15545E+02 
1.20599E+02 3.35782E-03 9.59070E-01 3.14625E+02 
1.28136E+02 3.28726E-03 9.50293E-01 3.13533E+02 
1.35673E+02 3.21373E-03 9.40592E-01 3.12253E+02 
1.43211E+02 3.13744E-03 9.29953E-01 3.10769E+02 
1.50748E+02 3.05862E-03 9.18366E-01 3.09065E+02 
1.58286E+02 2.97750E-03 9.05831E-01 3.07127E+02 
1.65823E+02 2.89433E-03 8.92351E-01 3.04942E+02 
1.73360E+02 2.80935E-03 8.77938E-01 3.02497E+02 
1.80898E+02 2.72281E-03 8.62609E-01 2.99782E+02 
1.88435E+02 2.63497E-03 8.46387E-01 2.96786E+02 
1.95973E+02 2.54609E-03 8.29303E-01 2.93501E+02 
2.03510E+02 2.45642E-03 8.11392E-01 2.89923E+02 
2.11048E+02 2.36622E-03 7.92695E-01 2.86047E+02 
2.18585E+02 2.27574E-03 7.73259E-01 2.81872E+02 
2.26122E+02 2.18524E-03 7.53135E-01 2.77397E+02 
2.33660E+02 2.09496E-03 7.32381E-01 2.72625E+02 
2.41197E+02 2.00514E-03 7.11056E-01 2.67562E+02 
2.48735E+02 1.91602E-03 6.89224E-01 2.62213E+02 
2.56272E+02 1.82782E-03 6.66953E-01 2.56589E+02 
2.63809E+02 1.74074E-03 6.44312E-01 2.50702E+02 
2.71347E+02 1.65501E-03 6.21372E-01 2.44563E+02 
2.78884E+02 1.57080E-03 5.98207E-01 2.38190E+02 
2.86422E+02 1.48830E-03 5.74889E-01 2.31599E+02 
2.93959E+02 1.40768E-03 5.51493E-01 2.24810E+02 
3.01496E+02 1.32908E-03 5.28092E-01 2.17843E+02 
3.09034E+02 1.25263E-03 5.04759E-01 2.10720E+02 
3.16571E+02 1.17847E-03 4.81562E-01 2.03464E+02 
3.24109E+02 1.10670E-03 4.58572E-01 1.96099E+02 
3.31646E+02 1.03740E-03 4.35853E-01 1.88651E+02 
3.39184E+02 9.70660E-04 4.13468E-01 1.81143E+02 
3.46721E+02 9.06531E-04 3.91477E-01 1.73601E+02 
3.54258E+02 8.45061E-04 3.69934E-01 1.66051E+02 
3.61796E+02 7.86278E-04 3.48890E-01 1.58517E+02 
3.69333E+02 7.30201E-04 3.28391E-01 1.51024E+02 
3.76871E+02 6.76830E-04 3.08480E-01 1.43595E+02 
3.84408E+02 6.26156E-04 2.89194E-01 1.36254E+02 
3.91945E+02 5.78157E-04 2.70563E-01 1.29023E+02 
3.99483E+02 5.32799E-04 2.52616E-01 1.21921E+02 
4.07020E+02 4.90038E-04 2.35374E-01 1.14969E+02 
4.14558E+02 4.49820E-04 2.18855E-01 1.08183E+02 
4.22095E+02 4.12084E-04 2.03070E-01 1.01581E+02 
4.29632E+02 3.76759E-04 1.88028E-01 9.51752E+01 
4.37170E+02 3.43769E-04 1.73731E-01 8.89796E+01 
4.44707E+02 3.13033E-04 1.60180E-01 8.30048E+01 
4.52245E+02 2.84464E-04 1.47369E-01 7.72597E+01 
4.59782E+02 2.57971E-04 1.35289E-01 7.17517E+01 
4.67320E+02 2.33462E-04 1.23929E-01 6.64862E+01 
4.74857E+02 2.10841E-04 1.13274E-01 6.14670E+01 
4.82394E+02 1.90012E-04 1.03306E-01 5.66964E+01 
4.89932E+02 1.70878E-04 9.40044E-02 5.21749E+01 
4.97469E+02 1.53342E-04 8.53479E-02 4.79015E+01 
5.05007E+02 1.37309E-04 7.73123E-02 4.38741E+01 
5.12544E+02 1.22683E-04 6.98722E-02 4.00892E+01 
5.20081E+02 1.09374E-04 6.30011E-02 3.65419E+01 
5.27619E+02 9.72904E-05 5.66719E-02 3.32267E+01 
5.35156E+02 8.63455E-05 5.08566E-02 3.01368E+01 
5.42694E+02 7.64552E-05 4.55271E-02 2.72649E+01 
5.50231E+02 6.75389E-05 4.06552E-02 2.46029E+01 
5.57768E+02 5.95195E-05 3.62130E-02 2.21422E+01 
5.65306E+02 5.23237E-05 3.21728E-02 1.98737E+01 
5.72843E+02 4.58821E-05 2.85075E-02 1.77881E+01 
5.80381E+02 4.01292E-05 2.51907E-02 1.58758E+01 
5.87918E+02 3.50033E-05 2.21968E-02 1.41271E+01 
5.95456E+02 3.04469E-05 1.95012E-02 1.25323E+01 
6.02993E+02 2.64061E-05 1.70802E-02 1.10818E+01 
6.10530E+02 2.28311E-05 1.49113E-02 9.76589E+00 
6.18068E+02 1.96755E-05 1.29730E-02 8.57538E+00 
6.25605E+02 1.68967E-05 1.12453E-02 7.50113E+00 
6.33143E+02 1.44554E-05 9.70902E-03 6.53436E+00 
6.40680E+02 1.23157E-05 8.34638E-03 5.66658E+00 
6.48217E+02 1.04446E-05 7.14076E-03 4.88972E+00 
6.55755E+02 8.81244E-06 6.07672E-03 4.19606E+00 
6.63292E+02 7.39187E-06 5.13995E-03 3.57832E+00 
6.70830E+02 6.15841E-06 4.31727E-03 3.02960E+00 
6.78367E+02 5.08993E-06 3.59657E-03 2.54348E+00 
6.85904E+02 4.16653E-06 2.96678E-03 2.11393E+00 
6.93442E+02 3.37039E-06 2.41777E-03 1.73534E+00 
7.00979E+02 2.68556E-06 1.94037E-03 1.40254E+00 
7.08517E+02 2.09788E-06 1.52626E-03 1.11073E+00 
7.16054E+02 1.59474E-06 1.16793E-03 8.55529E-01 
7.23592E+02 1.16499E-06 8.58628E-04 6.32916E-01 
7.31129E+02 7.98789E-07 5.92303E-04 4.39227E-01 
7.38666E+02 4.87467E-07 3.63545E-04 2.71136E-01 
7.46204E+02 2.23422E-07 1.67537E-04 1.25631E-01 
