100 2 
0.00000E+00 3.73147E-03 1.00586E+00 3.34249E+02 
7.77937E+00 3.72938E-03 1.00585E+00 3.34249E+02 
1.55587E+01 3.72314E-03 1.00577E+00 3.34248E+02 
2.33381E+01 3.71274E-03 1.00556E+00 3.34244E+02 
3.11175E+01 3.69820E-03 1.00517E+00 3.34233E+02 
3.88969E+01 3.67957E-03 1.00451E+00 3.34210E+02 
4.66762E+01 3.65686E-03 1.00354E+00 3.34168E+02 
5.44556E+01 3.63013E-03 1.00218E+00 3.34099E+02 
6.22350E+01 3.59943E-03 1.00039E+00 3.33994E+02 
7.00143E+01 3.56481E-03 9.98098E-01 3.33842E+02 
7.77937E+01 3.52636E-03 9.95253E-01 3.33632E+02 
8.55731E+01 3.48414E-03 9.91803E-01 3.33350E+02 
9.33525E+01 3.43826E-03 9.87696E-01 3.32982E+02 
1.01132E+02 3.38882E-03 9.82885E-01 3.32513E+02 
1.08911E+02 3.33592E-03 9.77327E-01 3.31929E+02 
1.16691E+02 3.27969E-03 9.70982E-01 3.31213E+02 
1.24470E+02 3.22026E-03 9.63814E-01 3.30348E+02 
1.32249E+02 3.15777E-03 9.55792E-01 3.29318E+02 
1.40029E+02 3.09239E-03 9.46889E-01 3.28105E+02 
1.47808E+02 3.02428E-03 9.37085E-01 3.26694E+02 
1.55587E+02 2.95361E-03 9.26363E-01 3.25066E+02 
1.63367E+02 2.88056E-03 9.14712E-01 3.23208E+02 
1.71146E+02 2.80534E-03 9.02130E-01 3.21103E+02 
1.78926E+02 2.72815E-03 8.88617E-01 3.18737E+02 
1.86705E+02 2.64920E-03 8.74182E-01 3.16097E+02 
1.94484E+02 2.56870E-03 8.58838E-01 3.13172E+02 
2.02264E+02 2.48688E-03 8.42606E-01 3.09952E+02 
2.10043E+02 2.40396E-03 8.25513E-01 3.06427E+02 
2.17822E+02 2.32019E-03 8.07591E-01 3.02593E+02 
2.25602E+02 2.23579E-03 7.88879E-01 2.98444E+02 
2.33381E+02 2.15100E-03 7.69420E-01 2.93977E+02 
2.41161E+02 2.06606E-03 7.49264E-01 2.89195E+02 
2.48940E+02 1.98118E-03 7.28467E-01 2.84098E+02 
2.56719E+02 1.89662E-03 7.07086E-01 2.78692E+02 
2.64499E+02 1.81258E-03 6.85184E-01 2.72984E+02 
2.72278E+02 1.72928E-03 6.62830E-01 2.66984E+02 
2.80057E+02 1.64694E-03 6.40091E-01 2.60704E+02 
2.87837E+02 1.56576E-03 6.17041E-01 2.54159E+02 
2.95616E+02 1.48593E-03 5.93752E-01 2.47364E+02 
3.03395E+02 1.40762E-03 5.70300E-01 2.40340E+02 
3.11175E+02 1.33101E-03 5.46760E-01 2.33107E+02 
3.18954E+02 1.25625E-03 5.23207E-01 2.25686E+02 
3.26734E+02 1.18348E-03 4.99716E-01 2.18102E+02 
3.34513E+02 1.11284E-03 4.76359E-01 2.10380E+02 
3.42292E+02 1.04442E-03 4.53208E-01 2.02546E+02 
3.50072E+02 9.78329E-04 4.30331E-01 1.94626E+02 
3.57851E+02 9.14650E-04 4.07793E-01 1.86649E+02 
3.65630E+02 8.53449E-04 3.85655E-01 1.78641E+02 
3.73410E+02 7.94776E-04 3.63976E-01 1.70631E+02 
3.81189E+02 7.38669E-04 3.42808E-01 1.62645E+02 
3.88969E+02 6.85150E-04 3.22201E-01 1.54709E+02 
3.96748E+02 6.34228E-04 3.02198E-01 1.46851E+02 
4.04527E+02 5.85899E-04 2.82837E-01 1.39095E+02 
4.12307E+02 5.40146E-04 2.64152E-01 1.31464E+02 
4.20086E+02 4.96940E-04 2.46172E-01 1.23981E+02 
4.27865E+02 4.56240E-04 2.28918E-01 1.16667E+02 
4.35645E+02 4.17999E-04 2.12409E-01 1.09539E+02 
4.43424E+02 3.82157E-04 1.96656E-01 1.02616E+02 
4.51204E+02 3.48648E-04 1.81669E-01 9.59123E+01 
4.58983E+02 3.17398E-04 1.67448E-01 8.94413E+01 
4.66762E+02 2.88327E-04 1.53994E-01 8.32141E+01 
4.74542E+02 2.61353E-04 1.41299E-01 7.72399E+01 
4.82321E+02 2.36385E-04 1.29355E-01 7.15260E+01 
4.90100E+02 2.13332E-04 1.18148E-01 6.60774E+01 
4.97880E+02 1.92102E-04 1.07662E-01 6.08976E+01 
5.05659E+02 1.72597E-04 9.78760E-02 5.59879E+01 
5.13438E+02 1.54724E-04 8.87697E-02 5.13482E+01 
5.21218E+02 1.38386E-04 8.03185E-02 4.69766E+01 
5.28997E+02 1.23489E-04 7.24968E-02 4.28698E+01 
5.36777E+02 1.09939E-04 6.52774E-02 3.90230E+01 
5.44556E+02 9.76466E-05 5.86319E-02 3.54304E+01 
5.52335E+02 8.65216E-05 5.25312E-02 3.20849E+01 
5.60115E+02 7.64787E-05 4.69458E-02 2.89784E+01 
5.67894E+02 6.74354E-05 4.18459E-02 2.61024E+01 
5.75673E+02 5.93124E-05 3.72019E-02 2.34473E+01 
5.83453E+02 5.20343E-05 3.29843E-02 2.10032E+01 
5.91232E+02 4.55294E-05 2.91642E-02 1.87597E+01 
5.99012E+02 3.97303E-05 2.57134E-02 1.67063E+01 
6.06791E+02 3.45732E-05 2.26046E-02 1.48322E+01 
6.14570E+02 2.99985E-05 1.98113E-02 1.31266E+01 
6.22350E+02 2.59505E-05 1.73081E-02 1.15787E+01 
6.30129E+02 2.23776E-05 1.50709E-02 1.01778E+01 
6.37908E+02 1.92319E-05 1.30767E-02 8.91359E+00 
6.45688E+02 1.64691E-05 1.13038E-02 7.77590E+00 
6.53467E+02 1.40489E-05 9.73185E-03 6.75493E+00 
6.61247E+02 1.19339E-05 8.34173E-03 5.84123E+00 
6.69026E+02 1.00903E-05 7.11567E-03 5.02583E+00 
6.76805E+02 8.48730E-06 6.03713E-03 4.30016E+00 
6.84585E+02 7.09697E-06 5.09087E-03 3.65613E+00 
6.92364E+02 5.89411E-06 4.26284E-03 3.08612E+00 
7.00143E+02 4.85603E-06 3.54017E-03 2.58303E+00 
7.07923E+02 3.96240E-06 2.91112E-03 2.14021E+00 
7.15702E+02 3.19504E-06 2.36498E-03 1.75151E+00 
7.23482E+02 2.53776E-06 1.89207E-03 1.41125E+00 
7.31261E+02 1.97617E-06 1.48364E-03 1.11421E+00 
7.39040E+02 1.49753E-06 1.13182E-03 8.55604E-01 
7.46820E+02 1.09061E-06 8.29554E-04 6.31071E-01 
7.54599E+02 7.45534E-07 5.70539E-04 4.36652E-01 
7.62378E+02 4.53629E-07 3.49164E-04 2.68764E-01 
7.70158E+02 2.07317E-07 1.60450E-04 1.24179E-01 
