100 2 
0.00000E+00 3.73416E-03 1.00586E+00 3.34048E+02 
7.77632E+00 3.73207E-03 1.00584E+00 3.34048E+02 
1.55526E+01 3.72581E-03 1.00577E+00 3.34047E+02 
2.33290E+01 3.71539E-03 1.00556E+00 3.34043E+02 
3.11053E+01 3.70082E-03 1.00516E+00 3.34032E+02 
3.88816E+01 3.68215E-03 1.00451E+00 3.34008E+02 
4.66579E+01 3.65939E-03 1.00353E+00 3.33966E+02 
5.44343E+01 3.63261E-03 1.00218E+00 3.33898E+02 
6.22106E+01 3.60184E-03 1.00038E+00 3.33793E+02 
6.99869E+01 3.56715E-03 9.98084E-01 3.33641E+02 
7.77632E+01 3.52862E-03 9.95235E-01 3.33430E+02 
8.55396E+01 3.48633E-03 9.91779E-01 3.33147E+02 
9.33159E+01 3.44036E-03 9.87666E-01 3.32779E+02 
1.01092E+02 3.39083E-03 9.82849E-01 3.32310E+02 
1.08869E+02 3.33783E-03 9.77283E-01 3.31725E+02 
1.16645E+02 3.28150E-03 9.70929E-01 3.31008E+02 
1.24421E+02 3.22197E-03 9.63752E-01 3.30143E+02 
1.32197E+02 3.15939E-03 9.55720E-01 3.29112E+02 
1.39974E+02 3.09390E-03 9.46807E-01 3.27898E+02 
1.47750E+02 3.02568E-03 9.36991E-01 3.26485E+02 
1.55526E+02 2.95491E-03 9.26257E-01 3.24857E+02 
1.63303E+02 2.88176E-03 9.14595E-01 3.22997E+02 
1.71079E+02 2.80644E-03 9.02001E-01 3.20891E+02 
1.78855E+02 2.72915E-03 8.88476E-01 3.18524E+02 
1.86632E+02 2.65010E-03 8.74029E-01 3.15883E+02 
1.94408E+02 2.56951E-03 8.58673E-01 3.12957E+02 
2.02184E+02 2.48759E-03 8.42430E-01 3.09736E+02 
2.09961E+02 2.40460E-03 8.25325E-01 3.06210E+02 
2.17737E+02 2.32074E-03 8.07393E-01 3.02375E+02 
2.25513E+02 2.23627E-03 7.88670E-01 2.98225E+02 
2.33290E+02 2.15140E-03 7.69203E-01 2.93759E+02 
2.41066E+02 2.06639E-03 7.49039E-01 2.88976E+02 
2.48842E+02 1.98145E-03 7.28234E-01 2.83879E+02 
2.56619E+02 1.89683E-03 7.06847E-01 2.78474E+02 
2.64395E+02 1.81273E-03 6.84940E-01 2.72767E+02 
2.72171E+02 1.72939E-03 6.62581E-01 2.66768E+02 
2.79948E+02 1.64701E-03 6.39840E-01 2.60490E+02 
2.87724E+02 1.56579E-03 6.16787E-01 2.53946E+02 
2.95500E+02 1.48592E-03 5.93498E-01 2.47155E+02 
3.03277E+02 1.40759E-03 5.70046E-01 2.40133E+02 
3.11053E+02 1.33095E-03 5.46508E-01 2.32903E+02 
3.18829E+02 1.25617E-03 5.22958E-01 2.25486E+02 
3.26606E+02 1.18339E-03 4.99470E-01 2.17907E+02 
3.34382E+02 1.11272E-03 4.76118E-01 2.10189E+02 
3.42158E+02 1.04430E-03 4.52973E-01 2.02360E+02 
3.49935E+02 9.78200E-04 4.30102E-01 1.94445E+02 
3.57711E+02 9.14516E-04 4.07571E-01 1.86474E+02 
3.65487E+02 8.53312E-04 3.85441E-01 1.78472E+02 
3.73263E+02 7.94639E-04 3.63770E-01 1.70468E+02 
3.81040E+02 7.38533E-04 3.42611E-01 1.62488E+02 
3.88816E+02 6.85018E-04 3.22013E-01 1.54560E+02 
3.96592E+02 6.34100E-04 3.02020E-01 1.46708E+02 
4.04369E+02 5.85777E-04 2.82669E-01 1.38959E+02 
4.12145E+02 5.40030E-04 2.63994E-01 1.31335E+02 
4.19921E+02 4.96830E-04 2.46023E-01 1.23859E+02 
4.27698E+02 4.56139E-04 2.28779E-01 1.16552E+02 
4.35474E+02 4.17905E-04 2.12280E-01 1.09431E+02 
4.43250E+02 3.82071E-04 1.96537E-01 1.02515E+02 
4.51027E+02 3.48569E-04 1.81559E-01 9.58181E+01 
4.58803E+02 3.17327E-04 1.67347E-01 8.93537E+01 
4.66579E+02 2.88264E-04 1.53902E-01 8.31330E+01 
4.74356E+02 2.61297E-04 1.41216E-01 7.71651E+01 
4.82132E+02 2.36336E-04 1.29280E-01 7.14572E+01 
4.89908E+02 2.13290E-04 1.18080E-01 6.60145E+01 
4.97685E+02 1.92065E-04 1.07600E-01 6.08401E+01 
5.05461E+02 1.72566E-04 9.78214E-02 5.59357E+01 
5.13237E+02 1.54698E-04 8.87213E-02 5.13010E+01 
5.21014E+02 1.38364E-04 8.02759E-02 4.69341E+01 
5.28790E+02 1.23472E-04 7.24595E-02 4.28317E+01 
5.36566E+02 1.09926E-04 6.52448E-02 3.89889E+01 
5.44343E+02 9.76363E-05 5.86037E-02 3.54001E+01 
5.52119E+02 8.65143E-05 5.25069E-02 3.20580E+01 
5.59895E+02 7.64739E-05 4.69251E-02 2.89548E+01 
5.67672E+02 6.74326E-05 4.18284E-02 2.60816E+01 
5.75448E+02 5.93114E-05 3.71872E-02 2.34292E+01 
5.83224E+02 5.20347E-05 3.29721E-02 2.09875E+01 
5.91001E+02 4.55310E-05 2.91542E-02 1.87462E+01 
5.98777E+02 3.97328E-05 2.57053E-02 1.66948E+01 
6.06553E+02 3.45764E-05 2.25981E-02 1.48224E+01 
6.14329E+02 3.00022E-05 1.98062E-02 1.31183E+01 
6.22106E+02 2.59545E-05 1.73042E-02 1.15717E+01 
6.29882E+02 2.23818E-05 1.50680E-02 1.01720E+01 
6.37658E+02 1.92362E-05 1.30746E-02 8.90878E+00 
6.45435E+02 1.64734E-05 1.13024E-02 7.77197E+00 
6.53211E+02 1.40530E-05 9.73099E-03 6.75174E+00 
6.60987E+02 1.19378E-05 8.34130E-03 5.83869E+00 
6.68764E+02 1.00940E-05 7.11557E-03 5.02383E+00 
6.76540E+02 8.49076E-06 6.03727E-03 4.29860E+00 
6.84316E+02 7.10015E-06 5.09118E-03 3.65494E+00 
6.92093E+02 5.89698E-06 4.26327E-03 3.08524E+00 
6.99869E+02 4.85859E-06 3.54067E-03 2.58239E+00 
7.07645E+02 3.96465E-06 2.91164E-03 2.13976E+00 
7.15422E+02 3.19698E-06 2.36550E-03 1.75121E+00 
7.23198E+02 2.53940E-06 1.89256E-03 1.41107E+00 
7.30974E+02 1.97752E-06 1.48408E-03 1.11411E+00 
7.38751E+02 1.49861E-06 1.13220E-03 8.55557E-01 
7.46527E+02 1.09145E-06 8.29864E-04 6.31061E-01 
7.54303E+02 7.46134E-07 5.70774E-04 4.36661E-01 
7.62080E+02 4.54011E-07 3.49321E-04 2.68780E-01 
7.69856E+02 2.07499E-07 1.60528E-04 1.24191E-01 
