100 2 
0.00000E+00 3.91220E-03 1.00580E+00 3.21179E+02 
7.57567E+00 3.90982E-03 1.00579E+00 3.21179E+02 
1.51513E+01 3.90267E-03 1.00570E+00 3.21178E+02 
2.27270E+01 3.89077E-03 1.00548E+00 3.21174E+02 
3.03027E+01 3.87416E-03 1.00503E+00 3.21162E+02 
3.78783E+01 3.85288E-03 1.00430E+00 3.21137E+02 
4.54540E+01 3.82699E-03 1.00322E+00 3.21092E+02 
5.30297E+01 3.79655E-03 1.00172E+00 3.21017E+02 
6.06053E+01 3.76166E-03 9.99735E-01 3.20904E+02 
6.81810E+01 3.72240E-03 9.97204E-01 3.20741E+02 
7.57567E+01 3.67887E-03 9.94069E-01 3.20515E+02 
8.33323E+01 3.63122E-03 9.90276E-01 3.20213E+02 
9.09080E+01 3.57955E-03 9.85772E-01 3.19820E+02 
9.84837E+01 3.52402E-03 9.80511E-01 3.19321E+02 
1.06059E+02 3.46479E-03 9.74451E-01 3.18701E+02 
1.13635E+02 3.40202E-03 9.67554E-01 3.17943E+02 
1.21211E+02 3.33590E-03 9.59788E-01 3.17030E+02 
1.28786E+02 3.26661E-03 9.51124E-01 3.15947E+02 
1.36362E+02 3.19435E-03 9.41543E-01 3.14676E+02 
1.43938E+02 3.11934E-03 9.31029E-01 3.13202E+02 
1.51513E+02 3.04179E-03 9.19571E-01 3.11509E+02 
1.59089E+02 2.96193E-03 9.07168E-01 3.09582E+02 
1.66665E+02 2.88000E-03 8.93822E-01 3.07407E+02 
1.74240E+02 2.79624E-03 8.79543E-01 3.04973E+02 
1.81816E+02 2.71088E-03 8.64347E-01 3.02267E+02 
1.89392E+02 2.62419E-03 8.48255E-01 2.99280E+02 
1.96967E+02 2.53641E-03 8.31297E-01 2.96003E+02 
2.04543E+02 2.44779E-03 8.13506E-01 2.92431E+02 
2.12119E+02 2.35859E-03 7.94923E-01 2.88559E+02 
2.19694E+02 2.26906E-03 7.75593E-01 2.84385E+02 
2.27270E+02 2.17945E-03 7.55567E-01 2.79909E+02 
2.34846E+02 2.09000E-03 7.34899E-01 2.75134E+02 
2.42421E+02 2.00096E-03 7.13650E-01 2.70062E+02 
2.49997E+02 1.91255E-03 6.91883E-01 2.64703E+02 
2.57573E+02 1.82499E-03 6.69664E-01 2.59064E+02 
2.65148E+02 1.73851E-03 6.47063E-01 2.53156E+02 
2.72724E+02 1.65331E-03 6.24150E-01 2.46994E+02 
2.80300E+02 1.56958E-03 6.00998E-01 2.40592E+02 
2.87875E+02 1.48751E-03 5.77682E-01 2.33968E+02 
2.95451E+02 1.40725E-03 5.54275E-01 2.27141E+02 
3.03027E+02 1.32896E-03 5.30850E-01 2.20132E+02 
3.10602E+02 1.25279E-03 5.07481E-01 2.12962E+02 
3.18178E+02 1.17886E-03 4.84238E-01 2.05655E+02 
3.25754E+02 1.10727E-03 4.61191E-01 1.98234E+02 
3.33329E+02 1.03812E-03 4.38405E-01 1.90726E+02 
3.40905E+02 9.71491E-04 4.15945E-01 1.83154E+02 
3.48481E+02 9.07444E-04 3.93870E-01 1.75546E+02 
3.56056E+02 8.46028E-04 3.72237E-01 1.67925E+02 
3.63632E+02 7.87276E-04 3.51097E-01 1.60318E+02 
3.71208E+02 7.31208E-04 3.30498E-01 1.52750E+02 
3.78783E+02 6.77828E-04 3.10483E-01 1.45245E+02 
3.86359E+02 6.27130E-04 2.91089E-01 1.37826E+02 
3.93935E+02 5.79094E-04 2.72350E-01 1.30515E+02 
4.01510E+02 5.33689E-04 2.54293E-01 1.23334E+02 
4.09086E+02 4.90873E-04 2.36941E-01 1.16302E+02 
4.16662E+02 4.50594E-04 2.20313E-01 1.09437E+02 
4.24237E+02 4.12793E-04 2.04421E-01 1.02756E+02 
4.31813E+02 3.77401E-04 1.89274E-01 9.62727E+01 
4.39389E+02 3.44344E-04 1.74875E-01 9.00013E+01 
4.46964E+02 3.13541E-04 1.61226E-01 8.39525E+01 
4.54540E+02 2.84907E-04 1.48320E-01 7.81356E+01 
4.62116E+02 2.58351E-04 1.36150E-01 7.25583E+01 
4.69691E+02 2.33782E-04 1.24704E-01 6.72262E+01 
4.77267E+02 2.11105E-04 1.13968E-01 6.21433E+01 
4.84843E+02 1.90223E-04 1.03924E-01 5.73121E+01 
4.92418E+02 1.71041E-04 9.45525E-02 5.27331E+01 
4.99994E+02 1.53462E-04 8.58305E-02 4.84056E+01 
5.07570E+02 1.37390E-04 7.77345E-02 4.43274E+01 
5.15145E+02 1.22730E-04 7.02390E-02 4.04949E+01 
5.22721E+02 1.09391E-04 6.33176E-02 3.69035E+01 
5.30297E+02 9.72814E-05 5.69427E-02 3.35474E+01 
5.37872E+02 8.63148E-05 5.10863E-02 3.04199E+01 
5.45448E+02 7.64066E-05 4.57200E-02 2.75135E+01 
5.53024E+02 6.74759E-05 4.08155E-02 2.48200E+01 
5.60599E+02 5.94452E-05 3.63445E-02 2.23308E+01 
5.68175E+02 5.22411E-05 3.22791E-02 2.00366E+01 
5.75751E+02 4.57937E-05 2.85919E-02 1.79279E+01 
5.83326E+02 4.00372E-05 2.52562E-02 1.59949E+01 
5.90902E+02 3.49098E-05 2.22462E-02 1.42279E+01 
5.98478E+02 3.03536E-05 1.95370E-02 1.26169E+01 
6.06053E+02 2.63144E-05 1.71047E-02 1.11522E+01 
6.13629E+02 2.27421E-05 1.49264E-02 9.82397E+00 
6.21205E+02 1.95903E-05 1.29807E-02 8.62277E+00 
6.28780E+02 1.68159E-05 1.12470E-02 7.53934E+00 
6.36356E+02 1.43797E-05 9.70607E-03 6.56474E+00 
6.43932E+02 1.22454E-05 8.34000E-03 5.69036E+00 
6.51507E+02 1.03801E-05 7.13195E-03 4.90798E+00 
6.59083E+02 8.75368E-06 6.06632E-03 4.20977E+00 
6.66659E+02 7.33895E-06 5.12866E-03 3.58830E+00 
6.74234E+02 6.11127E-06 4.30568E-03 3.03660E+00 
6.81810E+02 5.04844E-06 3.58515E-03 2.54813E+00 
6.89386E+02 4.13048E-06 2.95589E-03 2.11676E+00 
6.96961E+02 3.33953E-06 2.40770E-03 1.73682E+00 
7.04537E+02 2.65964E-06 1.93133E-03 1.40305E+00 
7.12113E+02 2.07660E-06 1.51840E-03 1.11060E+00 
7.19688E+02 1.57778E-06 1.16135E-03 8.55015E-01 
7.27264E+02 1.15204E-06 8.53382E-04 6.32235E-01 
7.34840E+02 7.89533E-07 5.88408E-04 4.38551E-01 
7.42415E+02 4.81594E-07 3.60987E-04 2.70594E-01 
7.49991E+02 2.20630E-07 1.66283E-04 1.25324E-01 
