100 2 
0.00000E+00 3.77174E-03 1.00584E+00 3.31258E+02 
7.73381E+00 3.76959E-03 1.00583E+00 3.31258E+02 
1.54676E+01 3.76314E-03 1.00576E+00 3.31257E+02 
2.32014E+01 3.75241E-03 1.00555E+00 3.31253E+02 
3.09352E+01 3.73741E-03 1.00514E+00 3.31241E+02 
3.86691E+01 3.71818E-03 1.00447E+00 3.31218E+02 
4.64029E+01 3.69477E-03 1.00347E+00 3.31175E+02 
5.41367E+01 3.66720E-03 1.00208E+00 3.31105E+02 
6.18705E+01 3.63556E-03 1.00024E+00 3.30998E+02 
6.96043E+01 3.59991E-03 9.97894E-01 3.30844E+02 
7.73381E+01 3.56032E-03 9.94983E-01 3.30629E+02 
8.50719E+01 3.51688E-03 9.91453E-01 3.30342E+02 
9.28057E+01 3.46971E-03 9.87255E-01 3.29968E+02 
1.00540E+02 3.41890E-03 9.82341E-01 3.29493E+02 
1.08273E+02 3.36458E-03 9.76667E-01 3.28900E+02 
1.16007E+02 3.30688E-03 9.70195E-01 3.28174E+02 
1.23741E+02 3.24595E-03 9.62889E-01 3.27297E+02 
1.31475E+02 3.18194E-03 9.54718E-01 3.26254E+02 
1.39209E+02 3.11501E-03 9.45658E-01 3.25027E+02 
1.46942E+02 3.04535E-03 9.35689E-01 3.23601E+02 
1.54676E+02 2.97313E-03 9.24797E-01 3.21957E+02 
1.62410E+02 2.89855E-03 9.12972E-01 3.20082E+02 
1.70144E+02 2.82182E-03 9.00212E-01 3.17960E+02 
1.77878E+02 2.74315E-03 8.86521E-01 3.15577E+02 
1.85611E+02 2.66275E-03 8.71908E-01 3.12920E+02 
1.93345E+02 2.58085E-03 8.56389E-01 3.09979E+02 
2.01079E+02 2.49769E-03 8.39987E-01 3.06744E+02 
2.08813E+02 2.41349E-03 8.22731E-01 3.03207E+02 
2.16547E+02 2.32849E-03 8.04653E-01 2.99361E+02 
2.24281E+02 2.24294E-03 7.85795E-01 2.95204E+02 
2.32014E+02 2.15706E-03 7.66202E-01 2.90734E+02 
2.39748E+02 2.07110E-03 7.45925E-01 2.85950E+02 
2.47482E+02 1.98528E-03 7.25020E-01 2.80857E+02 
2.55216E+02 1.89985E-03 7.03546E-01 2.75459E+02 
2.62950E+02 1.81501E-03 6.81568E-01 2.69765E+02 
2.70683E+02 1.73100E-03 6.59153E-01 2.63784E+02 
2.78417E+02 1.64802E-03 6.36370E-01 2.57529E+02 
2.86151E+02 1.56627E-03 6.13293E-01 2.51014E+02 
2.93885E+02 1.48593E-03 5.89995E-01 2.44257E+02 
3.01619E+02 1.40719E-03 5.66550E-01 2.37277E+02 
3.09352E+02 1.33020E-03 5.43034E-01 2.30093E+02 
3.17086E+02 1.25513E-03 5.19521E-01 2.22728E+02 
3.24820E+02 1.18211E-03 4.96085E-01 2.15206E+02 
3.32554E+02 1.11125E-03 4.72798E-01 2.07552E+02 
3.40288E+02 1.04268E-03 4.49730E-01 1.99792E+02 
3.48022E+02 9.76476E-04 4.26948E-01 1.91951E+02 
3.55755E+02 9.12724E-04 4.04516E-01 1.84058E+02 
3.63489E+02 8.51484E-04 3.82494E-01 1.76139E+02 
3.71223E+02 7.92804E-04 3.60939E-01 1.68221E+02 
3.78957E+02 7.36717E-04 3.39903E-01 1.60331E+02 
3.86691E+02 6.83241E-04 3.19433E-01 1.52495E+02 
3.94424E+02 6.32382E-04 2.99571E-01 1.44738E+02 
4.02158E+02 5.84131E-04 2.80355E-01 1.37085E+02 
4.09892E+02 5.38468E-04 2.61817E-01 1.29558E+02 
4.17626E+02 4.95362E-04 2.43983E-01 1.22180E+02 
4.25360E+02 4.54770E-04 2.26875E-01 1.14969E+02 
4.33093E+02 4.16640E-04 2.10510E-01 1.07946E+02 
4.40827E+02 3.80911E-04 1.94900E-01 1.01125E+02 
4.48561E+02 3.47516E-04 1.80050E-01 9.45221E+01 
4.56295E+02 3.16378E-04 1.65964E-01 8.81496E+01 
4.64029E+02 2.87417E-04 1.52639E-01 8.20183E+01 
4.71763E+02 2.60547E-04 1.40068E-01 7.61369E+01 
4.79496E+02 2.35679E-04 1.28241E-01 7.05123E+01 
4.87230E+02 2.12721E-04 1.17145E-01 6.51494E+01 
4.94964E+02 1.91578E-04 1.06763E-01 6.00512E+01 
5.02698E+02 1.72155E-04 9.70756E-02 5.52191E+01 
5.10432E+02 1.54356E-04 8.80602E-02 5.06527E+01 
5.18165E+02 1.38086E-04 7.96933E-02 4.63500E+01 
5.25899E+02 1.23249E-04 7.19491E-02 4.23077E+01 
5.33633E+02 1.09754E-04 6.48005E-02 3.85210E+01 
5.41367E+02 9.75084E-05 5.82194E-02 3.49840E+01 
5.49101E+02 8.64248E-05 5.21769E-02 3.16897E+01 
5.56834E+02 7.64175E-05 4.66439E-02 2.86305E+01 
5.64568E+02 6.74042E-05 4.15907E-02 2.57975E+01 
5.72302E+02 5.93063E-05 3.69882E-02 2.31815E+01 
5.80036E+02 5.20488E-05 3.28071E-02 2.07728E+01 
5.87770E+02 4.55605E-05 2.90191E-02 1.85611E+01 
5.95503E+02 3.97742E-05 2.55961E-02 1.65362E+01 
6.03237E+02 3.46266E-05 2.25112E-02 1.46874E+01 
6.10971E+02 3.00587E-05 1.97383E-02 1.30042E+01 
6.18705E+02 2.60150E-05 1.72525E-02 1.14760E+01 
6.26439E+02 2.24444E-05 1.50298E-02 1.00924E+01 
6.34173E+02 1.92991E-05 1.30476E-02 8.84311E+00 
6.41906E+02 1.65355E-05 1.12845E-02 7.71833E+00 
6.49640E+02 1.41131E-05 9.72040E-03 6.70840E+00 
6.57374E+02 1.19951E-05 8.33648E-03 5.80410E+00 
6.65108E+02 1.01478E-05 7.11514E-03 4.99660E+00 
6.72842E+02 8.54063E-06 6.04010E-03 4.27752E+00 
6.80575E+02 7.14575E-06 5.09630E-03 3.63892E+00 
6.88309E+02 5.93814E-06 4.26987E-03 3.07335E+00 
6.96043E+02 4.89523E-06 3.54810E-03 2.57382E+00 
7.03777E+02 3.99679E-06 2.91935E-03 2.13381E+00 
7.11511E+02 3.22471E-06 2.37307E-03 1.74729E+00 
7.19245E+02 2.56286E-06 1.89966E-03 1.40867E+00 
7.26978E+02 1.99690E-06 1.49047E-03 1.11281E+00 
7.34712E+02 1.51413E-06 1.13769E-03 8.55021E-01 
7.42446E+02 1.10334E-06 8.34334E-04 6.30998E-01 
7.50180E+02 7.54666E-07 5.74149E-04 4.36845E-01 
7.57914E+02 4.59442E-07 3.51568E-04 2.69031E-01 
7.65647E+02 2.10088E-07 1.61642E-04 1.24369E-01 
