100 2 
0.00000E+00 3.95578E-03 1.00578E+00 3.18157E+02 
7.52668E+00 3.95332E-03 1.00577E+00 3.18157E+02 
1.50534E+01 3.94596E-03 1.00569E+00 3.18156E+02 
2.25800E+01 3.93371E-03 1.00545E+00 3.18151E+02 
3.01067E+01 3.91660E-03 1.00500E+00 3.18139E+02 
3.76334E+01 3.89469E-03 1.00425E+00 3.18114E+02 
4.51601E+01 3.86804E-03 1.00315E+00 3.18068E+02 
5.26867E+01 3.83672E-03 1.00161E+00 3.17992E+02 
6.02134E+01 3.80082E-03 9.99583E-01 3.17878E+02 
6.77401E+01 3.76045E-03 9.96998E-01 3.17712E+02 
7.52668E+01 3.71573E-03 9.93797E-01 3.17482E+02 
8.27934E+01 3.66677E-03 9.89925E-01 3.17176E+02 
9.03201E+01 3.61373E-03 9.85332E-01 3.16778E+02 
9.78468E+01 3.55675E-03 9.79969E-01 3.16273E+02 
1.05373E+02 3.49602E-03 9.73795E-01 3.15645E+02 
1.12900E+02 3.43169E-03 9.66773E-01 3.14878E+02 
1.20427E+02 3.36398E-03 9.58871E-01 3.13956E+02 
1.27953E+02 3.29307E-03 9.50063E-01 3.12861E+02 
1.35480E+02 3.21918E-03 9.40329E-01 3.11579E+02 
1.43007E+02 3.14254E-03 9.29655E-01 3.10092E+02 
1.50534E+02 3.06336E-03 9.18032E-01 3.08385E+02 
1.58060E+02 2.98189E-03 9.05460E-01 3.06445E+02 
1.65587E+02 2.89837E-03 8.91944E-01 3.04257E+02 
1.73114E+02 2.81305E-03 8.77494E-01 3.01809E+02 
1.80640E+02 2.72618E-03 8.62128E-01 2.99091E+02 
1.88167E+02 2.63802E-03 8.45871E-01 2.96092E+02 
1.95694E+02 2.54883E-03 8.28752E-01 2.92806E+02 
2.03220E+02 2.45887E-03 8.10807E-01 2.89227E+02 
2.10747E+02 2.36839E-03 7.92079E-01 2.85350E+02 
2.18274E+02 2.27765E-03 7.72614E-01 2.81174E+02 
2.25800E+02 2.18690E-03 7.52464E-01 2.76699E+02 
2.33327E+02 2.09638E-03 7.31686E-01 2.71929E+02 
2.40854E+02 2.00635E-03 7.10340E-01 2.66868E+02 
2.48380E+02 1.91703E-03 6.88490E-01 2.61523E+02 
2.55907E+02 1.82864E-03 6.66205E-01 2.55903E+02 
2.63434E+02 1.74140E-03 6.43553E-01 2.50021E+02 
2.70960E+02 1.65552E-03 6.20606E-01 2.43889E+02 
2.78487E+02 1.57118E-03 5.97437E-01 2.37524E+02 
2.86014E+02 1.48856E-03 5.74119E-01 2.30943E+02 
2.93540E+02 1.40783E-03 5.50727E-01 2.24164E+02 
3.01067E+02 1.32914E-03 5.27333E-01 2.17209E+02 
3.08594E+02 1.25262E-03 5.04009E-01 2.10099E+02 
3.16120E+02 1.17840E-03 4.80825E-01 2.02858E+02 
3.23647E+02 1.10657E-03 4.57851E-01 1.95509E+02 
3.31174E+02 1.03723E-03 4.35151E-01 1.88077E+02 
3.38700E+02 9.70456E-04 4.12787E-01 1.80587E+02 
3.46227E+02 9.06303E-04 3.90818E-01 1.73063E+02 
3.53754E+02 8.44816E-04 3.69300E-01 1.65533E+02 
3.61280E+02 7.86024E-04 3.48283E-01 1.58019E+02 
3.68807E+02 7.29943E-04 3.27812E-01 1.50546E+02 
3.76334E+02 6.76573E-04 3.07930E-01 1.43139E+02 
3.83860E+02 6.25905E-04 2.88673E-01 1.35820E+02 
3.91387E+02 5.77916E-04 2.70073E-01 1.28611E+02 
3.98914E+02 5.32570E-04 2.52156E-01 1.21531E+02 
4.06440E+02 4.89823E-04 2.34944E-01 1.14601E+02 
4.13967E+02 4.49621E-04 2.18455E-01 1.07837E+02 
4.21494E+02 4.11901E-04 2.02700E-01 1.01257E+02 
4.29021E+02 3.76594E-04 1.87686E-01 9.48725E+01 
4.36547E+02 3.43622E-04 1.73418E-01 8.86980E+01 
4.44074E+02 3.12904E-04 1.59894E-01 8.27436E+01 
4.51601E+02 2.84352E-04 1.47109E-01 7.70183E+01 
4.59127E+02 2.57876E-04 1.35054E-01 7.15295E+01 
4.66654E+02 2.33383E-04 1.23718E-01 6.62824E+01 
4.74181E+02 2.10777E-04 1.13084E-01 6.12808E+01 
4.81707E+02 1.89962E-04 1.03137E-01 5.65269E+01 
4.89234E+02 1.70840E-04 9.38552E-02 5.20212E+01 
4.96761E+02 1.53316E-04 8.52166E-02 4.77629E+01 
5.04287E+02 1.37292E-04 7.71975E-02 4.37495E+01 
5.11814E+02 1.22676E-04 6.97726E-02 3.99776E+01 
5.19341E+02 1.09375E-04 6.29154E-02 3.64426E+01 
5.26867E+02 9.72977E-05 5.65986E-02 3.31386E+01 
5.34394E+02 8.63584E-05 5.07946E-02 3.00591E+01 
5.41921E+02 7.64727E-05 4.54752E-02 2.71967E+01 
5.49447E+02 6.75600E-05 4.06123E-02 2.45433E+01 
5.56974E+02 5.95434E-05 3.61779E-02 2.20905E+01 
5.64501E+02 5.23497E-05 3.21446E-02 1.98291E+01 
5.72027E+02 4.59093E-05 2.84852E-02 1.77498E+01 
5.79554E+02 4.01571E-05 2.51736E-02 1.58432E+01 
5.87081E+02 3.50314E-05 2.21841E-02 1.40996E+01 
5.94607E+02 3.04747E-05 1.94921E-02 1.25092E+01 
6.02134E+02 2.64333E-05 1.70741E-02 1.10626E+01 
6.09661E+02 2.28573E-05 1.49077E-02 9.75009E+00 
6.17187E+02 1.97005E-05 1.29715E-02 8.56251E+00 
6.24714E+02 1.69203E-05 1.12454E-02 7.49079E+00 
6.32241E+02 1.44775E-05 9.71033E-03 6.52615E+00 
6.39767E+02 1.23361E-05 8.34859E-03 5.66018E+00 
6.47294E+02 1.04634E-05 7.14360E-03 4.88483E+00 
6.54821E+02 8.82947E-06 6.07995E-03 4.19241E+00 
6.62347E+02 7.40719E-06 5.14338E-03 3.57568E+00 
6.69874E+02 6.17204E-06 4.32075E-03 3.02778E+00 
6.77401E+02 5.10192E-06 3.59997E-03 2.54230E+00 
6.84927E+02 4.17694E-06 2.96999E-03 2.11323E+00 
6.92454E+02 3.37928E-06 2.42072E-03 1.73501E+00 
6.99981E+02 2.69303E-06 1.94301E-03 1.40245E+00 
7.07508E+02 2.10401E-06 1.52854E-03 1.11082E+00 
7.15034E+02 1.59962E-06 1.16984E-03 8.55711E-01 
7.22561E+02 1.16871E-06 8.60147E-04 6.33135E-01 
7.30088E+02 8.01449E-07 5.93430E-04 4.39437E-01 
7.37614E+02 4.89154E-07 3.64284E-04 2.71300E-01 
7.45141E+02 2.24224E-07 1.67899E-04 1.25723E-01 
