100 2 
0.00000E+00 3.87044E-03 1.00581E+00 3.24120E+02 
7.62261E+00 3.86813E-03 1.00580E+00 3.24120E+02 
1.52452E+01 3.86119E-03 1.00572E+00 3.24119E+02 
2.28678E+01 3.84963E-03 1.00550E+00 3.24115E+02 
3.04904E+01 3.83350E-03 1.00506E+00 3.24103E+02 
3.81130E+01 3.81283E-03 1.00435E+00 3.24079E+02 
4.57357E+01 3.78767E-03 1.00329E+00 3.24034E+02 
5.33583E+01 3.75809E-03 1.00183E+00 3.23961E+02 
6.09809E+01 3.72415E-03 9.99883E-01 3.23850E+02 
6.86035E+01 3.68596E-03 9.97405E-01 3.23689E+02 
7.62261E+01 3.64360E-03 9.94335E-01 3.23466E+02 
8.38487E+01 3.59719E-03 9.90618E-01 3.23168E+02 
9.14713E+01 3.54685E-03 9.86203E-01 3.22781E+02 
9.90939E+01 3.49272E-03 9.81043E-01 3.22288E+02 
1.06717E+02 3.43494E-03 9.75095E-01 3.21676E+02 
1.14339E+02 3.37367E-03 9.68321E-01 3.20927E+02 
1.21962E+02 3.30908E-03 9.60687E-01 3.20024E+02 
1.29584E+02 3.24135E-03 9.52166E-01 3.18952E+02 
1.37207E+02 3.17067E-03 9.42736E-01 3.17693E+02 
1.44830E+02 3.09723E-03 9.32379E-01 3.16232E+02 
1.52452E+02 3.02126E-03 9.21084E-01 3.14553E+02 
1.60075E+02 2.94296E-03 9.08847E-01 3.12640E+02 
1.67697E+02 2.86256E-03 8.95670E-01 3.10480E+02 
1.75320E+02 2.78030E-03 8.81560E-01 3.08059E+02 
1.82943E+02 2.69640E-03 8.66531E-01 3.05367E+02 
1.90565E+02 2.61112E-03 8.50604E-01 3.02392E+02 
1.98188E+02 2.52470E-03 8.33805E-01 2.99126E+02 
2.05810E+02 2.43739E-03 8.16167E-01 2.95562E+02 
2.13433E+02 2.34943E-03 7.97729E-01 2.91697E+02 
2.21056E+02 2.26107E-03 7.78533E-01 2.87526E+02 
2.28678E+02 2.17256E-03 7.58630E-01 2.83050E+02 
2.36301E+02 2.08414E-03 7.38073E-01 2.78270E+02 
2.43924E+02 1.99605E-03 7.16921E-01 2.73191E+02 
2.51546E+02 1.90851E-03 6.95237E-01 2.67819E+02 
2.59169E+02 1.82176E-03 6.73085E-01 2.62162E+02 
2.66791E+02 1.73601E-03 6.50535E-01 2.56232E+02 
2.74414E+02 1.65147E-03 6.27657E-01 2.50041E+02 
2.82037E+02 1.56832E-03 6.04525E-01 2.43605E+02 
2.89659E+02 1.48676E-03 5.81212E-01 2.36940E+02 
2.97282E+02 1.40695E-03 5.57792E-01 2.30067E+02 
3.04904E+02 1.32906E-03 5.34339E-01 2.23006E+02 
3.12527E+02 1.25321E-03 5.10927E-01 2.15778E+02 
3.20150E+02 1.17955E-03 4.87626E-01 2.08407E+02 
3.27772E+02 1.10819E-03 4.64508E-01 2.00918E+02 
3.35395E+02 1.03921E-03 4.41640E-01 1.93336E+02 
3.43017E+02 9.72719E-04 4.19086E-01 1.85685E+02 
3.50640E+02 9.08767E-04 3.96907E-01 1.77993E+02 
3.58263E+02 8.47412E-04 3.75161E-01 1.70286E+02 
3.65885E+02 7.88689E-04 3.53901E-01 1.62588E+02 
3.73508E+02 7.32625E-04 3.33176E-01 1.54927E+02 
3.81130E+02 6.79226E-04 3.13029E-01 1.47325E+02 
3.88753E+02 6.28490E-04 2.93501E-01 1.39808E+02 
3.96376E+02 5.80400E-04 2.74624E-01 1.32398E+02 
4.03998E+02 5.34929E-04 2.56428E-01 1.25117E+02 
4.11621E+02 4.92037E-04 2.38938E-01 1.17985E+02 
4.19244E+02 4.51675E-04 2.22172E-01 1.11021E+02 
4.26866E+02 4.13786E-04 2.06145E-01 1.04240E+02 
4.34489E+02 3.78304E-04 1.90865E-01 9.76603E+01 
4.42111E+02 3.45156E-04 1.76338E-01 9.12935E+01 
4.49734E+02 3.14263E-04 1.62563E-01 8.51516E+01 
4.57357E+02 2.85541E-04 1.49538E-01 7.92443E+01 
4.64979E+02 2.58901E-04 1.37253E-01 7.35797E+01 
4.72602E+02 2.34251E-04 1.25699E-01 6.81637E+01 
4.80224E+02 2.11498E-04 1.14861E-01 6.30005E+01 
4.87847E+02 1.90547E-04 1.04721E-01 5.80927E+01 
4.95470E+02 1.71300E-04 9.52589E-02 5.34412E+01 
5.03092E+02 1.53662E-04 8.64536E-02 4.90453E+01 
5.10715E+02 1.37537E-04 7.82807E-02 4.49029E+01 
5.18337E+02 1.22831E-04 7.07147E-02 4.10104E+01 
5.25960E+02 1.09451E-04 6.37290E-02 3.73631E+01 
5.33583E+02 9.73057E-05 5.72957E-02 3.39553E+01 
5.41205E+02 8.63088E-05 5.13868E-02 3.07802E+01 
5.48828E+02 7.63754E-05 4.59735E-02 2.78302E+01 
5.56451E+02 6.74238E-05 4.10271E-02 2.50969E+01 
5.64073E+02 5.93766E-05 3.65191E-02 2.25715E+01 
5.71696E+02 5.21597E-05 3.24212E-02 2.02446E+01 
5.79318E+02 4.57029E-05 2.87058E-02 1.81066E+01 
5.86941E+02 3.99401E-05 2.53457E-02 1.61475E+01 
5.94564E+02 3.48090E-05 2.23149E-02 1.43572E+01 
6.02186E+02 3.02512E-05 1.95880E-02 1.27257E+01 
6.09809E+02 2.62126E-05 1.71409E-02 1.12429E+01 
6.17431E+02 2.26424E-05 1.49504E-02 9.89895E+00 
6.25054E+02 1.94939E-05 1.29947E-02 8.68413E+00 
6.32677E+02 1.67240E-05 1.12531E-02 7.58899E+00 
6.40299E+02 1.42931E-05 9.70600E-03 6.60441E+00 
6.47922E+02 1.21646E-05 8.33523E-03 5.72159E+00 
6.55544E+02 1.03055E-05 7.12376E-03 4.93213E+00 
6.63167E+02 8.68560E-06 6.05580E-03 4.22805E+00 
6.70790E+02 7.27747E-06 5.11674E-03 3.60179E+00 
6.78412E+02 6.05636E-06 4.29309E-03 3.04623E+00 
6.86035E+02 4.99999E-06 3.57250E-03 2.55469E+00 
6.93657E+02 4.08831E-06 2.94367E-03 2.12095E+00 
7.01280E+02 3.30340E-06 2.39629E-03 1.73922E+00 
7.08903E+02 2.62924E-06 1.92101E-03 1.40414E+00 
7.16525E+02 2.05160E-06 1.50938E-03 1.11080E+00 
7.24148E+02 1.55784E-06 1.15376E-03 8.54671E-01 
7.31771E+02 1.13680E-06 8.47302E-04 6.31612E-01 
7.39393E+02 7.78635E-07 5.83877E-04 4.37867E-01 
7.47016E+02 4.74675E-07 3.58005E-04 2.70020E-01 
7.54638E+02 2.17340E-07 1.64818E-04 1.24989E-01 
