100 2 
0.00000E+00 3.72209E-03 1.00586E+00 3.34952E+02 
7.79000E+00 3.72002E-03 1.00585E+00 3.34952E+02 
1.55800E+01 3.71382E-03 1.00577E+00 3.34951E+02 
2.33700E+01 3.70350E-03 1.00557E+00 3.34947E+02 
3.11600E+01 3.68908E-03 1.00517E+00 3.34936E+02 
3.89500E+01 3.67058E-03 1.00452E+00 3.34913E+02 
4.67400E+01 3.64804E-03 1.00355E+00 3.34872E+02 
5.45300E+01 3.62150E-03 1.00221E+00 3.34803E+02 
6.23200E+01 3.59101E-03 1.00042E+00 3.34699E+02 
7.01100E+01 3.55664E-03 9.98145E-01 3.34547E+02 
7.79000E+01 3.51845E-03 9.95317E-01 3.34338E+02 
8.56900E+01 3.47652E-03 9.91885E-01 3.34057E+02 
9.34800E+01 3.43094E-03 9.87799E-01 3.33690E+02 
1.01270E+02 3.38181E-03 9.83013E-01 3.33224E+02 
1.09060E+02 3.32925E-03 9.77483E-01 3.32642E+02 
1.16850E+02 3.27336E-03 9.71168E-01 3.31928E+02 
1.24640E+02 3.21428E-03 9.64032E-01 3.31066E+02 
1.32430E+02 3.15215E-03 9.56045E-01 3.30038E+02 
1.40220E+02 3.08713E-03 9.47179E-01 3.28829E+02 
1.48010E+02 3.01938E-03 9.37413E-01 3.27421E+02 
1.55800E+02 2.94907E-03 9.26731E-01 3.25798E+02 
1.63590E+02 2.87638E-03 9.15122E-01 3.23943E+02 
1.71380E+02 2.80152E-03 9.02582E-01 3.21842E+02 
1.79170E+02 2.72467E-03 8.89111E-01 3.19481E+02 
1.86960E+02 2.64605E-03 8.74718E-01 3.16845E+02 
1.94750E+02 2.56588E-03 8.59415E-01 3.13924E+02 
2.02540E+02 2.48437E-03 8.43224E-01 3.10707E+02 
2.10330E+02 2.40176E-03 8.26169E-01 3.07186E+02 
2.18120E+02 2.31827E-03 8.08284E-01 3.03354E+02 
2.25910E+02 2.23415E-03 7.89606E-01 2.99207E+02 
2.33700E+02 2.14961E-03 7.70179E-01 2.94742E+02 
2.41490E+02 2.06490E-03 7.50053E-01 2.89960E+02 
2.49280E+02 1.98025E-03 7.29281E-01 2.84862E+02 
2.57070E+02 1.89589E-03 7.07922E-01 2.79454E+02 
2.64860E+02 1.81203E-03 6.86039E-01 2.73743E+02 
2.72650E+02 1.72890E-03 6.63699E-01 2.67739E+02 
2.80440E+02 1.64672E-03 6.40971E-01 2.61453E+02 
2.88230E+02 1.56567E-03 6.17927E-01 2.54901E+02 
2.96020E+02 1.48595E-03 5.94641E-01 2.48098E+02 
3.03810E+02 1.40775E-03 5.71187E-01 2.41064E+02 
3.11600E+02 1.33122E-03 5.47642E-01 2.33819E+02 
3.19390E+02 1.25654E-03 5.24080E-01 2.26385E+02 
3.27180E+02 1.18383E-03 5.00576E-01 2.18787E+02 
3.34970E+02 1.11323E-03 4.77203E-01 2.11049E+02 
3.42760E+02 1.04485E-03 4.54033E-01 2.03197E+02 
3.50550E+02 9.78786E-04 4.31133E-01 1.95259E+02 
3.58340E+02 9.15123E-04 4.08570E-01 1.87262E+02 
3.66130E+02 8.53930E-04 3.86405E-01 1.79234E+02 
3.73920E+02 7.95258E-04 3.64697E-01 1.71201E+02 
3.81710E+02 7.39146E-04 3.43498E-01 1.63193E+02 
3.89500E+02 6.85616E-04 3.22859E-01 1.55234E+02 
3.97290E+02 6.34679E-04 3.02822E-01 1.47352E+02 
4.05080E+02 5.86331E-04 2.83427E-01 1.39572E+02 
4.12870E+02 5.40555E-04 2.64708E-01 1.31916E+02 
4.20660E+02 4.97325E-04 2.46692E-01 1.24409E+02 
4.28450E+02 4.56599E-04 2.29404E-01 1.17069E+02 
4.36240E+02 4.18331E-04 2.12860E-01 1.09917E+02 
4.44030E+02 3.82462E-04 1.97074E-01 1.02970E+02 
4.51820E+02 3.48925E-04 1.82054E-01 9.62422E+01 
4.59610E+02 3.17648E-04 1.67802E-01 8.97479E+01 
4.67400E+02 2.88551E-04 1.54317E-01 8.34980E+01 
4.75190E+02 2.61551E-04 1.41593E-01 7.75019E+01 
4.82980E+02 2.36559E-04 1.29621E-01 7.17668E+01 
4.90770E+02 2.13484E-04 1.18388E-01 6.62979E+01 
4.98560E+02 1.92232E-04 1.07876E-01 6.10987E+01 
5.06350E+02 1.72708E-04 9.80673E-02 5.61706E+01 
5.14140E+02 1.54816E-04 8.89393E-02 5.15135E+01 
5.21930E+02 1.38462E-04 8.04681E-02 4.71256E+01 
5.29720E+02 1.23550E-04 7.26281E-02 4.30035E+01 
5.37510E+02 1.09987E-04 6.53917E-02 3.91425E+01 
5.45300E+02 9.76831E-05 5.87309E-02 3.55366E+01 
5.53090E+02 8.65481E-05 5.26163E-02 3.21789E+01 
5.60880E+02 7.64966E-05 4.70184E-02 2.90613E+01 
5.68670E+02 6.74458E-05 4.19074E-02 2.61750E+01 
5.76460E+02 5.93165E-05 3.72534E-02 2.35106E+01 
5.84250E+02 5.20333E-05 3.30271E-02 2.10581E+01 
5.92040E+02 4.55244E-05 2.91994E-02 1.88071E+01 
5.99830E+02 3.97220E-05 2.57420E-02 1.67469E+01 
6.07620E+02 3.45624E-05 2.26274E-02 1.48668E+01 
6.15410E+02 2.99859E-05 1.98292E-02 1.31558E+01 
6.23200E+02 2.59367E-05 1.73218E-02 1.16032E+01 
6.30990E+02 2.23632E-05 1.50811E-02 1.01982E+01 
6.38780E+02 1.92171E-05 1.30840E-02 8.93046E+00 
6.46570E+02 1.64545E-05 1.13088E-02 7.78970E+00 
6.54360E+02 1.40346E-05 9.73496E-03 6.76610E+00 
6.62150E+02 1.19202E-05 8.34334E-03 5.85017E+00 
6.69940E+02 1.00774E-05 7.11612E-03 5.03288E+00 
6.77730E+02 8.47534E-06 6.03672E-03 4.30563E+00 
6.85520E+02 7.08599E-06 5.08983E-03 3.66030E+00 
6.93310E+02 5.88418E-06 4.26140E-03 3.08923E+00 
7.01100E+02 4.84718E-06 3.53849E-03 2.58529E+00 
7.08890E+02 3.95462E-06 2.90933E-03 2.14179E+00 
7.16680E+02 3.18832E-06 2.36321E-03 1.75257E+00 
7.24470E+02 2.53207E-06 1.89039E-03 1.41191E+00 
7.32260E+02 1.97146E-06 1.48212E-03 1.11458E+00 
7.40050E+02 1.49376E-06 1.13051E-03 8.55775E-01 
7.47840E+02 1.08772E-06 8.28479E-04 6.31113E-01 
7.55630E+02 7.43456E-07 5.69725E-04 4.36624E-01 
7.63420E+02 4.52306E-07 3.48621E-04 2.68713E-01 
7.71210E+02 2.06687E-07 1.60181E-04 1.24140E-01 
