100 2 
0.00000E+00 3.72708E-03 1.00586E+00 3.34578E+02 
7.78435E+00 3.72500E-03 1.00585E+00 3.34578E+02 
1.55687E+01 3.71877E-03 1.00577E+00 3.34577E+02 
2.33530E+01 3.70841E-03 1.00557E+00 3.34573E+02 
3.11374E+01 3.69393E-03 1.00517E+00 3.34562E+02 
3.89217E+01 3.67536E-03 1.00452E+00 3.34539E+02 
4.67061E+01 3.65273E-03 1.00355E+00 3.34497E+02 
5.44904E+01 3.62609E-03 1.00219E+00 3.34428E+02 
6.22748E+01 3.59549E-03 1.00041E+00 3.34324E+02 
7.00591E+01 3.56098E-03 9.98120E-01 3.34172E+02 
7.78435E+01 3.52265E-03 9.95283E-01 3.33962E+02 
8.56278E+01 3.48057E-03 9.91841E-01 3.33680E+02 
9.34122E+01 3.43484E-03 9.87744E-01 3.33313E+02 
1.01197E+02 3.38554E-03 9.82945E-01 3.32846E+02 
1.08981E+02 3.33279E-03 9.77400E-01 3.32262E+02 
1.16765E+02 3.27672E-03 9.71069E-01 3.31547E+02 
1.24550E+02 3.21746E-03 9.63916E-01 3.30684E+02 
1.32334E+02 3.15514E-03 9.55910E-01 3.29655E+02 
1.40118E+02 3.08993E-03 9.47025E-01 3.28444E+02 
1.47903E+02 3.02198E-03 9.37238E-01 3.27034E+02 
1.55687E+02 2.95148E-03 9.26535E-01 3.25409E+02 
1.63471E+02 2.87861E-03 9.14904E-01 3.23552E+02 
1.71256E+02 2.80355E-03 9.02341E-01 3.21449E+02 
1.79040E+02 2.72652E-03 8.88848E-01 3.19085E+02 
1.86824E+02 2.64772E-03 8.74433E-01 3.16447E+02 
1.94609E+02 2.56738E-03 8.59108E-01 3.13524E+02 
2.02393E+02 2.48570E-03 8.42895E-01 3.10305E+02 
2.10177E+02 2.40293E-03 8.25820E-01 3.06782E+02 
2.17962E+02 2.31929E-03 8.07915E-01 3.02949E+02 
2.25746E+02 2.23502E-03 7.89219E-01 2.98800E+02 
2.33530E+02 2.15035E-03 7.69775E-01 2.94335E+02 
2.41315E+02 2.06551E-03 7.49633E-01 2.89552E+02 
2.49099E+02 1.98075E-03 7.28847E-01 2.84455E+02 
2.56883E+02 1.89627E-03 7.07477E-01 2.79048E+02 
2.64668E+02 1.81232E-03 6.85584E-01 2.73339E+02 
2.72452E+02 1.72910E-03 6.63236E-01 2.67337E+02 
2.80236E+02 1.64684E-03 6.40502E-01 2.61054E+02 
2.88021E+02 1.56572E-03 6.17455E-01 2.54506E+02 
2.95805E+02 1.48594E-03 5.94167E-01 2.47708E+02 
3.03590E+02 1.40768E-03 5.70715E-01 2.40679E+02 
3.11374E+02 1.33111E-03 5.47172E-01 2.33440E+02 
3.19158E+02 1.25638E-03 5.23615E-01 2.26013E+02 
3.26943E+02 1.18365E-03 5.00118E-01 2.18422E+02 
3.34727E+02 1.11302E-03 4.76754E-01 2.10693E+02 
3.42511E+02 1.04462E-03 4.53594E-01 2.02850E+02 
3.50296E+02 9.78542E-04 4.30706E-01 1.94922E+02 
3.58080E+02 9.14871E-04 4.08156E-01 1.86936E+02 
3.65864E+02 8.53673E-04 3.86006E-01 1.78918E+02 
3.73649E+02 7.95000E-04 3.64313E-01 1.70897E+02 
3.81433E+02 7.38891E-04 3.43131E-01 1.62901E+02 
3.89217E+02 6.85367E-04 3.22508E-01 1.54955E+02 
3.97002E+02 6.34438E-04 3.02489E-01 1.47085E+02 
4.04786E+02 5.86100E-04 2.83113E-01 1.39318E+02 
4.12570E+02 5.40337E-04 2.64412E-01 1.31676E+02 
4.20355E+02 4.97119E-04 2.46415E-01 1.24181E+02 
4.28139E+02 4.56408E-04 2.29145E-01 1.16855E+02 
4.35923E+02 4.18154E-04 2.12620E-01 1.09716E+02 
4.43708E+02 3.82299E-04 1.96852E-01 1.02781E+02 
4.51492E+02 3.48777E-04 1.81849E-01 9.60665E+01 
4.59276E+02 3.17514E-04 1.67614E-01 8.95846E+01 
4.67061E+02 2.88432E-04 1.54145E-01 8.33468E+01 
4.74845E+02 2.61445E-04 1.41437E-01 7.73624E+01 
4.82629E+02 2.36466E-04 1.29480E-01 7.16385E+01 
4.90414E+02 2.13403E-04 1.18260E-01 6.61804E+01 
4.98198E+02 1.92162E-04 1.07762E-01 6.09915E+01 
5.05983E+02 1.72649E-04 9.79653E-02 5.60733E+01 
5.13767E+02 1.54767E-04 8.88489E-02 5.14255E+01 
5.21551E+02 1.38421E-04 8.03884E-02 4.70462E+01 
5.29336E+02 1.23517E-04 7.25581E-02 4.29323E+01 
5.37120E+02 1.09962E-04 6.53308E-02 3.90789E+01 
5.44904E+02 9.76635E-05 5.86781E-02 3.54800E+01 
5.52689E+02 8.65338E-05 5.25709E-02 3.21288E+01 
5.60473E+02 7.64869E-05 4.69797E-02 2.90171E+01 
5.68257E+02 6.74401E-05 4.18746E-02 2.61363E+01 
5.76042E+02 5.93142E-05 3.72259E-02 2.34769E+01 
5.83826E+02 5.20337E-05 3.30042E-02 2.10288E+01 
5.91610E+02 4.55270E-05 2.91806E-02 1.87818E+01 
5.99395E+02 3.97264E-05 2.57267E-02 1.67253E+01 
6.07179E+02 3.45681E-05 2.26152E-02 1.48484E+01 
6.14963E+02 2.99925E-05 1.98196E-02 1.31402E+01 
6.22748E+02 2.59440E-05 1.73145E-02 1.15901E+01 
6.30532E+02 2.23708E-05 1.50756E-02 1.01873E+01 
6.38316E+02 1.92249E-05 1.30801E-02 8.92147E+00 
6.46101E+02 1.64623E-05 1.13061E-02 7.78234E+00 
6.53885E+02 1.40422E-05 9.73329E-03 6.76014E+00 
6.61669E+02 1.19275E-05 8.34247E-03 5.84541E+00 
6.69454E+02 1.00843E-05 7.11586E-03 5.02912E+00 
6.77238E+02 8.48167E-06 6.03692E-03 4.30271E+00 
6.85022E+02 7.09182E-06 5.09038E-03 3.65807E+00 
6.92807E+02 5.88944E-06 4.26216E-03 3.08757E+00 
7.00591E+02 4.85187E-06 3.53938E-03 2.58408E+00 
7.08376E+02 3.95874E-06 2.91028E-03 2.14094E+00 
7.16160E+02 3.19189E-06 2.36415E-03 1.75200E+00 
7.23944E+02 2.53509E-06 1.89128E-03 1.41156E+00 
7.31729E+02 1.97395E-06 1.48292E-03 1.11438E+00 
7.39513E+02 1.49576E-06 1.13120E-03 8.55683E-01 
7.47297E+02 1.08925E-06 8.29050E-04 6.31090E-01 
7.55082E+02 7.44559E-07 5.70156E-04 4.36638E-01 
7.62866E+02 4.53007E-07 3.48908E-04 2.68739E-01 
7.70650E+02 2.07023E-07 1.60325E-04 1.24161E-01 
