100 2 
0.00000E+00 3.75989E-03 1.00585E+00 3.32133E+02 
7.74720E+00 3.75776E-03 1.00584E+00 3.32133E+02 
1.54944E+01 3.75137E-03 1.00576E+00 3.32132E+02 
2.32416E+01 3.74074E-03 1.00555E+00 3.32128E+02 
3.09888E+01 3.72588E-03 1.00515E+00 3.32117E+02 
3.87360E+01 3.70682E-03 1.00448E+00 3.32093E+02 
4.64832E+01 3.68361E-03 1.00349E+00 3.32051E+02 
5.42304E+01 3.65630E-03 1.00211E+00 3.31981E+02 
6.19776E+01 3.62493E-03 1.00028E+00 3.31875E+02 
6.97248E+01 3.58958E-03 9.97953E-01 3.31721E+02 
7.74720E+01 3.55033E-03 9.95062E-01 3.31508E+02 
8.52192E+01 3.50725E-03 9.91555E-01 3.31222E+02 
9.29664E+01 3.46046E-03 9.87384E-01 3.30850E+02 
1.00714E+02 3.41005E-03 9.82500E-01 3.30377E+02 
1.08461E+02 3.35614E-03 9.76860E-01 3.29786E+02 
1.16208E+02 3.29888E-03 9.70425E-01 3.29063E+02 
1.23955E+02 3.23839E-03 9.63159E-01 3.28190E+02 
1.31702E+02 3.17482E-03 9.55032E-01 3.27150E+02 
1.39450E+02 3.10835E-03 9.46018E-01 3.25928E+02 
1.47197E+02 3.03914E-03 9.36097E-01 3.24505E+02 
1.54944E+02 2.96738E-03 9.25254E-01 3.22867E+02 
1.62691E+02 2.89325E-03 9.13480E-01 3.20996E+02 
1.70438E+02 2.81697E-03 9.00772E-01 3.18879E+02 
1.78186E+02 2.73873E-03 8.87133E-01 3.16501E+02 
1.85933E+02 2.65875E-03 8.72572E-01 3.13849E+02 
1.93680E+02 2.57727E-03 8.57105E-01 3.10913E+02 
2.01427E+02 2.49450E-03 8.40752E-01 3.07682E+02 
2.09174E+02 2.41068E-03 8.23543E-01 3.04148E+02 
2.16922E+02 2.32604E-03 8.05511E-01 3.00306E+02 
2.24669E+02 2.24082E-03 7.86695E-01 2.96151E+02 
2.32416E+02 2.15526E-03 7.67141E-01 2.91681E+02 
2.40163E+02 2.06960E-03 7.46899E-01 2.86898E+02 
2.47910E+02 1.98406E-03 7.26025E-01 2.81804E+02 
2.55658E+02 1.89888E-03 7.04579E-01 2.76403E+02 
2.63405E+02 1.81428E-03 6.82623E-01 2.70705E+02 
2.71152E+02 1.73048E-03 6.60225E-01 2.64718E+02 
2.78899E+02 1.64768E-03 6.37455E-01 2.58456E+02 
2.86646E+02 1.56610E-03 6.14386E-01 2.51932E+02 
2.94394E+02 1.48591E-03 5.91090E-01 2.45164E+02 
3.02141E+02 1.40729E-03 5.67643E-01 2.38171E+02 
3.09888E+02 1.33042E-03 5.44120E-01 2.30972E+02 
3.17635E+02 1.25544E-03 5.20595E-01 2.23591E+02 
3.25382E+02 1.18249E-03 4.97143E-01 2.16051E+02 
3.33130E+02 1.11170E-03 4.73835E-01 2.08377E+02 
3.40877E+02 1.04317E-03 4.50743E-01 2.00595E+02 
3.48624E+02 9.77003E-04 4.27933E-01 1.92731E+02 
3.56371E+02 9.13272E-04 4.05469E-01 1.84813E+02 
3.64118E+02 8.52044E-04 3.83414E-01 1.76868E+02 
3.71866E+02 7.93367E-04 3.61823E-01 1.68923E+02 
3.79613E+02 7.37274E-04 3.40748E-01 1.61005E+02 
3.87360E+02 6.83787E-04 3.20238E-01 1.53140E+02 
3.95107E+02 6.32910E-04 3.00335E-01 1.45354E+02 
4.02854E+02 5.84637E-04 2.81077E-01 1.37670E+02 
4.10602E+02 5.38948E-04 2.62496E-01 1.30113E+02 
4.18349E+02 4.95813E-04 2.44619E-01 1.22704E+02 
4.26096E+02 4.55190E-04 2.27469E-01 1.15463E+02 
4.33843E+02 4.17028E-04 2.11062E-01 1.08409E+02 
4.41590E+02 3.81267E-04 1.95410E-01 1.01559E+02 
4.49338E+02 3.47839E-04 1.80520E-01 9.49266E+01 
4.57085E+02 3.16669E-04 1.66395E-01 8.85254E+01 
4.64832E+02 2.87676E-04 1.53032E-01 8.23661E+01 
4.72579E+02 2.60776E-04 1.40425E-01 7.64577E+01 
4.80326E+02 2.35880E-04 1.28564E-01 7.08071E+01 
4.88074E+02 2.12894E-04 1.17436E-01 6.54192E+01 
4.95821E+02 1.91726E-04 1.07024E-01 6.02973E+01 
5.03568E+02 1.72280E-04 9.73075E-02 5.54426E+01 
5.11315E+02 1.54459E-04 8.82657E-02 5.08549E+01 
5.19062E+02 1.38170E-04 7.98744E-02 4.65322E+01 
5.26810E+02 1.23316E-04 7.21076E-02 4.24710E+01 
5.34557E+02 1.09805E-04 6.49384E-02 3.86668E+01 
5.42304E+02 9.75458E-05 5.83386E-02 3.51137E+01 
5.50051E+02 8.64504E-05 5.22793E-02 3.18045E+01 
5.57798E+02 7.64329E-05 4.67310E-02 2.87315E+01 
5.65546E+02 6.74111E-05 4.16643E-02 2.58860E+01 
5.73293E+02 5.93061E-05 3.70497E-02 2.32587E+01 
5.81040E+02 5.20427E-05 3.28581E-02 2.08396E+01 
5.88787E+02 4.55498E-05 2.90607E-02 1.86188E+01 
5.96534E+02 3.97599E-05 2.56297E-02 1.65856E+01 
6.04282E+02 3.46097E-05 2.25379E-02 1.47294E+01 
6.12029E+02 3.00399E-05 1.97591E-02 1.30397E+01 
6.19776E+02 2.59951E-05 1.72683E-02 1.15057E+01 
6.27523E+02 2.24239E-05 1.50414E-02 1.01171E+01 
6.35271E+02 1.92786E-05 1.30557E-02 8.86351E+00 
6.43018E+02 1.65154E-05 1.12898E-02 7.73498E+00 
6.50765E+02 1.40937E-05 9.72345E-03 6.72184E+00 
6.58512E+02 1.19767E-05 8.33775E-03 5.81482E+00 
6.66259E+02 1.01305E-05 7.11506E-03 5.00503E+00 
6.74006E+02 8.52462E-06 6.03903E-03 4.28404E+00 
6.81754E+02 7.13113E-06 5.09454E-03 3.64386E+00 
6.89501E+02 5.92494E-06 4.26766E-03 3.07701E+00 
6.97248E+02 4.88350E-06 3.54565E-03 2.57644E+00 
7.04995E+02 3.98651E-06 2.91683E-03 2.13563E+00 
7.12742E+02 3.21584E-06 2.37061E-03 1.74848E+00 
7.20490E+02 2.55536E-06 1.89737E-03 1.40939E+00 
7.28237E+02 1.99071E-06 1.48841E-03 1.11319E+00 
7.35984E+02 1.50918E-06 1.13593E-03 8.55168E-01 
7.43731E+02 1.09954E-06 8.32898E-04 6.31001E-01 
7.51479E+02 7.51943E-07 5.73066E-04 4.36775E-01 
7.59226E+02 4.57708E-07 3.50847E-04 2.68944E-01 
7.66973E+02 2.09262E-07 1.61286E-04 1.24310E-01 
