100 2 
0.00000E+00 3.96292E-03 1.00578E+00 3.17666E+02 
7.51865E+00 3.96045E-03 1.00577E+00 3.17666E+02 
1.50373E+01 3.95305E-03 1.00568E+00 3.17665E+02 
2.25559E+01 3.94074E-03 1.00545E+00 3.17661E+02 
3.00746E+01 3.92355E-03 1.00499E+00 3.17649E+02 
3.75932E+01 3.90154E-03 1.00425E+00 3.17623E+02 
4.51119E+01 3.87477E-03 1.00314E+00 3.17577E+02 
5.26305E+01 3.84330E-03 1.00160E+00 3.17501E+02 
6.01492E+01 3.80724E-03 9.99559E-01 3.17386E+02 
6.76678E+01 3.76669E-03 9.96965E-01 3.17220E+02 
7.51865E+01 3.72177E-03 9.93753E-01 3.16990E+02 
8.27051E+01 3.67260E-03 9.89869E-01 3.16683E+02 
9.02238E+01 3.61933E-03 9.85260E-01 3.16284E+02 
9.77424E+01 3.56212E-03 9.79881E-01 3.15778E+02 
1.05261E+02 3.50114E-03 9.73689E-01 3.15149E+02 
1.12780E+02 3.43657E-03 9.66647E-01 3.14381E+02 
1.20298E+02 3.36859E-03 9.58723E-01 3.13457E+02 
1.27817E+02 3.29742E-03 9.49892E-01 3.12361E+02 
1.35336E+02 3.22327E-03 9.40133E-01 3.11076E+02 
1.42854E+02 3.14635E-03 9.29433E-01 3.09587E+02 
1.50373E+02 3.06691E-03 9.17784E-01 3.07879E+02 
1.57892E+02 2.98518E-03 9.05185E-01 3.05936E+02 
1.65410E+02 2.90140E-03 8.91641E-01 3.03746E+02 
1.72929E+02 2.81582E-03 8.77164E-01 3.01296E+02 
1.80448E+02 2.72871E-03 8.61771E-01 2.98576E+02 
1.87966E+02 2.64031E-03 8.45487E-01 2.95576E+02 
1.95485E+02 2.55089E-03 8.28342E-01 2.92288E+02 
2.03003E+02 2.46071E-03 8.10373E-01 2.88708E+02 
2.10522E+02 2.37002E-03 7.91621E-01 2.84830E+02 
2.18041E+02 2.27908E-03 7.72134E-01 2.80654E+02 
2.25559E+02 2.18814E-03 7.51965E-01 2.76180E+02 
2.33078E+02 2.09745E-03 7.31169E-01 2.71411E+02 
2.40597E+02 2.00726E-03 7.09808E-01 2.66351E+02 
2.48115E+02 1.91779E-03 6.87945E-01 2.61009E+02 
2.55634E+02 1.82926E-03 6.65649E-01 2.55393E+02 
2.63153E+02 1.74190E-03 6.42989E-01 2.49514E+02 
2.70671E+02 1.65591E-03 6.20037E-01 2.43388E+02 
2.78190E+02 1.57147E-03 5.96865E-01 2.37029E+02 
2.85709E+02 1.48876E-03 5.73547E-01 2.30454E+02 
2.93227E+02 1.40796E-03 5.50158E-01 2.23684E+02 
3.00746E+02 1.32920E-03 5.26768E-01 2.16738E+02 
3.08265E+02 1.25262E-03 5.03452E-01 2.09638E+02 
3.15783E+02 1.17835E-03 4.80278E-01 2.02407E+02 
3.23302E+02 1.10648E-03 4.57316E-01 1.95070E+02 
3.30820E+02 1.03711E-03 4.34629E-01 1.87650E+02 
3.38339E+02 9.70312E-04 4.12281E-01 1.80173E+02 
3.45858E+02 9.06140E-04 3.90330E-01 1.72664E+02 
3.53376E+02 8.44641E-04 3.68830E-01 1.65147E+02 
3.60895E+02 7.85841E-04 3.47832E-01 1.57649E+02 
3.68414E+02 7.29757E-04 3.27383E-01 1.50192E+02 
3.75932E+02 6.76388E-04 3.07522E-01 1.42801E+02 
3.83451E+02 6.25724E-04 2.88287E-01 1.35498E+02 
3.90970E+02 5.77741E-04 2.69709E-01 1.28305E+02 
3.98488E+02 5.32404E-04 2.51815E-01 1.21242E+02 
4.06007E+02 4.89667E-04 2.34626E-01 1.14328E+02 
4.13526E+02 4.49477E-04 2.18159E-01 1.07581E+02 
4.21044E+02 4.11769E-04 2.02425E-01 1.01016E+02 
4.28563E+02 3.76475E-04 1.87434E-01 9.46478E+01 
4.36082E+02 3.43516E-04 1.73186E-01 8.84888E+01 
4.43600E+02 3.12811E-04 1.59682E-01 8.25496E+01 
4.51119E+02 2.84272E-04 1.46916E-01 7.68392E+01 
4.58637E+02 2.57808E-04 1.34880E-01 7.13645E+01 
4.66156E+02 2.33327E-04 1.23561E-01 6.61311E+01 
4.73675E+02 2.10732E-04 1.12944E-01 6.11426E+01 
4.81193E+02 1.89926E-04 1.03012E-01 5.64011E+01 
4.88712E+02 1.70814E-04 9.37449E-02 5.19072E+01 
4.96231E+02 1.53298E-04 8.51196E-02 4.76600E+01 
5.03749E+02 1.37282E-04 7.71128E-02 4.36570E+01 
5.11268E+02 1.22673E-04 6.96992E-02 3.98949E+01 
5.18787E+02 1.09377E-04 6.28522E-02 3.63688E+01 
5.26305E+02 9.73046E-05 5.65447E-02 3.30732E+01 
5.33824E+02 8.63693E-05 5.07490E-02 3.00014E+01 
5.41343E+02 7.64869E-05 4.54370E-02 2.71461E+01 
5.48861E+02 6.75768E-05 4.05807E-02 2.44992E+01 
5.56380E+02 5.95622E-05 3.61522E-02 2.20522E+01 
5.63899E+02 5.23698E-05 3.21239E-02 1.97960E+01 
5.71417E+02 4.59304E-05 2.84690E-02 1.77215E+01 
5.78936E+02 4.01786E-05 2.51611E-02 1.58191E+01 
5.86455E+02 3.50530E-05 2.21748E-02 1.40792E+01 
5.93973E+02 3.04960E-05 1.94856E-02 1.24921E+01 
6.01492E+02 2.64541E-05 1.70699E-02 1.10484E+01 
6.09010E+02 2.28773E-05 1.49053E-02 9.73842E+00 
6.16529E+02 1.97196E-05 1.29706E-02 8.55301E+00 
6.24048E+02 1.69383E-05 1.12456E-02 7.48316E+00 
6.31566E+02 1.44943E-05 9.71145E-03 6.52010E+00 
6.39085E+02 1.23517E-05 8.35037E-03 5.65548E+00 
6.46604E+02 1.04776E-05 7.14582E-03 4.88124E+00 
6.54122E+02 8.84238E-06 6.08245E-03 4.18974E+00 
6.61641E+02 7.41878E-06 5.14602E-03 3.57376E+00 
6.69160E+02 6.18236E-06 4.32341E-03 3.02646E+00 
6.76678E+02 5.11098E-06 3.60256E-03 2.54144E+00 
6.84197E+02 4.18480E-06 2.97244E-03 2.11274E+00 
6.91716E+02 3.38600E-06 2.42297E-03 1.73478E+00 
6.99234E+02 2.69867E-06 1.94502E-03 1.40242E+00 
7.06753E+02 2.10864E-06 1.53028E-03 1.11090E+00 
7.14271E+02 1.60331E-06 1.17129E-03 8.55860E-01 
7.21790E+02 1.17153E-06 8.61299E-04 6.33308E-01 
7.29309E+02 8.03459E-07 5.94285E-04 4.39601E-01 
7.36827E+02 4.90428E-07 3.64844E-04 2.71427E-01 
7.44346E+02 2.24830E-07 1.68173E-04 1.25795E-01 
