100 2 
0.00000E+00 3.79683E-03 1.00584E+00 3.29418E+02 
7.70550E+00 3.79464E-03 1.00583E+00 3.29418E+02 
1.54110E+01 3.78806E-03 1.00575E+00 3.29417E+02 
2.31165E+01 3.77712E-03 1.00553E+00 3.29413E+02 
3.08220E+01 3.76183E-03 1.00512E+00 3.29402E+02 
3.85275E+01 3.74224E-03 1.00444E+00 3.29378E+02 
4.62330E+01 3.71838E-03 1.00342E+00 3.29335E+02 
5.39385E+01 3.69030E-03 1.00201E+00 3.29264E+02 
6.16440E+01 3.65807E-03 1.00015E+00 3.29156E+02 
6.93495E+01 3.62177E-03 9.97768E-01 3.28999E+02 
7.70550E+01 3.58148E-03 9.94816E-01 3.28783E+02 
8.47605E+01 3.53728E-03 9.91238E-01 3.28493E+02 
9.24660E+01 3.48930E-03 9.86984E-01 3.28116E+02 
1.00171E+02 3.43765E-03 9.82006E-01 3.27636E+02 
1.07877E+02 3.38244E-03 9.76261E-01 3.27038E+02 
1.15582E+02 3.32383E-03 9.69711E-01 3.26305E+02 
1.23288E+02 3.26197E-03 9.62320E-01 3.25422E+02 
1.30993E+02 3.19701E-03 9.54058E-01 3.24371E+02 
1.38699E+02 3.12912E-03 9.44903E-01 3.23136E+02 
1.46404E+02 3.05849E-03 9.34833E-01 3.21700E+02 
1.54110E+02 2.98532E-03 9.23836E-01 3.20047E+02 
1.61815E+02 2.90979E-03 9.11904E-01 3.18161E+02 
1.69521E+02 2.83212E-03 8.99035E-01 3.16029E+02 
1.77226E+02 2.75253E-03 8.85235E-01 3.13636E+02 
1.84932E+02 2.67124E-03 8.70514E-01 3.10969E+02 
1.92637E+02 2.58848E-03 8.54889E-01 3.08019E+02 
2.00343E+02 2.50448E-03 8.38384E-01 3.04775E+02 
2.08048E+02 2.41948E-03 8.21027E-01 3.01231E+02 
2.15754E+02 2.33373E-03 8.02855E-01 2.97380E+02 
2.23459E+02 2.24746E-03 7.83909E-01 2.93218E+02 
2.31165E+02 2.16090E-03 7.64234E-01 2.88746E+02 
2.38870E+02 2.07431E-03 7.43884E-01 2.83962E+02 
2.46576E+02 1.98792E-03 7.22914E-01 2.78872E+02 
2.54281E+02 1.90194E-03 7.01384E-01 2.73480E+02 
2.61987E+02 1.81662E-03 6.79360E-01 2.67795E+02 
2.69692E+02 1.73216E-03 6.56909E-01 2.61826E+02 
2.77398E+02 1.64878E-03 6.34101E-01 2.55587E+02 
2.85103E+02 1.56667E-03 6.11008E-01 2.49092E+02 
2.92809E+02 1.48602E-03 5.87705E-01 2.42358E+02 
3.00514E+02 1.40701E-03 5.64266E-01 2.35405E+02 
3.08220E+02 1.32979E-03 5.40765E-01 2.28252E+02 
3.15925E+02 1.25453E-03 5.17278E-01 2.20922E+02 
3.23631E+02 1.18134E-03 4.93876E-01 2.13439E+02 
3.31336E+02 1.11036E-03 4.70632E-01 2.05827E+02 
3.39042E+02 1.04169E-03 4.47615E-01 1.98112E+02 
3.46747E+02 9.75413E-04 4.24892E-01 1.90320E+02 
3.54453E+02 9.11613E-04 4.02525E-01 1.82479E+02 
3.62158E+02 8.50347E-04 3.80575E-01 1.74614E+02 
3.69864E+02 7.91659E-04 3.59096E-01 1.66753E+02 
3.77569E+02 7.35581E-04 3.38141E-01 1.58922E+02 
3.85275E+02 6.82129E-04 3.17754E-01 1.51147E+02 
3.92980E+02 6.31306E-04 2.97979E-01 1.43452E+02 
4.00686E+02 5.83100E-04 2.78851E-01 1.35862E+02 
4.08391E+02 5.37490E-04 2.60402E-01 1.28399E+02 
4.16097E+02 4.94443E-04 2.42658E-01 1.21084E+02 
4.23802E+02 4.53914E-04 2.25639E-01 1.13938E+02 
4.31508E+02 4.15849E-04 2.09362E-01 1.06977E+02 
4.39213E+02 3.80188E-04 1.93838E-01 1.00219E+02 
4.46919E+02 3.46859E-04 1.79073E-01 9.36778E+01 
4.54624E+02 3.15788E-04 1.65068E-01 8.73654E+01 
4.62330E+02 2.86891E-04 1.51821E-01 8.12924E+01 
4.70035E+02 2.60084E-04 1.39325E-01 7.54675E+01 
4.77741E+02 2.35275E-04 1.27570E-01 6.98973E+01 
4.85446E+02 2.12373E-04 1.16541E-01 6.45865E+01 
4.93152E+02 1.91282E-04 1.06223E-01 5.95381E+01 
5.00857E+02 1.71907E-04 9.65943E-02 5.47531E+01 
5.08563E+02 1.54152E-04 8.76342E-02 5.02312E+01 
5.16268E+02 1.37921E-04 7.93182E-02 4.59704E+01 
5.23974E+02 1.23120E-04 7.16209E-02 4.19673E+01 
5.31679E+02 1.09656E-04 6.45151E-02 3.82170E+01 
5.39385E+02 9.74383E-05 5.79729E-02 3.47138E+01 
5.47090E+02 8.63787E-05 5.19656E-02 3.14508E+01 
5.54796E+02 7.63919E-05 4.64641E-02 2.84201E+01 
5.62501E+02 6.73960E-05 4.14391E-02 2.56132E+01 
5.70207E+02 5.93124E-05 3.68616E-02 2.30209E+01 
5.77912E+02 5.20666E-05 3.27025E-02 2.06336E+01 
5.85618E+02 4.55875E-05 2.89337E-02 1.84413E+01 
5.93323E+02 3.98083E-05 2.55274E-02 1.64336E+01 
6.01029E+02 3.46659E-05 2.24569E-02 1.46002E+01 
6.08734E+02 3.01014E-05 1.96963E-02 1.29306E+01 
6.16440E+02 2.60598E-05 1.72208E-02 1.14143E+01 
6.24145E+02 2.24899E-05 1.50067E-02 1.00410E+01 
6.31851E+02 1.93445E-05 1.30316E-02 8.80085E+00 
6.39556E+02 1.65798E-05 1.12743E-02 7.68387E+00 
6.47262E+02 1.41557E-05 9.71488E-03 6.68062E+00 
6.54967E+02 1.20355E-05 8.33456E-03 5.78198E+00 
6.62673E+02 1.01856E-05 7.11596E-03 4.97925E+00 
6.70378E+02 8.57549E-06 6.04293E-03 4.26413E+00 
6.78084E+02 7.17753E-06 5.10051E-03 3.62880E+00 
6.85789E+02 5.96675E-06 4.27494E-03 3.06589E+00 
6.93495E+02 4.92064E-06 3.55360E-03 2.56849E+00 
7.01200E+02 4.01904E-06 2.92496E-03 2.13016E+00 
7.08906E+02 3.24388E-06 2.37850E-03 1.74493E+00 
7.16611E+02 2.57905E-06 1.90471E-03 1.40727E+00 
7.24317E+02 2.01026E-06 1.49497E-03 1.11211E+00 
7.32022E+02 1.52482E-06 1.14154E-03 8.54784E-01 
7.39728E+02 1.11153E-06 8.37456E-04 6.31046E-01 
7.47433E+02 7.60536E-07 5.76499E-04 4.37029E-01 
7.55139E+02 4.63173E-07 3.53126E-04 2.69235E-01 
7.62844E+02 2.11865E-07 1.62413E-04 1.24505E-01 
