100 2 
0.00000E+00 3.78481E-03 1.00584E+00 3.30298E+02 
7.71906E+00 3.78263E-03 1.00583E+00 3.30298E+02 
1.54381E+01 3.77612E-03 1.00575E+00 3.30297E+02 
2.31572E+01 3.76528E-03 1.00554E+00 3.30292E+02 
3.08762E+01 3.75013E-03 1.00513E+00 3.30281E+02 
3.85953E+01 3.73071E-03 1.00445E+00 3.30257E+02 
4.63144E+01 3.70706E-03 1.00344E+00 3.30214E+02 
5.40334E+01 3.67923E-03 1.00204E+00 3.30144E+02 
6.17525E+01 3.64728E-03 1.00019E+00 3.30036E+02 
6.94716E+01 3.61129E-03 9.97828E-01 3.29881E+02 
7.71906E+01 3.57134E-03 9.94896E-01 3.29666E+02 
8.49097E+01 3.52751E-03 9.91341E-01 3.29377E+02 
9.26287E+01 3.47991E-03 9.87113E-01 3.29001E+02 
1.00348E+02 3.42866E-03 9.82166E-01 3.28523E+02 
1.08067E+02 3.37388E-03 9.76455E-01 3.27928E+02 
1.15786E+02 3.31571E-03 9.69942E-01 3.27198E+02 
1.23505E+02 3.25429E-03 9.62591E-01 3.26318E+02 
1.31224E+02 3.18978E-03 9.54374E-01 3.25271E+02 
1.38943E+02 3.12236E-03 9.45264E-01 3.24040E+02 
1.46662E+02 3.05219E-03 9.35242E-01 3.22608E+02 
1.54381E+02 2.97947E-03 9.24295E-01 3.20960E+02 
1.62100E+02 2.90440E-03 9.12414E-01 3.19079E+02 
1.69819E+02 2.82718E-03 8.99597E-01 3.16952E+02 
1.77538E+02 2.74803E-03 8.85849E-01 3.14563E+02 
1.85257E+02 2.66717E-03 8.71180E-01 3.11902E+02 
1.92977E+02 2.58482E-03 8.55606E-01 3.08956E+02 
2.00696E+02 2.50122E-03 8.39150E-01 3.05716E+02 
2.08415E+02 2.41661E-03 8.21841E-01 3.02175E+02 
2.16134E+02 2.33121E-03 8.03714E-01 2.98326E+02 
2.23853E+02 2.24528E-03 7.84809E-01 2.94167E+02 
2.31572E+02 2.15905E-03 7.65174E-01 2.89695E+02 
2.39291E+02 2.07276E-03 7.44858E-01 2.84912E+02 
2.47010E+02 1.98664E-03 7.23919E-01 2.79820E+02 
2.54729E+02 1.90093E-03 7.02416E-01 2.74426E+02 
2.62448E+02 1.81584E-03 6.80414E-01 2.68736E+02 
2.70167E+02 1.73160E-03 6.57980E-01 2.62761E+02 
2.77886E+02 1.64841E-03 6.35184E-01 2.56514E+02 
2.85605E+02 1.56647E-03 6.12099E-01 2.50010E+02 
2.93324E+02 1.48597E-03 5.88798E-01 2.43265E+02 
3.01043E+02 1.40708E-03 5.65356E-01 2.36298E+02 
3.08762E+02 1.32998E-03 5.41848E-01 2.29131E+02 
3.16482E+02 1.25481E-03 5.18348E-01 2.21784E+02 
3.24201E+02 1.18170E-03 4.94930E-01 2.14282E+02 
3.31920E+02 1.11078E-03 4.71665E-01 2.06650E+02 
3.39639E+02 1.04215E-03 4.48624E-01 1.98914E+02 
3.47358E+02 9.75913E-04 4.25872E-01 1.91099E+02 
3.55077E+02 9.12136E-04 4.03474E-01 1.83232E+02 
3.62796E+02 8.50883E-04 3.81490E-01 1.75342E+02 
3.70515E+02 7.92200E-04 3.59975E-01 1.67453E+02 
3.78234E+02 7.36118E-04 3.38981E-01 1.59594E+02 
3.85953E+02 6.82654E-04 3.18555E-01 1.51790E+02 
3.93672E+02 6.31814E-04 2.98738E-01 1.44065E+02 
4.01391E+02 5.83587E-04 2.79568E-01 1.36445E+02 
4.09110E+02 5.37953E-04 2.61076E-01 1.28952E+02 
4.16829E+02 4.94877E-04 2.43289E-01 1.21607E+02 
4.24548E+02 4.54318E-04 2.26228E-01 1.14430E+02 
4.32267E+02 4.16223E-04 2.09909E-01 1.07439E+02 
4.39987E+02 3.80530E-04 1.94344E-01 1.00651E+02 
4.47706E+02 3.47169E-04 1.79538E-01 9.40804E+01 
4.55425E+02 3.16066E-04 1.65495E-01 8.77393E+01 
4.63144E+02 2.87139E-04 1.52210E-01 8.16385E+01 
4.70863E+02 2.60302E-04 1.39679E-01 7.57866E+01 
4.78582E+02 2.35465E-04 1.27890E-01 7.01905E+01 
4.86301E+02 2.12537E-04 1.16829E-01 6.48548E+01 
4.94020E+02 1.91421E-04 1.06480E-01 5.97826E+01 
5.01739E+02 1.72023E-04 9.68233E-02 5.49752E+01 
5.09458E+02 1.54247E-04 8.78369E-02 5.04321E+01 
5.17177E+02 1.37998E-04 7.94966E-02 4.61513E+01 
5.24896E+02 1.23180E-04 7.17769E-02 4.21295E+01 
5.32615E+02 1.09701E-04 6.46508E-02 3.83618E+01 
5.40334E+02 9.74704E-05 5.80900E-02 3.48425E+01 
5.48053E+02 8.63994E-05 5.20660E-02 3.15646E+01 
5.55772E+02 7.64029E-05 4.65494E-02 2.85203E+01 
5.63492E+02 6.73988E-05 4.15111E-02 2.57010E+01 
5.71211E+02 5.93085E-05 3.69216E-02 2.30974E+01 
5.78930E+02 5.20572E-05 3.27521E-02 2.06999E+01 
5.86649E+02 4.55738E-05 2.89741E-02 1.84984E+01 
5.94368E+02 3.97912E-05 2.55599E-02 1.64825E+01 
6.02087E+02 3.46465E-05 2.24826E-02 1.46417E+01 
6.09806E+02 3.00804E-05 1.97161E-02 1.29656E+01 
6.17525E+02 2.60379E-05 1.72357E-02 1.14436E+01 
6.25244E+02 2.24677E-05 1.50175E-02 1.00655E+01 
6.32963E+02 1.93224E-05 1.30391E-02 8.82095E+00 
6.40682E+02 1.65583E-05 1.12790E-02 7.70025E+00 
6.48401E+02 1.41351E-05 9.71737E-03 6.69382E+00 
6.56120E+02 1.20159E-05 8.33534E-03 5.79249E+00 
6.63839E+02 1.01673E-05 7.11545E-03 4.98748E+00 
6.71558E+02 8.55863E-06 6.04148E-03 4.27048E+00 
6.79277E+02 7.16217E-06 5.09841E-03 3.63360E+00 
6.86996E+02 5.95293E-06 4.27245E-03 3.06942E+00 
6.94716E+02 4.90837E-06 3.55091E-03 2.57100E+00 
7.02435E+02 4.00829E-06 2.92222E-03 2.13188E+00 
7.10154E+02 3.23462E-06 2.37586E-03 1.74603E+00 
7.17873E+02 2.57123E-06 1.90226E-03 1.40792E+00 
7.25592E+02 2.00381E-06 1.49279E-03 1.11243E+00 
7.33311E+02 1.51966E-06 1.13968E-03 8.54886E-01 
7.41030E+02 1.10758E-06 8.35946E-04 6.31015E-01 
7.48749E+02 7.57707E-07 5.75364E-04 4.36936E-01 
7.56468E+02 4.61375E-07 3.52374E-04 2.69134E-01 
7.64187E+02 2.11008E-07 1.62040E-04 1.24438E-01 
