100 2 
0.00000E+00 3.75676E-03 1.00585E+00 3.32365E+02 
7.75075E+00 3.75463E-03 1.00584E+00 3.32365E+02 
1.55015E+01 3.74826E-03 1.00576E+00 3.32364E+02 
2.32522E+01 3.73765E-03 1.00555E+00 3.32360E+02 
3.10030E+01 3.72282E-03 1.00515E+00 3.32349E+02 
3.87537E+01 3.70381E-03 1.00448E+00 3.32326E+02 
4.65045E+01 3.68066E-03 1.00349E+00 3.32283E+02 
5.42552E+01 3.65341E-03 1.00212E+00 3.32214E+02 
6.20060E+01 3.62211E-03 1.00030E+00 3.32108E+02 
6.97567E+01 3.58685E-03 9.97969E-01 3.31954E+02 
7.75075E+01 3.54768E-03 9.95083E-01 3.31741E+02 
8.52582E+01 3.50470E-03 9.91583E-01 3.31456E+02 
9.30090E+01 3.45801E-03 9.87418E-01 3.31084E+02 
1.00760E+02 3.40770E-03 9.82542E-01 3.30611E+02 
1.08510E+02 3.35391E-03 9.76912E-01 3.30022E+02 
1.16261E+02 3.29676E-03 9.70486E-01 3.29299E+02 
1.24012E+02 3.23639E-03 9.63231E-01 3.28427E+02 
1.31763E+02 3.17294E-03 9.55116E-01 3.27388E+02 
1.39513E+02 3.10659E-03 9.46114E-01 3.26167E+02 
1.47264E+02 3.03750E-03 9.36206E-01 3.24745E+02 
1.55015E+02 2.96586E-03 9.25376E-01 3.23108E+02 
1.62766E+02 2.89185E-03 9.13616E-01 3.21239E+02 
1.70516E+02 2.81568E-03 9.00921E-01 3.19123E+02 
1.78267E+02 2.73756E-03 8.87296E-01 3.16746E+02 
1.86018E+02 2.65770E-03 8.72749E-01 3.14096E+02 
1.93769E+02 2.57632E-03 8.57295E-01 3.11161E+02 
2.01519E+02 2.49365E-03 8.40956E-01 3.07931E+02 
2.09270E+02 2.40993E-03 8.23759E-01 3.04398E+02 
2.17021E+02 2.32539E-03 8.05739E-01 3.00557E+02 
2.24772E+02 2.24026E-03 7.86934E-01 2.96402E+02 
2.32522E+02 2.15479E-03 7.67391E-01 2.91933E+02 
2.40273E+02 2.06920E-03 7.47159E-01 2.87150E+02 
2.48024E+02 1.98374E-03 7.26293E-01 2.82055E+02 
2.55775E+02 1.89863E-03 7.04853E-01 2.76654E+02 
2.63525E+02 1.81409E-03 6.82903E-01 2.70955E+02 
2.71276E+02 1.73034E-03 6.60510E-01 2.64967E+02 
2.79027E+02 1.64760E-03 6.37744E-01 2.58702E+02 
2.86778E+02 1.56606E-03 6.14676E-01 2.52176E+02 
2.94528E+02 1.48591E-03 5.91381E-01 2.45405E+02 
3.02279E+02 1.40733E-03 5.67934E-01 2.38408E+02 
3.10030E+02 1.33048E-03 5.44409E-01 2.31206E+02 
3.17781E+02 1.25553E-03 5.20881E-01 2.23820E+02 
3.25531E+02 1.18260E-03 4.97424E-01 2.16276E+02 
3.33282E+02 1.11182E-03 4.74111E-01 2.08596E+02 
3.41033E+02 1.04330E-03 4.51012E-01 2.00808E+02 
3.48784E+02 9.77145E-04 4.28195E-01 1.92939E+02 
3.56534E+02 9.13420E-04 4.05723E-01 1.85014E+02 
3.64285E+02 8.52195E-04 3.83659E-01 1.77062E+02 
3.72036E+02 7.93518E-04 3.62058E-01 1.69110E+02 
3.79787E+02 7.37424E-04 3.40973E-01 1.61184E+02 
3.87537E+02 6.83934E-04 3.20453E-01 1.53312E+02 
3.95288E+02 6.33052E-04 3.00539E-01 1.45517E+02 
4.03039E+02 5.84773E-04 2.81269E-01 1.37826E+02 
4.10790E+02 5.39077E-04 2.62677E-01 1.30261E+02 
4.18540E+02 4.95935E-04 2.44788E-01 1.22844E+02 
4.26291E+02 4.55304E-04 2.27627E-01 1.15595E+02 
4.34042E+02 4.17133E-04 2.11209E-01 1.08533E+02 
4.41793E+02 3.81363E-04 1.95546E-01 1.01675E+02 
4.49543E+02 3.47926E-04 1.80646E-01 9.50344E+01 
4.57294E+02 3.16747E-04 1.66510E-01 8.86255E+01 
4.65045E+02 2.87746E-04 1.53137E-01 8.24588E+01 
4.72796E+02 2.60838E-04 1.40521E-01 7.65432E+01 
4.80546E+02 2.35934E-04 1.28651E-01 7.08856E+01 
4.88297E+02 2.12941E-04 1.17514E-01 6.54912E+01 
4.96048E+02 1.91766E-04 1.07093E-01 6.03629E+01 
5.03799E+02 1.72314E-04 9.73694E-02 5.55022E+01 
5.11549E+02 1.54487E-04 8.83206E-02 5.09088E+01 
5.19300E+02 1.38192E-04 7.99227E-02 4.65807E+01 
5.27051E+02 1.23334E-04 7.21500E-02 4.25146E+01 
5.34802E+02 1.09819E-04 6.49753E-02 3.87057E+01 
5.42552E+02 9.75562E-05 5.83705E-02 3.51482E+01 
5.50303E+02 8.64576E-05 5.23066E-02 3.18351E+01 
5.58054E+02 7.64374E-05 4.67543E-02 2.87585E+01 
5.65805E+02 6.74132E-05 4.16840E-02 2.59096E+01 
5.73555E+02 5.93063E-05 3.70662E-02 2.32792E+01 
5.81306E+02 5.20414E-05 3.28717E-02 2.08575E+01 
5.89057E+02 4.55471E-05 2.90719E-02 1.86341E+01 
5.96808E+02 3.97563E-05 2.56387E-02 1.65987E+01 
6.04558E+02 3.46054E-05 2.25451E-02 1.47406E+01 
6.12309E+02 3.00351E-05 1.97647E-02 1.30492E+01 
6.20060E+02 2.59900E-05 1.72725E-02 1.15137E+01 
6.27811E+02 2.24186E-05 1.50445E-02 1.01237E+01 
6.35561E+02 1.92733E-05 1.30579E-02 8.86896E+00 
6.43312E+02 1.65101E-05 1.12913E-02 7.73943E+00 
6.51063E+02 1.40886E-05 9.72430E-03 6.72544E+00 
6.58814E+02 1.19718E-05 8.33812E-03 5.81769E+00 
6.66564E+02 1.01260E-05 7.11507E-03 5.00728E+00 
6.74315E+02 8.52041E-06 6.03877E-03 4.28578E+00 
6.82066E+02 7.12728E-06 5.09409E-03 3.64519E+00 
6.89817E+02 5.92149E-06 4.26710E-03 3.07799E+00 
6.97567E+02 4.88042E-06 3.54502E-03 2.57715E+00 
7.05318E+02 3.98380E-06 2.91618E-03 2.13612E+00 
7.13069E+02 3.21352E-06 2.36997E-03 1.74880E+00 
7.20820E+02 2.55339E-06 1.89677E-03 1.40958E+00 
7.28570E+02 1.98908E-06 1.48787E-03 1.11330E+00 
7.36321E+02 1.50787E-06 1.13546E-03 8.55209E-01 
7.44072E+02 1.09855E-06 8.32523E-04 6.31005E-01 
7.51823E+02 7.51228E-07 5.72784E-04 4.36759E-01 
7.59573E+02 4.57251E-07 3.50658E-04 2.68922E-01 
7.67324E+02 2.09045E-07 1.61192E-04 1.24294E-01 
