100 2 
0.00000E+00 3.82709E-03 1.00583E+00 3.27223E+02 
7.67140E+00 3.82484E-03 1.00582E+00 3.27223E+02 
1.53428E+01 3.81812E-03 1.00574E+00 3.27222E+02 
2.30142E+01 3.80693E-03 1.00552E+00 3.27217E+02 
3.06856E+01 3.79129E-03 1.00510E+00 3.27206E+02 
3.83570E+01 3.77125E-03 1.00440E+00 3.27182E+02 
4.60284E+01 3.74686E-03 1.00337E+00 3.27138E+02 
5.36998E+01 3.71816E-03 1.00194E+00 3.27066E+02 
6.13712E+01 3.68523E-03 1.00004E+00 3.26957E+02 
6.90426E+01 3.64815E-03 9.97618E-01 3.26799E+02 
7.67140E+01 3.60700E-03 9.94617E-01 3.26579E+02 
8.43854E+01 3.56190E-03 9.90981E-01 3.26286E+02 
9.20568E+01 3.51295E-03 9.86660E-01 3.25905E+02 
9.97282E+01 3.46027E-03 9.81606E-01 3.25419E+02 
1.07400E+02 3.40401E-03 9.75777E-01 3.24815E+02 
1.15071E+02 3.34430E-03 9.69133E-01 3.24076E+02 
1.22742E+02 3.28131E-03 9.61642E-01 3.23184E+02 
1.30414E+02 3.21521E-03 9.53273E-01 3.22124E+02 
1.38085E+02 3.14617E-03 9.44002E-01 3.20879E+02 
1.45757E+02 3.07439E-03 9.33813E-01 3.19433E+02 
1.53428E+02 3.00006E-03 9.22692E-01 3.17768E+02 
1.61099E+02 2.92339E-03 9.10633E-01 3.15871E+02 
1.68771E+02 2.84459E-03 8.97636E-01 3.13727E+02 
1.76442E+02 2.76390E-03 8.83707E-01 3.11322E+02 
1.84114E+02 2.68153E-03 8.68857E-01 3.08645E+02 
1.91785E+02 2.59773E-03 8.53106E-01 3.05684E+02 
1.99456E+02 2.51274E-03 8.36478E-01 3.02430E+02 
2.07128E+02 2.42678E-03 8.19004E-01 2.98877E+02 
2.14799E+02 2.34012E-03 8.00721E-01 2.95020E+02 
2.22471E+02 2.25298E-03 7.81670E-01 2.90854E+02 
2.30142E+02 2.16562E-03 7.61900E-01 2.86380E+02 
2.37813E+02 2.07828E-03 7.41463E-01 2.81597E+02 
2.45485E+02 1.99118E-03 7.20416E-01 2.76511E+02 
2.53156E+02 1.90456E-03 6.98821E-01 2.71127E+02 
2.60828E+02 1.81865E-03 6.76743E-01 2.65453E+02 
2.68499E+02 1.73366E-03 6.54250E-01 2.59499E+02 
2.76170E+02 1.64980E-03 6.31413E-01 2.53280E+02 
2.83842E+02 1.56727E-03 6.08303E-01 2.46809E+02 
2.91513E+02 1.48624E-03 5.84995E-01 2.40103E+02 
2.99184E+02 1.40690E-03 5.61563E-01 2.33183E+02 
3.06856E+02 1.32941E-03 5.38082E-01 2.26067E+02 
3.14527E+02 1.25390E-03 5.14625E-01 2.18780E+02 
3.22199E+02 1.18052E-03 4.91265E-01 2.11343E+02 
3.29870E+02 1.10938E-03 4.68073E-01 2.03781E+02 
3.37541E+02 1.04059E-03 4.45117E-01 1.96121E+02 
3.45213E+02 9.74227E-04 4.22464E-01 1.88388E+02 
3.52884E+02 9.10367E-04 4.00175E-01 1.80608E+02 
3.60556E+02 8.49066E-04 3.78310E-01 1.72809E+02 
3.68227E+02 7.90367E-04 3.56922E-01 1.65016E+02 
3.75898E+02 7.34297E-04 3.36062E-01 1.57255E+02 
3.83570E+02 6.80870E-04 3.15776E-01 1.49552E+02 
3.91241E+02 6.30085E-04 2.96103E-01 1.41931E+02 
3.98913E+02 5.81930E-04 2.77080E-01 1.34416E+02 
4.06584E+02 5.36381E-04 2.58737E-01 1.27028E+02 
4.14255E+02 4.93400E-04 2.41098E-01 1.19790E+02 
4.21927E+02 4.52943E-04 2.24185E-01 1.12719E+02 
4.29598E+02 4.14954E-04 2.08012E-01 1.05834E+02 
4.37270E+02 3.79370E-04 1.92590E-01 9.91498E+01 
4.44941E+02 3.46119E-04 1.77924E-01 9.26811E+01 
4.52612E+02 3.15123E-04 1.64016E-01 8.64398E+01 
4.60284E+02 2.86301E-04 1.50862E-01 8.04359E+01 
4.67955E+02 2.59565E-04 1.38454E-01 7.46779E+01 
4.75627E+02 2.34825E-04 1.26783E-01 6.91720E+01 
4.83298E+02 2.11986E-04 1.15834E-01 6.39228E+01 
4.90969E+02 1.90955E-04 1.05590E-01 5.89331E+01 
4.98641E+02 1.71635E-04 9.60316E-02 5.42039E+01 
5.06312E+02 1.53930E-04 8.71362E-02 4.97347E+01 
5.13984E+02 1.37745E-04 7.88803E-02 4.55233E+01 
5.21655E+02 1.22984E-04 7.12380E-02 4.15664E+01 
5.29326E+02 1.09557E-04 6.41826E-02 3.78592E+01 
5.36998E+02 9.73704E-05 5.76862E-02 3.43959E+01 
5.44669E+02 8.63380E-05 5.17202E-02 3.11696E+01 
5.52341E+02 7.63744E-05 4.62557E-02 2.81727E+01 
5.60012E+02 6.73978E-05 4.12638E-02 2.53966E+01 
5.67683E+02 5.93303E-05 3.67155E-02 2.28323E+01 
5.75355E+02 5.20973E-05 3.25822E-02 2.04703E+01 
5.83026E+02 4.56283E-05 2.88359E-02 1.83007E+01 
5.90698E+02 3.98566E-05 2.54491E-02 1.63133E+01 
5.98369E+02 3.47195E-05 2.23954E-02 1.44980E+01 
6.06040E+02 3.01584E-05 1.96490E-02 1.28443E+01 
6.13712E+02 2.61186E-05 1.71855E-02 1.13421E+01 
6.21383E+02 2.25491E-05 1.49815E-02 9.98112E+00 
6.29055E+02 1.94029E-05 1.30147E-02 8.75156E+00 
6.36726E+02 1.66365E-05 1.12640E-02 7.64375E+00 
6.44397E+02 1.42099E-05 9.70988E-03 6.64833E+00 
6.52069E+02 1.20866E-05 8.33367E-03 5.75633E+00 
6.59740E+02 1.02332E-05 7.11817E-03 4.95918E+00 
6.67412E+02 8.61930E-06 6.04738E-03 4.24872E+00 
6.75083E+02 7.21737E-06 5.10647E-03 3.61721E+00 
6.82754E+02 6.00254E-06 4.28180E-03 3.05740E+00 
6.90426E+02 4.95238E-06 3.56087E-03 2.56248E+00 
6.98097E+02 4.04677E-06 2.93223E-03 2.12609E+00 
7.05769E+02 3.26772E-06 2.38547E-03 1.74235E+00 
7.13440E+02 2.59918E-06 1.91113E-03 1.40581E+00 
7.21111E+02 2.02685E-06 1.50067E-03 1.11143E+00 
7.28783E+02 1.53808E-06 1.14639E-03 8.54631E-01 
7.36454E+02 1.12169E-06 8.41377E-04 6.31201E-01 
7.44126E+02 7.67812E-07 5.79442E-04 4.37318E-01 
7.51797E+02 4.67799E-07 3.55076E-04 2.69524E-01 
7.59468E+02 2.14068E-07 1.63376E-04 1.24688E-01 
