100 2 
0.00000E+00 3.72334E-03 1.00586E+00 3.34858E+02 
7.78858E+00 3.72127E-03 1.00585E+00 3.34858E+02 
1.55772E+01 3.71507E-03 1.00577E+00 3.34857E+02 
2.33657E+01 3.70473E-03 1.00557E+00 3.34853E+02 
3.11543E+01 3.69030E-03 1.00517E+00 3.34842E+02 
3.89429E+01 3.67178E-03 1.00452E+00 3.34819E+02 
4.67315E+01 3.64921E-03 1.00355E+00 3.34777E+02 
5.45201E+01 3.62265E-03 1.00220E+00 3.34709E+02 
6.23086E+01 3.59214E-03 1.00042E+00 3.34604E+02 
7.00972E+01 3.55773E-03 9.98139E-01 3.34453E+02 
7.78858E+01 3.51950E-03 9.95308E-01 3.34243E+02 
8.56744E+01 3.47754E-03 9.91874E-01 3.33962E+02 
9.34630E+01 3.43192E-03 9.87786E-01 3.33595E+02 
1.01252E+02 3.38275E-03 9.82996E-01 3.33129E+02 
1.09040E+02 3.33014E-03 9.77462E-01 3.32546E+02 
1.16829E+02 3.27420E-03 9.71143E-01 3.31832E+02 
1.24617E+02 3.21508E-03 9.64003E-01 3.30970E+02 
1.32406E+02 3.15290E-03 9.56011E-01 3.29942E+02 
1.40194E+02 3.08783E-03 9.47140E-01 3.28732E+02 
1.47983E+02 3.02003E-03 9.37369E-01 3.27324E+02 
1.55772E+02 2.94967E-03 9.26682E-01 3.25700E+02 
1.63560E+02 2.87694E-03 9.15067E-01 3.23845E+02 
1.71349E+02 2.80203E-03 9.02521E-01 3.21743E+02 
1.79137E+02 2.72513E-03 8.89045E-01 3.19381E+02 
1.86926E+02 2.64647E-03 8.74646E-01 3.16745E+02 
1.94714E+02 2.56625E-03 8.59338E-01 3.13824E+02 
2.02503E+02 2.48471E-03 8.43141E-01 3.10606E+02 
2.10292E+02 2.40205E-03 8.26082E-01 3.07085E+02 
2.18080E+02 2.31853E-03 8.08191E-01 3.03252E+02 
2.25869E+02 2.23437E-03 7.89509E-01 2.99105E+02 
2.33657E+02 2.14980E-03 7.70078E-01 2.94640E+02 
2.41446E+02 2.06506E-03 7.49947E-01 2.89857E+02 
2.49235E+02 1.98037E-03 7.29172E-01 2.84760E+02 
2.57023E+02 1.89598E-03 7.07810E-01 2.79352E+02 
2.64812E+02 1.81210E-03 6.85925E-01 2.73641E+02 
2.72600E+02 1.72895E-03 6.63583E-01 2.67638E+02 
2.80389E+02 1.64675E-03 6.40853E-01 2.61353E+02 
2.88177E+02 1.56568E-03 6.17808E-01 2.54801E+02 
2.95966E+02 1.48595E-03 5.94522E-01 2.48000E+02 
3.03755E+02 1.40773E-03 5.71068E-01 2.40967E+02 
3.11543E+02 1.33120E-03 5.47524E-01 2.33724E+02 
3.19332E+02 1.25650E-03 5.23963E-01 2.26292E+02 
3.27120E+02 1.18378E-03 5.00461E-01 2.18695E+02 
3.34909E+02 1.11318E-03 4.77090E-01 2.10959E+02 
3.42698E+02 1.04479E-03 4.53922E-01 2.03110E+02 
3.50486E+02 9.78724E-04 4.31026E-01 1.95175E+02 
3.58275E+02 9.15060E-04 4.08466E-01 1.87180E+02 
3.66063E+02 8.53865E-04 3.86305E-01 1.79154E+02 
3.73852E+02 7.95193E-04 3.64600E-01 1.71125E+02 
3.81640E+02 7.39081E-04 3.43406E-01 1.63119E+02 
3.89429E+02 6.85553E-04 3.22771E-01 1.55164E+02 
3.97218E+02 6.34618E-04 3.02738E-01 1.47285E+02 
4.05006E+02 5.86273E-04 2.83348E-01 1.39508E+02 
4.12795E+02 5.40500E-04 2.64633E-01 1.31856E+02 
4.20583E+02 4.97273E-04 2.46623E-01 1.24351E+02 
4.28372E+02 4.56551E-04 2.29339E-01 1.17015E+02 
4.36160E+02 4.18287E-04 2.12800E-01 1.09867E+02 
4.43949E+02 3.82421E-04 1.97018E-01 1.02922E+02 
4.51738E+02 3.48887E-04 1.82002E-01 9.61980E+01 
4.59526E+02 3.17614E-04 1.67755E-01 8.97068E+01 
4.67315E+02 2.88521E-04 1.54274E-01 8.34600E+01 
4.75103E+02 2.61524E-04 1.41554E-01 7.74668E+01 
4.82892E+02 2.36536E-04 1.29586E-01 7.17345E+01 
4.90681E+02 2.13463E-04 1.18356E-01 6.62683E+01 
4.98469E+02 1.92214E-04 1.07847E-01 6.10717E+01 
5.06258E+02 1.72693E-04 9.80416E-02 5.61461E+01 
5.14046E+02 1.54804E-04 8.89165E-02 5.14914E+01 
5.21835E+02 1.38452E-04 8.04481E-02 4.71057E+01 
5.29623E+02 1.23542E-04 7.26104E-02 4.29856E+01 
5.37412E+02 1.09981E-04 6.53764E-02 3.91265E+01 
5.45201E+02 9.76782E-05 5.87176E-02 3.55224E+01 
5.52989E+02 8.65444E-05 5.26048E-02 3.21663E+01 
5.60778E+02 7.64941E-05 4.70086E-02 2.90502E+01 
5.68566E+02 6.74443E-05 4.18991E-02 2.61653E+01 
5.76355E+02 5.93159E-05 3.72465E-02 2.35021E+01 
5.84143E+02 5.20334E-05 3.30213E-02 2.10507E+01 
5.91932E+02 4.55250E-05 2.91947E-02 1.88007E+01 
5.99721E+02 3.97231E-05 2.57381E-02 1.67415E+01 
6.07509E+02 3.45638E-05 2.26243E-02 1.48622E+01 
6.15298E+02 2.99876E-05 1.98268E-02 1.31519E+01 
6.23086E+02 2.59386E-05 1.73200E-02 1.15999E+01 
6.30875E+02 2.23651E-05 1.50798E-02 1.01955E+01 
6.38664E+02 1.92191E-05 1.30830E-02 8.92820E+00 
6.46452E+02 1.64564E-05 1.13081E-02 7.78785E+00 
6.54241E+02 1.40365E-05 9.73453E-03 6.76459E+00 
6.62029E+02 1.19220E-05 8.34312E-03 5.84897E+00 
6.69818E+02 1.00791E-05 7.11605E-03 5.03193E+00 
6.77606E+02 8.47693E-06 6.03676E-03 4.30490E+00 
6.85395E+02 7.08746E-06 5.08997E-03 3.65974E+00 
6.93184E+02 5.88550E-06 4.26159E-03 3.08882E+00 
7.00972E+02 4.84835E-06 3.53872E-03 2.58498E+00 
7.08761E+02 3.95566E-06 2.90957E-03 2.14158E+00 
7.16549E+02 3.18921E-06 2.36344E-03 1.75242E+00 
7.24338E+02 2.53282E-06 1.89061E-03 1.41182E+00 
7.32127E+02 1.97208E-06 1.48232E-03 1.11453E+00 
7.39915E+02 1.49426E-06 1.13068E-03 8.55751E-01 
7.47704E+02 1.08810E-06 8.28622E-04 6.31107E-01 
7.55492E+02 7.43733E-07 5.69833E-04 4.36628E-01 
7.63281E+02 4.52482E-07 3.48693E-04 2.68719E-01 
7.71069E+02 2.06772E-07 1.60217E-04 1.24145E-01 
