100 2 
0.00000E+00 3.72240E-03 1.00586E+00 3.34929E+02 
7.78964E+00 3.72033E-03 1.00585E+00 3.34929E+02 
1.55793E+01 3.71413E-03 1.00577E+00 3.34928E+02 
2.33689E+01 3.70381E-03 1.00557E+00 3.34924E+02 
3.11586E+01 3.68938E-03 1.00517E+00 3.34913E+02 
3.89482E+01 3.67088E-03 1.00452E+00 3.34890E+02 
4.67379E+01 3.64833E-03 1.00355E+00 3.34848E+02 
5.45275E+01 3.62179E-03 1.00221E+00 3.34780E+02 
6.23172E+01 3.59129E-03 1.00042E+00 3.34675E+02 
7.01068E+01 3.55691E-03 9.98144E-01 3.34524E+02 
7.78964E+01 3.51871E-03 9.95315E-01 3.34314E+02 
8.56861E+01 3.47677E-03 9.91882E-01 3.34033E+02 
9.34757E+01 3.43119E-03 9.87796E-01 3.33666E+02 
1.01265E+02 3.38205E-03 9.83009E-01 3.33200E+02 
1.09055E+02 3.32947E-03 9.77477E-01 3.32618E+02 
1.16845E+02 3.27357E-03 9.71161E-01 3.31904E+02 
1.24634E+02 3.21448E-03 9.64025E-01 3.31042E+02 
1.32424E+02 3.15234E-03 9.56036E-01 3.30014E+02 
1.40214E+02 3.08731E-03 9.47169E-01 3.28805E+02 
1.48003E+02 3.01954E-03 9.37402E-01 3.27397E+02 
1.55793E+02 2.94922E-03 9.26719E-01 3.25773E+02 
1.63583E+02 2.87652E-03 9.15108E-01 3.23919E+02 
1.71372E+02 2.80164E-03 9.02567E-01 3.21818E+02 
1.79162E+02 2.72479E-03 8.89095E-01 3.19456E+02 
1.86951E+02 2.64616E-03 8.74700E-01 3.16820E+02 
1.94741E+02 2.56597E-03 8.59396E-01 3.13899E+02 
2.02531E+02 2.48446E-03 8.43203E-01 3.10682E+02 
2.10320E+02 2.40183E-03 8.26147E-01 3.07161E+02 
2.18110E+02 2.31834E-03 8.08261E-01 3.03329E+02 
2.25900E+02 2.23420E-03 7.89582E-01 2.99181E+02 
2.33689E+02 2.14966E-03 7.70154E-01 2.94716E+02 
2.41479E+02 2.06494E-03 7.50026E-01 2.89934E+02 
2.49269E+02 1.98028E-03 7.29253E-01 2.84836E+02 
2.57058E+02 1.89591E-03 7.07894E-01 2.79429E+02 
2.64848E+02 1.81205E-03 6.86011E-01 2.73718E+02 
2.72638E+02 1.72892E-03 6.63670E-01 2.67714E+02 
2.80427E+02 1.64672E-03 6.40942E-01 2.61428E+02 
2.88217E+02 1.56567E-03 6.17897E-01 2.54876E+02 
2.96007E+02 1.48595E-03 5.94611E-01 2.48074E+02 
3.03796E+02 1.40774E-03 5.71157E-01 2.41040E+02 
3.11586E+02 1.33122E-03 5.47612E-01 2.33795E+02 
3.19375E+02 1.25653E-03 5.24051E-01 2.26362E+02 
3.27165E+02 1.18382E-03 5.00547E-01 2.18764E+02 
3.34955E+02 1.11322E-03 4.77175E-01 2.11026E+02 
3.42744E+02 1.04483E-03 4.54005E-01 2.03176E+02 
3.50534E+02 9.78770E-04 4.31106E-01 1.95238E+02 
3.58324E+02 9.15107E-04 4.08544E-01 1.87242E+02 
3.66113E+02 8.53914E-04 3.86380E-01 1.79214E+02 
3.73903E+02 7.95242E-04 3.64673E-01 1.71182E+02 
3.81693E+02 7.39129E-04 3.43475E-01 1.63174E+02 
3.89482E+02 6.85600E-04 3.22837E-01 1.55217E+02 
3.97272E+02 6.34664E-04 3.02801E-01 1.47335E+02 
4.05062E+02 5.86316E-04 2.83407E-01 1.39556E+02 
4.12851E+02 5.40542E-04 2.64689E-01 1.31901E+02 
4.20641E+02 4.97312E-04 2.46675E-01 1.24394E+02 
4.28430E+02 4.56587E-04 2.29388E-01 1.17056E+02 
4.36220E+02 4.18320E-04 2.12845E-01 1.09905E+02 
4.44010E+02 3.82451E-04 1.97060E-01 1.02958E+02 
4.51799E+02 3.48915E-04 1.82041E-01 9.62312E+01 
4.59589E+02 3.17639E-04 1.67790E-01 8.97376E+01 
4.67379E+02 2.88544E-04 1.54306E-01 8.34885E+01 
4.75168E+02 2.61544E-04 1.41583E-01 7.74931E+01 
4.82958E+02 2.36553E-04 1.29612E-01 7.17587E+01 
4.90748E+02 2.13479E-04 1.18380E-01 6.62905E+01 
4.98537E+02 1.92227E-04 1.07869E-01 6.10919E+01 
5.06327E+02 1.72704E-04 9.80608E-02 5.61645E+01 
5.14117E+02 1.54813E-04 8.89336E-02 5.15080E+01 
5.21906E+02 1.38459E-04 8.04631E-02 4.71206E+01 
5.29696E+02 1.23548E-04 7.26236E-02 4.29990E+01 
5.37485E+02 1.09986E-04 6.53879E-02 3.91385E+01 
5.45275E+02 9.76818E-05 5.87275E-02 3.55330E+01 
5.53065E+02 8.65472E-05 5.26134E-02 3.21757E+01 
5.60854E+02 7.64959E-05 4.70159E-02 2.90585E+01 
5.68644E+02 6.74454E-05 4.19053E-02 2.61726E+01 
5.76434E+02 5.93164E-05 3.72517E-02 2.35085E+01 
5.84223E+02 5.20334E-05 3.30257E-02 2.10563E+01 
5.92013E+02 4.55245E-05 2.91982E-02 1.88055E+01 
5.99803E+02 3.97223E-05 2.57410E-02 1.67456E+01 
6.07592E+02 3.45628E-05 2.26266E-02 1.48656E+01 
6.15382E+02 2.99863E-05 1.98286E-02 1.31548E+01 
6.23172E+02 2.59372E-05 1.73214E-02 1.16024E+01 
6.30961E+02 2.23636E-05 1.50808E-02 1.01976E+01 
6.38751E+02 1.92176E-05 1.30838E-02 8.92990E+00 
6.46541E+02 1.64550E-05 1.13086E-02 7.78924E+00 
6.54330E+02 1.40351E-05 9.73485E-03 6.76572E+00 
6.62120E+02 1.19207E-05 8.34328E-03 5.84987E+00 
6.69909E+02 1.00779E-05 7.11610E-03 5.03264E+00 
6.77699E+02 8.47573E-06 6.03672E-03 4.30545E+00 
6.85489E+02 7.08636E-06 5.08987E-03 3.66016E+00 
6.93278E+02 5.88451E-06 4.26144E-03 3.08913E+00 
7.01068E+02 4.84747E-06 3.53855E-03 2.58521E+00 
7.08858E+02 3.95488E-06 2.90939E-03 2.14174E+00 
7.16647E+02 3.18855E-06 2.36327E-03 1.75253E+00 
7.24437E+02 2.53225E-06 1.89045E-03 1.41189E+00 
7.32227E+02 1.97162E-06 1.48217E-03 1.11457E+00 
7.40016E+02 1.49388E-06 1.13055E-03 8.55769E-01 
7.47806E+02 1.08781E-06 8.28517E-04 6.31113E-01 
7.55596E+02 7.43526E-07 5.69752E-04 4.36625E-01 
7.63385E+02 4.52349E-07 3.48638E-04 2.68714E-01 
7.71175E+02 2.06709E-07 1.60190E-04 1.24142E-01 
