100 2 
0.00000E+00 3.97575E-03 1.00578E+00 3.16788E+02 
7.50422E+00 3.97326E-03 1.00577E+00 3.16788E+02 
1.50084E+01 3.96579E-03 1.00568E+00 3.16787E+02 
2.25127E+01 3.95338E-03 1.00544E+00 3.16782E+02 
3.00169E+01 3.93605E-03 1.00498E+00 3.16770E+02 
3.75211E+01 3.91385E-03 1.00423E+00 3.16745E+02 
4.50253E+01 3.88685E-03 1.00311E+00 3.16698E+02 
5.25295E+01 3.85513E-03 1.00156E+00 3.16622E+02 
6.00338E+01 3.81878E-03 9.99515E-01 3.16507E+02 
6.75380E+01 3.77790E-03 9.96905E-01 3.16340E+02 
7.50422E+01 3.73263E-03 9.93674E-01 3.16109E+02 
8.25464E+01 3.68308E-03 9.89768E-01 3.15801E+02 
9.00507E+01 3.62941E-03 9.85133E-01 3.15400E+02 
9.75549E+01 3.57177E-03 9.79725E-01 3.14893E+02 
1.05059E+02 3.51035E-03 9.73500E-01 3.14261E+02 
1.12563E+02 3.44532E-03 9.66422E-01 3.13491E+02 
1.20068E+02 3.37688E-03 9.58459E-01 3.12564E+02 
1.27572E+02 3.30524E-03 9.49586E-01 3.11465E+02 
1.35076E+02 3.23061E-03 9.39784E-01 3.10177E+02 
1.42580E+02 3.15322E-03 9.29038E-01 3.08684E+02 
1.50084E+02 3.07330E-03 9.17342E-01 3.06972E+02 
1.57589E+02 2.99109E-03 9.04694E-01 3.05026E+02 
1.65093E+02 2.90685E-03 8.91101E-01 3.02832E+02 
1.72597E+02 2.82082E-03 8.76575E-01 3.00379E+02 
1.80101E+02 2.73326E-03 8.61133E-01 2.97655E+02 
1.87606E+02 2.64444E-03 8.44802E-01 2.94652E+02 
1.95110E+02 2.55461E-03 8.27611E-01 2.91362E+02 
2.02614E+02 2.46403E-03 8.09598E-01 2.87780E+02 
2.10118E+02 2.37296E-03 7.90805E-01 2.83901E+02 
2.17622E+02 2.28167E-03 7.71280E-01 2.79725E+02 
2.25127E+02 2.19040E-03 7.51075E-01 2.75251E+02 
2.32631E+02 2.09940E-03 7.30248E-01 2.70484E+02 
2.40135E+02 2.00891E-03 7.08859E-01 2.65428E+02 
2.47639E+02 1.91918E-03 6.86974E-01 2.60090E+02 
2.55144E+02 1.83041E-03 6.64659E-01 2.54480E+02 
2.62648E+02 1.74283E-03 6.41985E-01 2.48610E+02 
2.70152E+02 1.65663E-03 6.19023E-01 2.42492E+02 
2.77656E+02 1.57201E-03 5.95847E-01 2.36144E+02 
2.85160E+02 1.48915E-03 5.72529E-01 2.29582E+02 
2.92665E+02 1.40820E-03 5.49144E-01 2.22826E+02 
3.00169E+02 1.32932E-03 5.25764E-01 2.15896E+02 
3.07673E+02 1.25264E-03 5.02461E-01 2.08814E+02 
3.15177E+02 1.17828E-03 4.79305E-01 2.01602E+02 
3.22682E+02 1.10634E-03 4.56363E-01 1.94286E+02 
3.30186E+02 1.03692E-03 4.33701E-01 1.86888E+02 
3.37690E+02 9.70071E-04 4.11381E-01 1.79435E+02 
3.45194E+02 9.05866E-04 3.89461E-01 1.71951E+02 
3.52698E+02 8.44343E-04 3.67994E-01 1.64460E+02 
3.60203E+02 7.85530E-04 3.47032E-01 1.56989E+02 
3.67707E+02 7.29439E-04 3.26619E-01 1.49560E+02 
3.75211E+02 6.76071E-04 3.06797E-01 1.42197E+02 
3.82715E+02 6.25413E-04 2.87601E-01 1.34923E+02 
3.90219E+02 5.77441E-04 2.69063E-01 1.27759E+02 
3.97724E+02 5.32118E-04 2.51209E-01 1.20725E+02 
4.05228E+02 4.89399E-04 2.34060E-01 1.13841E+02 
4.12732E+02 4.49229E-04 2.17632E-01 1.07123E+02 
4.20236E+02 4.11543E-04 2.01938E-01 1.00587E+02 
4.27741E+02 3.76271E-04 1.86985E-01 9.42473E+01 
4.35245E+02 3.43335E-04 1.72775E-01 8.81161E+01 
4.42749E+02 3.12652E-04 1.59306E-01 8.22041E+01 
4.50253E+02 2.84136E-04 1.46575E-01 7.65199E+01 
4.57757E+02 2.57693E-04 1.34571E-01 7.10707E+01 
4.65262E+02 2.33232E-04 1.23283E-01 6.58617E+01 
4.72766E+02 2.10656E-04 1.12696E-01 6.08965E+01 
4.80270E+02 1.89869E-04 1.02791E-01 5.61772E+01 
4.87774E+02 1.70773E-04 9.35495E-02 5.17043E+01 
4.95279E+02 1.53271E-04 8.49480E-02 4.74768E+01 
5.02783E+02 1.37268E-04 7.69630E-02 4.34925E+01 
5.10287E+02 1.22670E-04 6.95693E-02 3.97477E+01 
5.17791E+02 1.09384E-04 6.27405E-02 3.62377E+01 
5.25295E+02 9.73200E-05 5.64495E-02 3.29570E+01 
5.32800E+02 8.63917E-05 5.06686E-02 2.98990E+01 
5.40304E+02 7.65149E-05 4.53698E-02 2.70562E+01 
5.47808E+02 6.76092E-05 4.05252E-02 2.44207E+01 
5.55312E+02 5.95979E-05 3.61070E-02 2.19841E+01 
5.62817E+02 5.24078E-05 3.20878E-02 1.97373E+01 
5.70321E+02 4.59698E-05 2.84407E-02 1.76712E+01 
5.77825E+02 4.02187E-05 2.51395E-02 1.57763E+01 
5.85329E+02 3.50930E-05 2.21589E-02 1.40431E+01 
5.92833E+02 3.05354E-05 1.94745E-02 1.24619E+01 
6.00338E+02 2.64924E-05 1.70628E-02 1.10232E+01 
6.07842E+02 2.29141E-05 1.49014E-02 9.71775E+00 
6.15346E+02 1.97546E-05 1.29693E-02 8.53622E+00 
6.22850E+02 1.69712E-05 1.12464E-02 7.46968E+00 
6.30355E+02 1.45250E-05 9.71378E-03 6.50945E+00 
6.37859E+02 1.23800E-05 8.35382E-03 5.64720E+00 
6.45363E+02 1.05036E-05 7.15004E-03 4.87493E+00 
6.52867E+02 8.86592E-06 6.08714E-03 4.18507E+00 
6.60371E+02 7.43993E-06 5.15093E-03 3.57041E+00 
6.67876E+02 6.20114E-06 4.32834E-03 3.02417E+00 
6.75380E+02 5.12749E-06 3.60734E-03 2.53999E+00 
6.82884E+02 4.19912E-06 2.97693E-03 2.11191E+00 
6.90388E+02 3.39823E-06 2.42709E-03 1.73442E+00 
6.97893E+02 2.70893E-06 1.94868E-03 1.40238E+00 
7.05397E+02 2.11705E-06 1.53345E-03 1.11107E+00 
7.12901E+02 1.61000E-06 1.17393E-03 8.56151E-01 
7.20405E+02 1.17664E-06 8.63400E-04 6.33637E-01 
7.27909E+02 8.07108E-07 5.95840E-04 4.39907E-01 
7.35414E+02 4.92744E-07 3.65863E-04 2.71664E-01 
7.42918E+02 2.25928E-07 1.68670E-04 1.25924E-01 
