100 2 
0.00000E+00 3.98531E-03 1.00577E+00 3.16136E+02 
7.49346E+00 3.98281E-03 1.00576E+00 3.16136E+02 
1.49869E+01 3.97530E-03 1.00567E+00 3.16135E+02 
2.24804E+01 3.96280E-03 1.00544E+00 3.16130E+02 
2.99738E+01 3.94536E-03 1.00498E+00 3.16118E+02 
3.74673E+01 3.92303E-03 1.00422E+00 3.16092E+02 
4.49608E+01 3.89586E-03 1.00310E+00 3.16046E+02 
5.24542E+01 3.86395E-03 1.00154E+00 3.15969E+02 
5.99477E+01 3.82738E-03 9.99482E-01 3.15853E+02 
6.74411E+01 3.78627E-03 9.96861E-01 3.15686E+02 
7.49346E+01 3.74072E-03 9.93616E-01 3.15455E+02 
8.24281E+01 3.69089E-03 9.89693E-01 3.15145E+02 
8.99215E+01 3.63692E-03 9.85039E-01 3.14744E+02 
9.74150E+01 3.57898E-03 9.79609E-01 3.14235E+02 
1.04908E+02 3.51723E-03 9.73360E-01 3.13602E+02 
1.12402E+02 3.45186E-03 9.66255E-01 3.12830E+02 
1.19895E+02 3.38307E-03 9.58264E-01 3.11901E+02 
1.27389E+02 3.31108E-03 9.49360E-01 3.10799E+02 
1.34882E+02 3.23609E-03 9.39525E-01 3.09509E+02 
1.42376E+02 3.15834E-03 9.28745E-01 3.08014E+02 
1.49869E+02 3.07807E-03 9.17014E-01 3.06299E+02 
1.57363E+02 2.99551E-03 9.04331E-01 3.04350E+02 
1.64856E+02 2.91092E-03 8.90701E-01 3.02154E+02 
1.72350E+02 2.82456E-03 8.76139E-01 2.99698E+02 
1.79843E+02 2.73667E-03 8.60661E-01 2.96972E+02 
1.87336E+02 2.64753E-03 8.44295E-01 2.93967E+02 
1.94830E+02 2.55739E-03 8.27070E-01 2.90675E+02 
2.02323E+02 2.46652E-03 8.09025E-01 2.87091E+02 
2.09817E+02 2.37517E-03 7.90201E-01 2.83212E+02 
2.17310E+02 2.28362E-03 7.70648E-01 2.79035E+02 
2.24804E+02 2.19210E-03 7.50417E-01 2.74563E+02 
2.32297E+02 2.10087E-03 7.29567E-01 2.69797E+02 
2.39791E+02 2.01017E-03 7.08158E-01 2.64743E+02 
2.47284E+02 1.92023E-03 6.86255E-01 2.59409E+02 
2.54778E+02 1.83128E-03 6.63927E-01 2.53803E+02 
2.62271E+02 1.74353E-03 6.41243E-01 2.47939E+02 
2.69765E+02 1.65719E-03 6.18274E-01 2.41829E+02 
2.77258E+02 1.57243E-03 5.95094E-01 2.35489E+02 
2.84751E+02 1.48945E-03 5.71777E-01 2.28936E+02 
2.92245E+02 1.40840E-03 5.48395E-01 2.22191E+02 
2.99738E+02 1.32943E-03 5.25022E-01 2.15272E+02 
3.07232E+02 1.25267E-03 5.01729E-01 2.08203E+02 
3.14725E+02 1.17825E-03 4.78586E-01 2.01006E+02 
3.22219E+02 1.10626E-03 4.55660E-01 1.93705E+02 
3.29712E+02 1.03678E-03 4.33016E-01 1.86325E+02 
3.37206E+02 9.69907E-04 4.10717E-01 1.78889E+02 
3.44699E+02 9.05677E-04 3.88819E-01 1.71423E+02 
3.52193E+02 8.44136E-04 3.67377E-01 1.63952E+02 
3.59686E+02 7.85311E-04 3.46441E-01 1.56500E+02 
3.67180E+02 7.29215E-04 3.26056E-01 1.49092E+02 
3.74673E+02 6.75847E-04 3.06262E-01 1.41750E+02 
3.82166E+02 6.25193E-04 2.87095E-01 1.34498E+02 
3.89660E+02 5.77229E-04 2.68586E-01 1.27355E+02 
3.97153E+02 5.31916E-04 2.50762E-01 1.20343E+02 
4.04647E+02 4.89210E-04 2.33643E-01 1.13481E+02 
4.12140E+02 4.49054E-04 2.17245E-01 1.06784E+02 
4.19634E+02 4.11383E-04 2.01579E-01 1.00270E+02 
4.27127E+02 3.76128E-04 1.86654E-01 9.39513E+01 
4.34621E+02 3.43208E-04 1.72471E-01 8.78408E+01 
4.42114E+02 3.12542E-04 1.59030E-01 8.19488E+01 
4.49608E+02 2.84041E-04 1.46324E-01 7.62841E+01 
4.57101E+02 2.57614E-04 1.34344E-01 7.08537E+01 
4.64594E+02 2.33167E-04 1.23079E-01 6.56627E+01 
4.72088E+02 2.10605E-04 1.12514E-01 6.07148E+01 
4.79581E+02 1.89830E-04 1.02629E-01 5.60119E+01 
4.87075E+02 1.70746E-04 9.34062E-02 5.15545E+01 
4.94568E+02 1.53255E-04 8.48222E-02 4.73417E+01 
5.02062E+02 1.37261E-04 7.68533E-02 4.33710E+01 
5.09555E+02 1.22671E-04 6.94743E-02 3.96390E+01 
5.17049E+02 1.09392E-04 6.26589E-02 3.61410E+01 
5.24542E+02 9.73340E-05 5.63800E-02 3.28713E+01 
5.32036E+02 8.64107E-05 5.06100E-02 2.98234E+01 
5.39529E+02 7.65378E-05 4.53209E-02 2.69899E+01 
5.47023E+02 6.76352E-05 4.04849E-02 2.43629E+01 
5.54516E+02 5.96262E-05 3.60743E-02 2.19339E+01 
5.62009E+02 5.24376E-05 3.20617E-02 1.96941E+01 
5.69503E+02 4.60006E-05 2.84203E-02 1.76342E+01 
5.76996E+02 4.02497E-05 2.51241E-02 1.57448E+01 
5.84490E+02 3.51239E-05 2.21477E-02 1.40165E+01 
5.91983E+02 3.05657E-05 1.94667E-02 1.24396E+01 
5.99477E+02 2.65217E-05 1.70579E-02 1.10048E+01 
6.06970E+02 2.29422E-05 1.48989E-02 9.70260E+00 
6.14464E+02 1.97813E-05 1.29687E-02 8.52392E+00 
6.21957E+02 1.69963E-05 1.12473E-02 7.45982E+00 
6.29451E+02 1.45484E-05 9.71577E-03 6.50167E+00 
6.36944E+02 1.24016E-05 8.35662E-03 5.64116E+00 
6.44438E+02 1.05233E-05 7.15339E-03 4.87036E+00 
6.51931E+02 8.88379E-06 6.09081E-03 4.18169E+00 
6.59424E+02 7.45596E-06 5.15474E-03 3.56800E+00 
6.66918E+02 6.21538E-06 4.33213E-03 3.02254E+00 
6.74411E+02 5.13999E-06 3.61100E-03 2.53896E+00 
6.81905E+02 4.20995E-06 2.98037E-03 2.11135E+00 
6.89398E+02 3.40748E-06 2.43023E-03 1.73419E+00 
6.96892E+02 2.71669E-06 1.95148E-03 1.40239E+00 
7.04385E+02 2.12341E-06 1.53586E-03 1.11123E+00 
7.11879E+02 1.61507E-06 1.17594E-03 8.56390E-01 
7.19372E+02 1.18050E-06 8.64994E-04 6.33899E-01 
7.26866E+02 8.09865E-07 5.97019E-04 4.40146E-01 
7.34359E+02 4.94490E-07 3.66634E-04 2.71846E-01 
7.41852E+02 2.26759E-07 1.69047E-04 1.26025E-01 
