100 2 
0.00000E+00 3.73717E-03 1.00585E+00 3.33823E+02 
7.77291E+00 3.73508E-03 1.00584E+00 3.33823E+02 
1.55458E+01 3.72880E-03 1.00577E+00 3.33822E+02 
2.33187E+01 3.71835E-03 1.00556E+00 3.33817E+02 
3.10916E+01 3.70376E-03 1.00516E+00 3.33806E+02 
3.88646E+01 3.68504E-03 1.00450E+00 3.33783E+02 
4.66375E+01 3.66223E-03 1.00353E+00 3.33741E+02 
5.44104E+01 3.63538E-03 1.00217E+00 3.33672E+02 
6.21833E+01 3.60454E-03 1.00037E+00 3.33567E+02 
6.99562E+01 3.56978E-03 9.98069E-01 3.33415E+02 
7.77291E+01 3.53116E-03 9.95215E-01 3.33204E+02 
8.55020E+01 3.48878E-03 9.91753E-01 3.32921E+02 
9.32749E+01 3.44272E-03 9.87633E-01 3.32552E+02 
1.01048E+02 3.39308E-03 9.82808E-01 3.32083E+02 
1.08821E+02 3.33997E-03 9.77233E-01 3.31497E+02 
1.16594E+02 3.28354E-03 9.70870E-01 3.30780E+02 
1.24367E+02 3.22389E-03 9.63682E-01 3.29913E+02 
1.32139E+02 3.16119E-03 9.55639E-01 3.28881E+02 
1.39912E+02 3.09559E-03 9.46714E-01 3.27666E+02 
1.47685E+02 3.02726E-03 9.36886E-01 3.26252E+02 
1.55458E+02 2.95637E-03 9.26139E-01 3.24623E+02 
1.63231E+02 2.88311E-03 9.14464E-01 3.22762E+02 
1.71004E+02 2.80767E-03 9.01856E-01 3.20654E+02 
1.78777E+02 2.73027E-03 8.88318E-01 3.18286E+02 
1.86550E+02 2.65111E-03 8.73857E-01 3.15644E+02 
1.94323E+02 2.57041E-03 8.58488E-01 3.12717E+02 
2.02096E+02 2.48840E-03 8.42232E-01 3.09494E+02 
2.09869E+02 2.40531E-03 8.25116E-01 3.05968E+02 
2.17641E+02 2.32136E-03 8.07171E-01 3.02131E+02 
2.25414E+02 2.23680E-03 7.88438E-01 2.97981E+02 
2.33187E+02 2.15185E-03 7.68960E-01 2.93514E+02 
2.40960E+02 2.06676E-03 7.48787E-01 2.88731E+02 
2.48733E+02 1.98175E-03 7.27974E-01 2.83635E+02 
2.56506E+02 1.89706E-03 7.06579E-01 2.78230E+02 
2.64279E+02 1.81291E-03 6.84667E-01 2.72524E+02 
2.72052E+02 1.72951E-03 6.62304E-01 2.66526E+02 
2.79825E+02 1.64708E-03 6.39559E-01 2.60250E+02 
2.87598E+02 1.56582E-03 6.16504E-01 2.53709E+02 
2.95371E+02 1.48592E-03 5.93214E-01 2.46920E+02 
3.03144E+02 1.40755E-03 5.69763E-01 2.39902E+02 
3.10916E+02 1.33088E-03 5.46226E-01 2.32676E+02 
3.18689E+02 1.25608E-03 5.22679E-01 2.25263E+02 
3.26462E+02 1.18328E-03 4.99195E-01 2.17688E+02 
3.34235E+02 1.11260E-03 4.75849E-01 2.09975E+02 
3.42008E+02 1.04416E-03 4.52709E-01 2.02152E+02 
3.49781E+02 9.78056E-04 4.29846E-01 1.94243E+02 
3.57554E+02 9.14367E-04 4.07322E-01 1.86278E+02 
3.65327E+02 8.53160E-04 3.85201E-01 1.78283E+02 
3.73100E+02 7.94487E-04 3.63540E-01 1.70285E+02 
3.80873E+02 7.38383E-04 3.42391E-01 1.62313E+02 
3.88646E+02 6.84870E-04 3.21804E-01 1.54392E+02 
3.96418E+02 6.33958E-04 3.01821E-01 1.46548E+02 
4.04191E+02 5.85641E-04 2.82481E-01 1.38807E+02 
4.11964E+02 5.39901E-04 2.63817E-01 1.31191E+02 
4.19737E+02 4.96709E-04 2.45857E-01 1.23723E+02 
4.27510E+02 4.56025E-04 2.28624E-01 1.16423E+02 
4.35283E+02 4.17800E-04 2.12136E-01 1.09311E+02 
4.43056E+02 3.81974E-04 1.96404E-01 1.02402E+02 
4.50829E+02 3.48482E-04 1.81436E-01 9.57128E+01 
4.58602E+02 3.17248E-04 1.67235E-01 8.92559E+01 
4.66375E+02 2.88194E-04 1.53799E-01 8.30424E+01 
4.74148E+02 2.61234E-04 1.41122E-01 7.70816E+01 
4.81920E+02 2.36281E-04 1.29195E-01 7.13804E+01 
4.89693E+02 2.13242E-04 1.18004E-01 6.59442E+01 
4.97466E+02 1.92024E-04 1.07532E-01 6.07760E+01 
5.05239E+02 1.72531E-04 9.77605E-02 5.58775E+01 
5.13012E+02 1.54669E-04 8.86673E-02 5.12483E+01 
5.20785E+02 1.38341E-04 8.02282E-02 4.68866E+01 
5.28558E+02 1.23452E-04 7.24177E-02 4.27890E+01 
5.36331E+02 1.09911E-04 6.52085E-02 3.89509E+01 
5.44104E+02 9.76251E-05 5.85722E-02 3.53662E+01 
5.51877E+02 8.65062E-05 5.24799E-02 3.20280E+01 
5.59650E+02 7.64686E-05 4.69020E-02 2.89284E+01 
5.67422E+02 6.74296E-05 4.18089E-02 2.60585E+01 
5.75195E+02 5.93104E-05 3.71708E-02 2.34090E+01 
5.82968E+02 5.20353E-05 3.29585E-02 2.09700E+01 
5.90741E+02 4.55329E-05 2.91430E-02 1.87311E+01 
5.98514E+02 3.97357E-05 2.56963E-02 1.66818E+01 
6.06287E+02 3.45801E-05 2.25909E-02 1.48114E+01 
6.14060E+02 3.00064E-05 1.98005E-02 1.31090E+01 
6.21833E+02 2.59591E-05 1.72999E-02 1.15639E+01 
6.29606E+02 2.23866E-05 1.50647E-02 1.01655E+01 
6.37379E+02 1.92410E-05 1.30723E-02 8.90341E+00 
6.45152E+02 1.64782E-05 1.13008E-02 7.76758E+00 
6.52924E+02 1.40577E-05 9.73004E-03 6.74819E+00 
6.60697E+02 1.19423E-05 8.34083E-03 5.83586E+00 
6.68470E+02 1.00982E-05 7.11545E-03 5.02159E+00 
6.76243E+02 8.49466E-06 6.03744E-03 4.29687E+00 
6.84016E+02 7.10372E-06 5.09154E-03 3.65362E+00 
6.91789E+02 5.90020E-06 4.26375E-03 3.08425E+00 
6.99562E+02 4.86147E-06 3.54123E-03 2.58167E+00 
7.07335E+02 3.96718E-06 2.91223E-03 2.13926E+00 
7.15108E+02 3.19916E-06 2.36608E-03 1.75088E+00 
7.22881E+02 2.54125E-06 1.89311E-03 1.41086E+00 
7.30654E+02 1.97905E-06 1.48458E-03 1.11399E+00 
7.38427E+02 1.49984E-06 1.13263E-03 8.55506E-01 
7.46199E+02 1.09239E-06 8.30215E-04 6.31050E-01 
7.53972E+02 7.46805E-07 5.71037E-04 4.36671E-01 
7.61745E+02 4.54438E-07 3.49496E-04 2.68797E-01 
7.69518E+02 2.07705E-07 1.60616E-04 1.24205E-01 
