100 2 
0.00000E+00 3.97266E-03 1.00578E+00 3.16999E+02 
7.50769E+00 3.97018E-03 1.00577E+00 3.16999E+02 
1.50154E+01 3.96273E-03 1.00568E+00 3.16998E+02 
2.25231E+01 3.95034E-03 1.00544E+00 3.16993E+02 
3.00308E+01 3.93304E-03 1.00499E+00 3.16981E+02 
3.75385E+01 3.91089E-03 1.00423E+00 3.16956E+02 
4.50462E+01 3.88394E-03 1.00312E+00 3.16909E+02 
5.25538E+01 3.85228E-03 1.00157E+00 3.16833E+02 
6.00615E+01 3.81600E-03 9.99525E-01 3.16718E+02 
6.75692E+01 3.77521E-03 9.96919E-01 3.16551E+02 
7.50769E+01 3.73001E-03 9.93693E-01 3.16321E+02 
8.25846E+01 3.68056E-03 9.89792E-01 3.16013E+02 
9.00923E+01 3.62698E-03 9.85164E-01 3.15613E+02 
9.76000E+01 3.56945E-03 9.79762E-01 3.15105E+02 
1.05108E+02 3.50813E-03 9.73545E-01 3.14475E+02 
1.12615E+02 3.44321E-03 9.66476E-01 3.13704E+02 
1.20123E+02 3.37489E-03 9.58522E-01 3.12778E+02 
1.27631E+02 3.30336E-03 9.49660E-01 3.11680E+02 
1.35138E+02 3.22884E-03 9.39868E-01 3.10393E+02 
1.42646E+02 3.15156E-03 9.29133E-01 3.08901E+02 
1.50154E+02 3.07176E-03 9.17448E-01 3.07190E+02 
1.57662E+02 2.98967E-03 9.04812E-01 3.05245E+02 
1.65169E+02 2.90553E-03 8.91231E-01 3.03052E+02 
1.72677E+02 2.81962E-03 8.76716E-01 3.00599E+02 
1.80185E+02 2.73217E-03 8.61286E-01 2.97876E+02 
1.87692E+02 2.64344E-03 8.44966E-01 2.94874E+02 
1.95200E+02 2.55371E-03 8.27786E-01 2.91585E+02 
2.02708E+02 2.46323E-03 8.09784E-01 2.88002E+02 
2.10215E+02 2.37225E-03 7.91001E-01 2.84124E+02 
2.17723E+02 2.28104E-03 7.71485E-01 2.79948E+02 
2.25231E+02 2.18985E-03 7.51288E-01 2.75474E+02 
2.32738E+02 2.09893E-03 7.30469E-01 2.70706E+02 
2.40246E+02 2.00851E-03 7.09086E-01 2.65649E+02 
2.47754E+02 1.91884E-03 6.87207E-01 2.60310E+02 
2.55262E+02 1.83013E-03 6.64896E-01 2.54699E+02 
2.62769E+02 1.74260E-03 6.42226E-01 2.48827E+02 
2.70277E+02 1.65645E-03 6.19266E-01 2.42707E+02 
2.77785E+02 1.57188E-03 5.96091E-01 2.36356E+02 
2.85292E+02 1.48905E-03 5.72773E-01 2.29792E+02 
2.92800E+02 1.40814E-03 5.49387E-01 2.23032E+02 
3.00308E+02 1.32929E-03 5.26005E-01 2.16098E+02 
3.07815E+02 1.25263E-03 5.02698E-01 2.09011E+02 
3.15323E+02 1.17829E-03 4.79538E-01 2.01795E+02 
3.22831E+02 1.10637E-03 4.56591E-01 1.94474E+02 
3.30338E+02 1.03696E-03 4.33924E-01 1.87071E+02 
3.37846E+02 9.70127E-04 4.11597E-01 1.79612E+02 
3.45354E+02 9.05930E-04 3.89669E-01 1.72122E+02 
3.52862E+02 8.44413E-04 3.68194E-01 1.64625E+02 
3.60369E+02 7.85603E-04 3.47223E-01 1.57147E+02 
3.67877E+02 7.29514E-04 3.26802E-01 1.49711E+02 
3.75385E+02 6.76146E-04 3.06970E-01 1.42342E+02 
3.82892E+02 6.25486E-04 2.87765E-01 1.35061E+02 
3.90400E+02 5.77512E-04 2.69217E-01 1.27890E+02 
3.97908E+02 5.32186E-04 2.51354E-01 1.20849E+02 
4.05415E+02 4.89462E-04 2.34195E-01 1.13958E+02 
4.12923E+02 4.49287E-04 2.17758E-01 1.07233E+02 
4.20431E+02 4.11596E-04 2.02055E-01 1.00690E+02 
4.27938E+02 3.76319E-04 1.87092E-01 9.43433E+01 
4.35446E+02 3.43378E-04 1.72873E-01 8.82055E+01 
4.42954E+02 3.12690E-04 1.59396E-01 8.22869E+01 
4.50462E+02 2.84167E-04 1.46657E-01 7.65964E+01 
4.57969E+02 2.57720E-04 1.34645E-01 7.11411E+01 
4.65477E+02 2.33254E-04 1.23350E-01 6.59262E+01 
4.72985E+02 2.10674E-04 1.12755E-01 6.09555E+01 
4.80492E+02 1.89882E-04 1.02844E-01 5.62309E+01 
4.88000E+02 1.70782E-04 9.35962E-02 5.17529E+01 
4.95508E+02 1.53277E-04 8.49890E-02 4.75207E+01 
5.03015E+02 1.37271E-04 7.69988E-02 4.35319E+01 
5.10523E+02 1.22670E-04 6.96003E-02 3.97829E+01 
5.18031E+02 1.09382E-04 6.27672E-02 3.62691E+01 
5.25539E+02 9.73159E-05 5.64722E-02 3.29848E+01 
5.33046E+02 8.63859E-05 5.06877E-02 2.99235E+01 
5.40554E+02 7.65078E-05 4.53858E-02 2.70777E+01 
5.48062E+02 6.76011E-05 4.05384E-02 2.44395E+01 
5.55569E+02 5.95891E-05 3.61178E-02 2.20004E+01 
5.63077E+02 5.23985E-05 3.20964E-02 1.97514E+01 
5.70585E+02 4.59602E-05 2.84474E-02 1.76832E+01 
5.78092E+02 4.02089E-05 2.51446E-02 1.57865E+01 
5.85600E+02 3.50833E-05 2.21627E-02 1.40517E+01 
5.93108E+02 3.05258E-05 1.94771E-02 1.24691E+01 
6.00615E+02 2.64831E-05 1.70644E-02 1.10292E+01 
6.08123E+02 2.29052E-05 1.49023E-02 9.72269E+00 
6.15631E+02 1.97461E-05 1.29696E-02 8.54023E+00 
6.23138E+02 1.69632E-05 1.12462E-02 7.47289E+00 
6.30646E+02 1.45175E-05 9.71318E-03 6.51199E+00 
6.38154E+02 1.23731E-05 8.35296E-03 5.64917E+00 
6.45662E+02 1.04973E-05 7.14901E-03 4.87643E+00 
6.53169E+02 8.86022E-06 6.08600E-03 4.18618E+00 
6.60677E+02 7.43481E-06 5.14973E-03 3.57121E+00 
6.68185E+02 6.19659E-06 4.32714E-03 3.02471E+00 
6.75692E+02 5.12349E-06 3.60617E-03 2.54033E+00 
6.83200E+02 4.19564E-06 2.97583E-03 2.11210E+00 
6.90708E+02 3.39526E-06 2.42609E-03 1.73450E+00 
6.98215E+02 2.70644E-06 1.94779E-03 1.40238E+00 
7.05723E+02 2.11501E-06 1.53268E-03 1.11103E+00 
7.13231E+02 1.60838E-06 1.17329E-03 8.56077E-01 
7.20739E+02 1.17540E-06 8.62890E-04 6.33555E-01 
7.28246E+02 8.06224E-07 5.95462E-04 4.39831E-01 
7.35754E+02 4.92182E-07 3.65616E-04 2.71605E-01 
7.43262E+02 2.25663E-07 1.68550E-04 1.25893E-01 
