100 2 
0.00000E+00 3.96682E-03 1.00578E+00 3.17399E+02 
7.51426E+00 3.96435E-03 1.00577E+00 3.17399E+02 
1.50285E+01 3.95693E-03 1.00568E+00 3.17398E+02 
2.25428E+01 3.94459E-03 1.00545E+00 3.17393E+02 
3.00570E+01 3.92736E-03 1.00499E+00 3.17381E+02 
3.75713E+01 3.90529E-03 1.00424E+00 3.17355E+02 
4.50855E+01 3.87844E-03 1.00313E+00 3.17309E+02 
5.25998E+01 3.84690E-03 1.00159E+00 3.17233E+02 
6.01141E+01 3.81075E-03 9.99545E-01 3.17118E+02 
6.76283E+01 3.77010E-03 9.96946E-01 3.16952E+02 
7.51426E+01 3.72507E-03 9.93729E-01 3.16722E+02 
8.26568E+01 3.67579E-03 9.89838E-01 3.16414E+02 
9.01711E+01 3.62240E-03 9.85222E-01 3.16015E+02 
9.76854E+01 3.56506E-03 9.79834E-01 3.15508E+02 
1.05200E+02 3.50394E-03 9.73631E-01 3.14879E+02 
1.12714E+02 3.43923E-03 9.66578E-01 3.14110E+02 
1.20228E+02 3.37111E-03 9.58643E-01 3.13185E+02 
1.27742E+02 3.29980E-03 9.49799E-01 3.12088E+02 
1.35257E+02 3.22550E-03 9.40027E-01 3.10802E+02 
1.42771E+02 3.14844E-03 9.29313E-01 3.09312E+02 
1.50285E+02 3.06885E-03 9.17649E-01 3.07602E+02 
1.57799E+02 2.98697E-03 9.05035E-01 3.05659E+02 
1.65314E+02 2.90305E-03 8.91476E-01 3.03468E+02 
1.72828E+02 2.81734E-03 8.76984E-01 3.01017E+02 
1.80342E+02 2.73009E-03 8.61576E-01 2.98295E+02 
1.87856E+02 2.64157E-03 8.45277E-01 2.95294E+02 
1.95371E+02 2.55202E-03 8.28119E-01 2.92006E+02 
2.02885E+02 2.46171E-03 8.10136E-01 2.88425E+02 
2.10399E+02 2.37091E-03 7.91372E-01 2.84547E+02 
2.17913E+02 2.27986E-03 7.71873E-01 2.80370E+02 
2.25428E+02 2.18882E-03 7.51693E-01 2.75897E+02 
2.32942E+02 2.09804E-03 7.30888E-01 2.71128E+02 
2.40456E+02 2.00776E-03 7.09518E-01 2.66069E+02 
2.47971E+02 1.91821E-03 6.87649E-01 2.60728E+02 
2.55485E+02 1.82961E-03 6.65347E-01 2.55114E+02 
2.62999E+02 1.74218E-03 6.42682E-01 2.49238E+02 
2.70513E+02 1.65613E-03 6.19727E-01 2.43115E+02 
2.78028E+02 1.57163E-03 5.96554E-01 2.36759E+02 
2.85542E+02 1.48888E-03 5.73236E-01 2.30188E+02 
2.93056E+02 1.40803E-03 5.49848E-01 2.23422E+02 
3.00570E+02 1.32923E-03 5.26462E-01 2.16481E+02 
3.08085E+02 1.25262E-03 5.03149E-01 2.09386E+02 
3.15599E+02 1.17832E-03 4.79981E-01 2.02161E+02 
3.23113E+02 1.10644E-03 4.57025E-01 1.94830E+02 
3.30627E+02 1.03705E-03 4.34346E-01 1.87418E+02 
3.38142E+02 9.70236E-04 4.12006E-01 1.79948E+02 
3.45656E+02 9.06054E-04 3.90064E-01 1.72446E+02 
3.53170E+02 8.44548E-04 3.68575E-01 1.64938E+02 
3.60684E+02 7.85744E-04 3.47588E-01 1.57447E+02 
3.68199E+02 7.29658E-04 3.27149E-01 1.49999E+02 
3.75713E+02 6.76290E-04 3.07300E-01 1.42616E+02 
3.83227E+02 6.25628E-04 2.88077E-01 1.35322E+02 
3.90741E+02 5.77648E-04 2.69512E-01 1.28138E+02 
3.98256E+02 5.32315E-04 2.51629E-01 1.21084E+02 
4.05770E+02 4.89584E-04 2.34453E-01 1.14179E+02 
4.13284E+02 4.49400E-04 2.17998E-01 1.07441E+02 
4.20798E+02 4.11699E-04 2.02276E-01 1.00885E+02 
4.28313E+02 3.76411E-04 1.87296E-01 9.45255E+01 
4.35827E+02 3.43460E-04 1.73060E-01 8.83750E+01 
4.43341E+02 3.12761E-04 1.59567E-01 8.24441E+01 
4.50855E+02 2.84229E-04 1.46812E-01 7.67417E+01 
4.58370E+02 2.57772E-04 1.34785E-01 7.12747E+01 
4.65884E+02 2.33297E-04 1.23476E-01 6.60488E+01 
4.73398E+02 2.10708E-04 1.12868E-01 6.10674E+01 
4.80913E+02 1.89908E-04 1.02945E-01 5.63327E+01 
4.88427E+02 1.70801E-04 9.36851E-02 5.18453E+01 
4.95941E+02 1.53289E-04 8.50671E-02 4.76040E+01 
5.03455E+02 1.37277E-04 7.70669E-02 4.36068E+01 
5.10970E+02 1.22671E-04 6.96594E-02 3.98499E+01 
5.18484E+02 1.09378E-04 6.28179E-02 3.63288E+01 
5.25998E+02 9.73089E-05 5.65155E-02 3.30377E+01 
5.33512E+02 8.63757E-05 5.07243E-02 2.99701E+01 
5.41027E+02 7.64951E-05 4.54164E-02 2.71186E+01 
5.48541E+02 6.75864E-05 4.05636E-02 2.44752E+01 
5.56055E+02 5.95728E-05 3.61383E-02 2.20313E+01 
5.63569E+02 5.23812E-05 3.21128E-02 1.97781E+01 
5.71084E+02 4.59422E-05 2.84603E-02 1.77061E+01 
5.78598E+02 4.01907E-05 2.51545E-02 1.58060E+01 
5.86112E+02 3.50650E-05 2.21699E-02 1.40681E+01 
5.93626E+02 3.05079E-05 1.94821E-02 1.24829E+01 
6.01141E+02 2.64656E-05 1.70677E-02 1.10407E+01 
6.08655E+02 2.28884E-05 1.49041E-02 9.73209E+00 
6.16169E+02 1.97301E-05 1.29702E-02 8.54787E+00 
6.23683E+02 1.69482E-05 1.12458E-02 7.47902E+00 
6.31198E+02 1.45035E-05 9.71211E-03 6.51683E+00 
6.38712E+02 1.23602E-05 8.35138E-03 5.65294E+00 
6.46226E+02 1.04855E-05 7.14708E-03 4.87930E+00 
6.53740E+02 8.84949E-06 6.08385E-03 4.18830E+00 
6.61255E+02 7.42518E-06 5.14749E-03 3.57273E+00 
6.68769E+02 6.18803E-06 4.32489E-03 3.02575E+00 
6.76283E+02 5.11598E-06 3.60400E-03 2.54099E+00 
6.83797E+02 4.18913E-06 2.97379E-03 2.11248E+00 
6.91312E+02 3.38970E-06 2.42421E-03 1.73466E+00 
6.98826E+02 2.70178E-06 1.94612E-03 1.40240E+00 
7.06340E+02 2.11118E-06 1.53124E-03 1.11095E+00 
7.13854E+02 1.60533E-06 1.17209E-03 8.55945E-01 
7.21369E+02 1.17307E-06 8.61934E-04 6.33406E-01 
7.28883E+02 8.04561E-07 5.94753E-04 4.39691E-01 
7.36397E+02 4.91129E-07 3.65152E-04 2.71498E-01 
7.43912E+02 2.25162E-07 1.68323E-04 1.25833E-01 
