100 2 
0.00000E+00 3.94953E-03 1.00579E+00 3.18588E+02 
7.53371E+00 3.94708E-03 1.00577E+00 3.18588E+02 
1.50674E+01 3.93975E-03 1.00569E+00 3.18587E+02 
2.26011E+01 3.92755E-03 1.00546E+00 3.18582E+02 
3.01348E+01 3.91051E-03 1.00500E+00 3.18570E+02 
3.76685E+01 3.88869E-03 1.00426E+00 3.18545E+02 
4.52022E+01 3.86215E-03 1.00316E+00 3.18499E+02 
5.27359E+01 3.83096E-03 1.00163E+00 3.18423E+02 
6.02696E+01 3.79520E-03 9.99605E-01 3.18309E+02 
6.78034E+01 3.75499E-03 9.97027E-01 3.18143E+02 
7.53371E+01 3.71044E-03 9.93836E-01 3.17915E+02 
8.28708E+01 3.66167E-03 9.89975E-01 3.17609E+02 
9.04045E+01 3.60882E-03 9.85394E-01 3.17211E+02 
9.79382E+01 3.55205E-03 9.80046E-01 3.16707E+02 
1.05472E+02 3.49153E-03 9.73888E-01 3.16080E+02 
1.13006E+02 3.42743E-03 9.66884E-01 3.15315E+02 
1.20539E+02 3.35994E-03 9.59001E-01 3.14394E+02 
1.28073E+02 3.28927E-03 9.50214E-01 3.13301E+02 
1.35607E+02 3.21561E-03 9.40501E-01 3.12020E+02 
1.43140E+02 3.13920E-03 9.29850E-01 3.10535E+02 
1.50674E+02 3.06026E-03 9.18251E-01 3.08830E+02 
1.58208E+02 2.97902E-03 9.05703E-01 3.06891E+02 
1.65742E+02 2.89572E-03 8.92210E-01 3.04705E+02 
1.73275E+02 2.81063E-03 8.77784E-01 3.02260E+02 
1.80809E+02 2.72397E-03 8.62442E-01 2.99543E+02 
1.88343E+02 2.63603E-03 8.46208E-01 2.96546E+02 
1.95876E+02 2.54704E-03 8.29112E-01 2.93261E+02 
2.03410E+02 2.45726E-03 8.11189E-01 2.89682E+02 
2.10944E+02 2.36697E-03 7.92481E-01 2.85806E+02 
2.18477E+02 2.27640E-03 7.73035E-01 2.81630E+02 
2.26011E+02 2.18581E-03 7.52903E-01 2.77156E+02 
2.33545E+02 2.09545E-03 7.32140E-01 2.72384E+02 
2.41079E+02 2.00556E-03 7.10808E-01 2.67322E+02 
2.48612E+02 1.91637E-03 6.88970E-01 2.61974E+02 
2.56146E+02 1.82810E-03 6.66694E-01 2.56352E+02 
2.63680E+02 1.74097E-03 6.44049E-01 2.50466E+02 
2.71213E+02 1.65518E-03 6.21107E-01 2.44330E+02 
2.78747E+02 1.57093E-03 5.97940E-01 2.37960E+02 
2.86281E+02 1.48839E-03 5.74623E-01 2.31372E+02 
2.93815E+02 1.40773E-03 5.51228E-01 2.24587E+02 
3.01348E+02 1.32910E-03 5.27829E-01 2.17624E+02 
3.08882E+02 1.25263E-03 5.04499E-01 2.10505E+02 
3.16416E+02 1.17844E-03 4.81307E-01 2.03254E+02 
3.23949E+02 1.10665E-03 4.58322E-01 1.95895E+02 
3.31483E+02 1.03734E-03 4.35610E-01 1.88452E+02 
3.39017E+02 9.70588E-04 4.13232E-01 1.80950E+02 
3.46550E+02 9.06451E-04 3.91249E-01 1.73415E+02 
3.54084E+02 8.44975E-04 3.69714E-01 1.65871E+02 
3.61618E+02 7.86189E-04 3.48679E-01 1.58344E+02 
3.69152E+02 7.30110E-04 3.28191E-01 1.50858E+02 
3.76685E+02 6.76740E-04 3.08290E-01 1.43437E+02 
3.84219E+02 6.26069E-04 2.89013E-01 1.36104E+02 
3.91753E+02 5.78073E-04 2.70393E-01 1.28880E+02 
3.99286E+02 5.32719E-04 2.52457E-01 1.21786E+02 
4.06820E+02 4.89963E-04 2.35225E-01 1.14842E+02 
4.14354E+02 4.49750E-04 2.18716E-01 1.08064E+02 
4.21888E+02 4.12020E-04 2.02942E-01 1.01468E+02 
4.29421E+02 3.76701E-04 1.87910E-01 9.50704E+01 
4.36955E+02 3.43717E-04 1.73623E-01 8.88821E+01 
4.44489E+02 3.12988E-04 1.60081E-01 8.29144E+01 
4.52022E+02 2.84424E-04 1.47279E-01 7.71761E+01 
4.59556E+02 2.57938E-04 1.35208E-01 7.16748E+01 
4.67090E+02 2.33434E-04 1.23856E-01 6.64156E+01 
4.74623E+02 2.10819E-04 1.13208E-01 6.14026E+01 
4.82157E+02 1.89994E-04 1.03247E-01 5.66377E+01 
4.89691E+02 1.70865E-04 9.39527E-02 5.21217E+01 
4.97225E+02 1.53333E-04 8.53024E-02 4.78535E+01 
5.04758E+02 1.37303E-04 7.72725E-02 4.38310E+01 
5.12292E+02 1.22681E-04 6.98376E-02 4.00506E+01 
5.19826E+02 1.09374E-04 6.29714E-02 3.65075E+01 
5.27359E+02 9.72926E-05 5.66464E-02 3.31961E+01 
5.34893E+02 8.63497E-05 5.08350E-02 3.01099E+01 
5.42427E+02 7.64610E-05 4.55090E-02 2.72413E+01 
5.49961E+02 6.75460E-05 4.06403E-02 2.45823E+01 
5.57494E+02 5.95276E-05 3.62008E-02 2.21243E+01 
5.65028E+02 5.23325E-05 3.21630E-02 1.98582E+01 
5.72562E+02 4.58914E-05 2.84998E-02 1.77749E+01 
5.80095E+02 4.01387E-05 2.51848E-02 1.58645E+01 
5.87629E+02 3.50129E-05 2.21924E-02 1.41176E+01 
5.95163E+02 3.04564E-05 1.94980E-02 1.25243E+01 
6.02696E+02 2.64154E-05 1.70781E-02 1.10751E+01 
6.10230E+02 2.28401E-05 1.49100E-02 9.76042E+00 
6.17764E+02 1.96841E-05 1.29725E-02 8.57092E+00 
6.25298E+02 1.69048E-05 1.12453E-02 7.49754E+00 
6.32831E+02 1.44630E-05 9.70945E-03 6.53151E+00 
6.40365E+02 1.23227E-05 8.34713E-03 5.66436E+00 
6.47899E+02 1.04511E-05 7.14172E-03 4.88802E+00 
6.55432E+02 8.81828E-06 6.07782E-03 4.19479E+00 
6.62966E+02 7.39713E-06 5.14112E-03 3.57740E+00 
6.70500E+02 6.16310E-06 4.31846E-03 3.02897E+00 
6.78034E+02 5.09405E-06 3.59773E-03 2.54307E+00 
6.85567E+02 4.17011E-06 2.96787E-03 2.11368E+00 
6.93101E+02 3.37344E-06 2.41878E-03 1.73522E+00 
7.00635E+02 2.68813E-06 1.94128E-03 1.40251E+00 
7.08168E+02 2.09999E-06 1.52704E-03 1.11076E+00 
7.15702E+02 1.59642E-06 1.16858E-03 8.55589E-01 
7.23236E+02 1.16627E-06 8.59150E-04 6.32990E-01 
7.30769E+02 7.99704E-07 5.92691E-04 4.39299E-01 
7.38303E+02 4.88048E-07 3.63800E-04 2.71193E-01 
7.45837E+02 2.23697E-07 1.67661E-04 1.25663E-01 
