100 2 
0.00000E+00 3.96156E-03 1.00578E+00 3.17760E+02 
7.52018E+00 3.95909E-03 1.00577E+00 3.17760E+02 
1.50404E+01 3.95169E-03 1.00568E+00 3.17759E+02 
2.25605E+01 3.93939E-03 1.00545E+00 3.17754E+02 
3.00807E+01 3.92222E-03 1.00499E+00 3.17742E+02 
3.76009E+01 3.90023E-03 1.00425E+00 3.17717E+02 
4.51211E+01 3.87348E-03 1.00314E+00 3.17671E+02 
5.26413E+01 3.84204E-03 1.00160E+00 3.17595E+02 
6.01615E+01 3.80602E-03 9.99564E-01 3.17480E+02 
6.76816E+01 3.76550E-03 9.96971E-01 3.17314E+02 
7.52018E+01 3.72061E-03 9.93761E-01 3.17084E+02 
8.27220E+01 3.67148E-03 9.89879E-01 3.16777E+02 
9.02422E+01 3.61826E-03 9.85274E-01 3.16379E+02 
9.77624E+01 3.56110E-03 9.79898E-01 3.15873E+02 
1.05283E+02 3.50016E-03 9.73709E-01 3.15244E+02 
1.12803E+02 3.43563E-03 9.66671E-01 3.14476E+02 
1.20323E+02 3.36771E-03 9.58751E-01 3.13552E+02 
1.27843E+02 3.29659E-03 9.49925E-01 3.12456E+02 
1.35363E+02 3.22249E-03 9.40171E-01 3.11172E+02 
1.42883E+02 3.14562E-03 9.29476E-01 3.09684E+02 
1.50404E+02 3.06623E-03 9.17832E-01 3.07975E+02 
1.57924E+02 2.98455E-03 9.05238E-01 3.06033E+02 
1.65444E+02 2.90082E-03 8.91699E-01 3.03844E+02 
1.72964E+02 2.81529E-03 8.77227E-01 3.01394E+02 
1.80484E+02 2.72823E-03 8.61839E-01 2.98674E+02 
1.88005E+02 2.63987E-03 8.45560E-01 2.95675E+02 
1.95525E+02 2.55050E-03 8.28420E-01 2.92387E+02 
2.03045E+02 2.46035E-03 8.10456E-01 2.88807E+02 
2.10565E+02 2.36970E-03 7.91708E-01 2.84929E+02 
2.18085E+02 2.27880E-03 7.72226E-01 2.80753E+02 
2.25605E+02 2.18790E-03 7.52060E-01 2.76279E+02 
2.33126E+02 2.09725E-03 7.31268E-01 2.71510E+02 
2.40646E+02 2.00708E-03 7.09909E-01 2.66450E+02 
2.48166E+02 1.91764E-03 6.88049E-01 2.61107E+02 
2.55686E+02 1.82914E-03 6.65755E-01 2.55490E+02 
2.63206E+02 1.74181E-03 6.43097E-01 2.49611E+02 
2.70727E+02 1.65583E-03 6.20145E-01 2.43484E+02 
2.78247E+02 1.57141E-03 5.96974E-01 2.37124E+02 
2.85767E+02 1.48872E-03 5.73657E-01 2.30548E+02 
2.93287E+02 1.40793E-03 5.50266E-01 2.23776E+02 
3.00807E+02 1.32919E-03 5.26876E-01 2.16828E+02 
3.08328E+02 1.25262E-03 5.03558E-01 2.09726E+02 
3.15848E+02 1.17836E-03 4.80383E-01 2.02493E+02 
3.23368E+02 1.10650E-03 4.57418E-01 1.95154E+02 
3.30888E+02 1.03713E-03 4.34729E-01 1.87731E+02 
3.38408E+02 9.70339E-04 4.12378E-01 1.80252E+02 
3.45928E+02 9.06171E-04 3.90423E-01 1.72740E+02 
3.53449E+02 8.44674E-04 3.68920E-01 1.65221E+02 
3.60969E+02 7.85876E-04 3.47918E-01 1.57719E+02 
3.68489E+02 7.29792E-04 3.27465E-01 1.50260E+02 
3.76009E+02 6.76423E-04 3.07600E-01 1.42865E+02 
3.83529E+02 6.25759E-04 2.88361E-01 1.35559E+02 
3.91050E+02 5.77774E-04 2.69778E-01 1.28363E+02 
3.98570E+02 5.32435E-04 2.51880E-01 1.21297E+02 
4.06090E+02 4.89696E-04 2.34686E-01 1.14380E+02 
4.13610E+02 4.49504E-04 2.18215E-01 1.07630E+02 
4.21130E+02 4.11794E-04 2.02478E-01 1.01062E+02 
4.28650E+02 3.76497E-04 1.87482E-01 9.46907E+01 
4.36171E+02 3.43536E-04 1.73231E-01 8.85287E+01 
4.43691E+02 3.12828E-04 1.59723E-01 8.25866E+01 
4.51211E+02 2.84287E-04 1.46953E-01 7.68733E+01 
4.58731E+02 2.57821E-04 1.34913E-01 7.13960E+01 
4.66251E+02 2.33337E-04 1.23591E-01 6.61600E+01 
4.73772E+02 2.10740E-04 1.12971E-01 6.11690E+01 
4.81292E+02 1.89933E-04 1.03036E-01 5.64252E+01 
4.88812E+02 1.70819E-04 9.37659E-02 5.19290E+01 
4.96332E+02 1.53301E-04 8.51381E-02 4.76796E+01 
5.03852E+02 1.37284E-04 7.71290E-02 4.36747E+01 
5.11372E+02 1.22673E-04 6.97132E-02 3.99107E+01 
5.18893E+02 1.09376E-04 6.28642E-02 3.63829E+01 
5.26413E+02 9.73031E-05 5.65549E-02 3.30857E+01 
5.33933E+02 8.63671E-05 5.07577E-02 3.00124E+01 
5.41453E+02 7.64841E-05 4.54442E-02 2.71557E+01 
5.48973E+02 6.75735E-05 4.05867E-02 2.45076E+01 
5.56494E+02 5.95585E-05 3.61571E-02 2.20595E+01 
5.64014E+02 5.23659E-05 3.21279E-02 1.98023E+01 
5.71534E+02 4.59263E-05 2.84721E-02 1.77269E+01 
5.79054E+02 4.01745E-05 2.51635E-02 1.58237E+01 
5.86574E+02 3.50488E-05 2.21766E-02 1.40831E+01 
5.94094E+02 3.04919E-05 1.94868E-02 1.24954E+01 
6.01615E+02 2.64501E-05 1.70707E-02 1.10511E+01 
6.09135E+02 2.28735E-05 1.49058E-02 9.74064E+00 
6.16655E+02 1.97159E-05 1.29708E-02 8.55482E+00 
6.24175E+02 1.69348E-05 1.12456E-02 7.48461E+00 
6.31695E+02 1.44911E-05 9.71123E-03 6.52126E+00 
6.39216E+02 1.23487E-05 8.35002E-03 5.65637E+00 
6.46736E+02 1.04749E-05 7.14540E-03 4.88192E+00 
6.54256E+02 8.83990E-06 6.08197E-03 4.19025E+00 
6.61776E+02 7.41656E-06 5.14551E-03 3.57412E+00 
6.69296E+02 6.18037E-06 4.32289E-03 3.02671E+00 
6.76816E+02 5.10924E-06 3.60206E-03 2.54161E+00 
6.84337E+02 4.18329E-06 2.97196E-03 2.11283E+00 
6.91857E+02 3.38471E-06 2.42254E-03 1.73482E+00 
6.99377E+02 2.69759E-06 1.94463E-03 1.40242E+00 
7.06897E+02 2.10775E-06 1.52995E-03 1.11088E+00 
7.14417E+02 1.60260E-06 1.17101E-03 8.55830E-01 
7.21938E+02 1.17099E-06 8.61079E-04 6.33275E-01 
7.29458E+02 8.03072E-07 5.94120E-04 4.39569E-01 
7.36978E+02 4.90183E-07 3.64736E-04 2.71402E-01 
7.44498E+02 2.24714E-07 1.68120E-04 1.25781E-01 
