100 2 
0.00000E+00 3.81381E-03 1.00583E+00 3.28183E+02 
7.68635E+00 3.81159E-03 1.00582E+00 3.28183E+02 
1.53727E+01 3.80493E-03 1.00574E+00 3.28182E+02 
2.30591E+01 3.79385E-03 1.00553E+00 3.28178E+02 
3.07454E+01 3.77837E-03 1.00511E+00 3.28166E+02 
3.84318E+01 3.75852E-03 1.00442E+00 3.28142E+02 
4.61181E+01 3.73436E-03 1.00339E+00 3.28099E+02 
5.38045E+01 3.70594E-03 1.00197E+00 3.28027E+02 
6.14908E+01 3.67331E-03 1.00009E+00 3.27918E+02 
6.91772E+01 3.63657E-03 9.97683E-01 3.27761E+02 
7.68635E+01 3.59580E-03 9.94704E-01 3.27543E+02 
8.45499E+01 3.55110E-03 9.91093E-01 3.27251E+02 
9.22362E+01 3.50257E-03 9.86801E-01 3.26871E+02 
9.99226E+01 3.45034E-03 9.81781E-01 3.26389E+02 
1.07609E+02 3.39454E-03 9.75989E-01 3.25787E+02 
1.15295E+02 3.33532E-03 9.69386E-01 3.25051E+02 
1.22982E+02 3.27282E-03 9.61938E-01 3.24163E+02 
1.30668E+02 3.20722E-03 9.53616E-01 3.23107E+02 
1.38354E+02 3.13869E-03 9.44396E-01 3.21866E+02 
1.46041E+02 3.06741E-03 9.34259E-01 3.20424E+02 
1.53727E+02 2.99358E-03 9.23192E-01 3.18765E+02 
1.61413E+02 2.91741E-03 9.11188E-01 3.16873E+02 
1.69100E+02 2.83911E-03 8.98247E-01 3.14733E+02 
1.76786E+02 2.75890E-03 8.84374E-01 3.12334E+02 
1.84472E+02 2.67701E-03 8.69581E-01 3.09661E+02 
1.92159E+02 2.59366E-03 8.53885E-01 3.06704E+02 
1.99845E+02 2.50910E-03 8.37310E-01 3.03455E+02 
2.07532E+02 2.42357E-03 8.19888E-01 2.99906E+02 
2.15218E+02 2.33730E-03 8.01653E-01 2.96051E+02 
2.22904E+02 2.25055E-03 7.82647E-01 2.91887E+02 
2.30591E+02 2.16354E-03 7.62919E-01 2.87413E+02 
2.38277E+02 2.07653E-03 7.42519E-01 2.82631E+02 
2.45963E+02 1.98974E-03 7.21506E-01 2.77543E+02 
2.53650E+02 1.90340E-03 6.99940E-01 2.72155E+02 
2.61336E+02 1.81775E-03 6.77885E-01 2.66476E+02 
2.69022E+02 1.73299E-03 6.55410E-01 2.60515E+02 
2.76709E+02 1.64934E-03 6.32585E-01 2.54287E+02 
2.84395E+02 1.56699E-03 6.09483E-01 2.47806E+02 
2.92081E+02 1.48613E-03 5.86177E-01 2.41088E+02 
2.99768E+02 1.40693E-03 5.62742E-01 2.34153E+02 
3.07454E+02 1.32956E-03 5.39252E-01 2.27021E+02 
3.15140E+02 1.25416E-03 5.15782E-01 2.19715E+02 
3.22827E+02 1.18087E-03 4.92403E-01 2.12257E+02 
3.30513E+02 1.10980E-03 4.69189E-01 2.04674E+02 
3.38200E+02 1.04106E-03 4.46206E-01 1.96990E+02 
3.45886E+02 9.74734E-04 4.23522E-01 1.89231E+02 
3.53572E+02 9.10901E-04 4.01199E-01 1.81424E+02 
3.61259E+02 8.49615E-04 3.79297E-01 1.73596E+02 
3.68945E+02 7.90922E-04 3.57869E-01 1.65774E+02 
3.76631E+02 7.34849E-04 3.36968E-01 1.57982E+02 
3.84318E+02 6.81411E-04 3.16638E-01 1.50247E+02 
3.92004E+02 6.30610E-04 2.96920E-01 1.42594E+02 
3.99690E+02 5.82433E-04 2.77851E-01 1.35046E+02 
4.07377E+02 5.36858E-04 2.59462E-01 1.27626E+02 
4.15063E+02 4.93849E-04 2.41777E-01 1.20354E+02 
4.22749E+02 4.53361E-04 2.24818E-01 1.13250E+02 
4.30436E+02 4.15339E-04 2.08600E-01 1.06332E+02 
4.38122E+02 3.79721E-04 1.93133E-01 9.96160E+01 
4.45808E+02 3.46437E-04 1.78424E-01 9.31155E+01 
4.53495E+02 3.15408E-04 1.64474E-01 8.68431E+01 
4.61181E+02 2.86554E-04 1.51279E-01 8.08092E+01 
4.68867E+02 2.59787E-04 1.38833E-01 7.50220E+01 
4.76554E+02 2.35017E-04 1.27125E-01 6.94880E+01 
4.84240E+02 2.12151E-04 1.16142E-01 6.42120E+01 
4.91927E+02 1.91094E-04 1.05865E-01 5.91967E+01 
4.99613E+02 1.71750E-04 9.62761E-02 5.44432E+01 
5.07299E+02 1.54024E-04 8.73526E-02 4.99510E+01 
5.14986E+02 1.37819E-04 7.90705E-02 4.57181E+01 
5.22672E+02 1.23041E-04 7.14042E-02 4.17410E+01 
5.30358E+02 1.09598E-04 6.43269E-02 3.80150E+01 
5.38045E+02 9.73979E-05 5.78105E-02 3.45343E+01 
5.45731E+02 8.63538E-05 5.18266E-02 3.12920E+01 
5.53417E+02 7.63803E-05 4.63460E-02 2.82804E+01 
5.61104E+02 6.73954E-05 4.13397E-02 2.54908E+01 
5.68790E+02 5.93210E-05 3.67787E-02 2.29144E+01 
5.76476E+02 5.20826E-05 3.26342E-02 2.05414E+01 
5.84163E+02 4.56093E-05 2.88781E-02 1.83619E+01 
5.91849E+02 3.98344E-05 2.54829E-02 1.63657E+01 
5.99536E+02 3.46951E-05 2.24218E-02 1.45424E+01 
6.07222E+02 3.01326E-05 1.96693E-02 1.28818E+01 
6.14908E+02 2.60921E-05 1.72006E-02 1.13734E+01 
6.22595E+02 2.25226E-05 1.49922E-02 1.00072E+01 
6.30281E+02 1.93768E-05 1.30218E-02 8.77297E+00 
6.37967E+02 1.66112E-05 1.12683E-02 7.66116E+00 
6.45654E+02 1.41857E-05 9.71184E-03 6.66233E+00 
6.53340E+02 1.20639E-05 8.33386E-03 5.76745E+00 
6.61026E+02 1.02120E-05 7.11704E-03 4.96787E+00 
6.68713E+02 8.59984E-06 6.04529E-03 4.25538E+00 
6.76399E+02 7.19968E-06 5.10373E-03 3.62221E+00 
6.84085E+02 5.98666E-06 4.27869E-03 3.06106E+00 
6.91772E+02 4.93831E-06 3.55760E-03 2.56506E+00 
6.99458E+02 4.03448E-06 2.92897E-03 2.12783E+00 
7.07144E+02 3.25716E-06 2.38236E-03 1.74345E+00 
7.14831E+02 2.59026E-06 1.90827E-03 1.40642E+00 
7.22517E+02 2.01950E-06 1.49813E-03 1.11170E+00 
7.30203E+02 1.53221E-06 1.14423E-03 8.54679E-01 
7.37890E+02 1.11719E-06 8.39635E-04 6.31119E-01 
7.45576E+02 7.64594E-07 5.78137E-04 4.37183E-01 
7.53263E+02 4.65752E-07 3.54211E-04 2.69391E-01 
7.60949E+02 2.13094E-07 1.62949E-04 1.24605E-01 
