100 2 
0.00000E+00 3.92433E-03 1.00580E+00 3.20334E+02 
7.56204E+00 3.92192E-03 1.00578E+00 3.20334E+02 
1.51241E+01 3.91471E-03 1.00570E+00 3.20333E+02 
2.26861E+01 3.90271E-03 1.00547E+00 3.20328E+02 
3.02482E+01 3.88597E-03 1.00502E+00 3.20316E+02 
3.78102E+01 3.86451E-03 1.00429E+00 3.20291E+02 
4.53722E+01 3.83841E-03 1.00320E+00 3.20246E+02 
5.29343E+01 3.80773E-03 1.00169E+00 3.20171E+02 
6.04963E+01 3.77255E-03 9.99692E-01 3.20057E+02 
6.80583E+01 3.73298E-03 9.97146E-01 3.19893E+02 
7.56204E+01 3.68912E-03 9.93993E-01 3.19666E+02 
8.31824E+01 3.64110E-03 9.90177E-01 3.19363E+02 
9.07445E+01 3.58905E-03 9.85648E-01 3.18969E+02 
9.83065E+01 3.53312E-03 9.80359E-01 3.18468E+02 
1.05869E+02 3.47347E-03 9.74267E-01 3.17846E+02 
1.13431E+02 3.41027E-03 9.67335E-01 3.17085E+02 
1.20993E+02 3.34370E-03 9.59530E-01 3.16170E+02 
1.28555E+02 3.27396E-03 9.50826E-01 3.15083E+02 
1.36117E+02 3.20125E-03 9.41202E-01 3.13809E+02 
1.43679E+02 3.12578E-03 9.30643E-01 3.12331E+02 
1.51241E+02 3.04778E-03 9.19139E-01 3.10634E+02 
1.58803E+02 2.96747E-03 9.06688E-01 3.08703E+02 
1.66365E+02 2.88509E-03 8.93294E-01 3.06525E+02 
1.73927E+02 2.80090E-03 8.78967E-01 3.04087E+02 
1.81489E+02 2.71512E-03 8.63723E-01 3.01377E+02 
1.89051E+02 2.62802E-03 8.47585E-01 2.98387E+02 
1.96613E+02 2.53984E-03 8.30581E-01 2.95108E+02 
2.04175E+02 2.45085E-03 8.12747E-01 2.91533E+02 
2.11737E+02 2.36129E-03 7.94123E-01 2.87660E+02 
2.19299E+02 2.27142E-03 7.74755E-01 2.83485E+02 
2.26861E+02 2.18150E-03 7.54694E-01 2.79009E+02 
2.34423E+02 2.09175E-03 7.33995E-01 2.74235E+02 
2.41985E+02 2.00243E-03 7.12719E-01 2.69167E+02 
2.49547E+02 1.91376E-03 6.90928E-01 2.63811E+02 
2.57109E+02 1.82598E-03 6.68690E-01 2.58177E+02 
2.64671E+02 1.73929E-03 6.46074E-01 2.52277E+02 
2.72233E+02 1.65390E-03 6.23152E-01 2.46123E+02 
2.79795E+02 1.57000E-03 5.99995E-01 2.39731E+02 
2.87357E+02 1.48777E-03 5.76678E-01 2.33119E+02 
2.94919E+02 1.40738E-03 5.53275E-01 2.26305E+02 
3.02482E+02 1.32898E-03 5.29859E-01 2.19311E+02 
3.10044E+02 1.25271E-03 5.06502E-01 2.12158E+02 
3.17606E+02 1.17870E-03 4.83276E-01 2.04869E+02 
3.25168E+02 1.10705E-03 4.60249E-01 1.97468E+02 
3.32730E+02 1.03785E-03 4.37487E-01 1.89981E+02 
3.40292E+02 9.71177E-04 4.15054E-01 1.82432E+02 
3.47854E+02 9.07102E-04 3.93009E-01 1.74848E+02 
3.55416E+02 8.45667E-04 3.71408E-01 1.67252E+02 
3.62978E+02 7.86905E-04 3.50303E-01 1.59672E+02 
3.70540E+02 7.30833E-04 3.29740E-01 1.52130E+02 
3.78102E+02 6.77458E-04 3.09762E-01 1.44653E+02 
3.85664E+02 6.26769E-04 2.90407E-01 1.37261E+02 
3.93226E+02 5.78747E-04 2.71706E-01 1.29979E+02 
4.00788E+02 5.33360E-04 2.53689E-01 1.22826E+02 
4.08350E+02 4.90564E-04 2.36377E-01 1.15823E+02 
4.15912E+02 4.50307E-04 2.19787E-01 1.08986E+02 
4.23474E+02 4.12530E-04 2.03934E-01 1.02333E+02 
4.31036E+02 3.77163E-04 1.88825E-01 9.58783E+01 
4.38598E+02 3.44130E-04 1.74463E-01 8.96340E+01 
4.46160E+02 3.13352E-04 1.60848E-01 8.36118E+01 
4.53722E+02 2.84741E-04 1.47977E-01 7.78207E+01 
4.61284E+02 2.58209E-04 1.35839E-01 7.22683E+01 
4.68846E+02 2.33661E-04 1.24425E-01 6.69601E+01 
4.76408E+02 2.11005E-04 1.13718E-01 6.19001E+01 
4.83970E+02 1.90143E-04 1.03701E-01 5.70906E+01 
4.91533E+02 1.70978E-04 9.43544E-02 5.25323E+01 
4.99095E+02 1.53415E-04 8.56559E-02 4.82242E+01 
5.06657E+02 1.37357E-04 7.75817E-02 4.41643E+01 
5.14219E+02 1.22710E-04 7.01062E-02 4.03489E+01 
5.21781E+02 1.09381E-04 6.32029E-02 3.67733E+01 
5.29343E+02 9.72816E-05 5.68444E-02 3.34319E+01 
5.36905E+02 8.63230E-05 5.10029E-02 3.03179E+01 
5.44467E+02 7.64214E-05 4.56498E-02 2.74239E+01 
5.52029E+02 6.74961E-05 4.07572E-02 2.47418E+01 
5.59591E+02 5.94698E-05 3.62966E-02 2.22628E+01 
5.67153E+02 5.22688E-05 3.22402E-02 1.99779E+01 
5.74715E+02 4.58237E-05 2.85610E-02 1.78775E+01 
5.82277E+02 4.00686E-05 2.52321E-02 1.59519E+01 
5.89839E+02 3.49419E-05 2.22279E-02 1.41915E+01 
5.97401E+02 3.03857E-05 1.95236E-02 1.25864E+01 
6.04963E+02 2.63461E-05 1.70954E-02 1.11267E+01 
6.12525E+02 2.27730E-05 1.49206E-02 9.80297E+00 
6.20087E+02 1.96199E-05 1.29775E-02 8.60561E+00 
6.27649E+02 1.68441E-05 1.12460E-02 7.52550E+00 
6.35211E+02 1.44061E-05 9.70681E-03 6.55371E+00 
6.42773E+02 1.22700E-05 8.34201E-03 5.68172E+00 
6.50335E+02 1.04027E-05 7.13486E-03 4.90133E+00 
6.57897E+02 8.77426E-06 6.06983E-03 4.20476E+00 
6.65459E+02 7.35750E-06 5.13252E-03 3.58463E+00 
6.73021E+02 6.12781E-06 4.30967E-03 3.03402E+00 
6.80583E+02 5.06301E-06 3.58910E-03 2.54640E+00 
6.88146E+02 4.14314E-06 2.95967E-03 2.11569E+00 
6.95708E+02 3.35038E-06 2.41121E-03 1.73624E+00 
7.03270E+02 2.66875E-06 1.93449E-03 1.40282E+00 
7.10832E+02 2.08408E-06 1.52115E-03 1.11061E+00 
7.18394E+02 1.58375E-06 1.16365E-03 8.55173E-01 
7.25956E+02 1.15660E-06 8.55221E-04 6.32460E-01 
7.33518E+02 7.92791E-07 5.89774E-04 4.38779E-01 
7.41080E+02 4.83661E-07 3.61885E-04 2.70779E-01 
7.48642E+02 2.21614E-07 1.66724E-04 1.25430E-01 
