100 2 
0.00000E+00 3.88178E-03 1.00581E+00 3.23318E+02 
7.60987E+00 3.87944E-03 1.00580E+00 3.23318E+02 
1.52197E+01 3.87244E-03 1.00572E+00 3.23317E+02 
2.28296E+01 3.86080E-03 1.00549E+00 3.23312E+02 
3.04395E+01 3.84454E-03 1.00505E+00 3.23300E+02 
3.80493E+01 3.82370E-03 1.00434E+00 3.23276E+02 
4.56592E+01 3.79834E-03 1.00327E+00 3.23231E+02 
5.32691E+01 3.76853E-03 1.00180E+00 3.23158E+02 
6.08789E+01 3.73433E-03 9.99842E-01 3.23046E+02 
6.84888E+01 3.69585E-03 9.97350E-01 3.22884E+02 
7.60987E+01 3.65317E-03 9.94263E-01 3.22661E+02 
8.37085E+01 3.60642E-03 9.90525E-01 3.22361E+02 
9.13184E+01 3.55572E-03 9.86085E-01 3.21973E+02 
9.89283E+01 3.50121E-03 9.80898E-01 3.21479E+02 
1.06538E+02 3.44304E-03 9.74919E-01 3.20864E+02 
1.14148E+02 3.38136E-03 9.68111E-01 3.20112E+02 
1.21758E+02 3.31635E-03 9.60441E-01 3.19207E+02 
1.29368E+02 3.24819E-03 9.51881E-01 3.18131E+02 
1.36978E+02 3.17708E-03 9.42409E-01 3.16869E+02 
1.44587E+02 3.10322E-03 9.32009E-01 3.15405E+02 
1.52197E+02 3.02682E-03 9.20670E-01 3.13721E+02 
1.59807E+02 2.94810E-03 9.08388E-01 3.11805E+02 
1.67417E+02 2.86728E-03 8.95164E-01 3.09641E+02 
1.75027E+02 2.78461E-03 8.81008E-01 3.07216E+02 
1.82637E+02 2.70032E-03 8.65933E-01 3.04520E+02 
1.90247E+02 2.61465E-03 8.49961E-01 3.01541E+02 
1.97857E+02 2.52786E-03 8.33118E-01 2.98272E+02 
2.05466E+02 2.44019E-03 8.15438E-01 2.94707E+02 
2.13076E+02 2.35190E-03 7.96960E-01 2.90839E+02 
2.20686E+02 2.26322E-03 7.77727E-01 2.86667E+02 
2.28296E+02 2.17441E-03 7.57790E-01 2.82191E+02 
2.35906E+02 2.08571E-03 7.37203E-01 2.77413E+02 
2.43516E+02 1.99736E-03 7.16024E-01 2.72335E+02 
2.51126E+02 1.90958E-03 6.94317E-01 2.66966E+02 
2.58735E+02 1.82262E-03 6.72146E-01 2.61314E+02 
2.66345E+02 1.73667E-03 6.49582E-01 2.55390E+02 
2.73955E+02 1.65194E-03 6.26695E-01 2.49207E+02 
2.81565E+02 1.56864E-03 6.03557E-01 2.42780E+02 
2.89175E+02 1.48694E-03 5.80243E-01 2.36127E+02 
2.96785E+02 1.40701E-03 5.56826E-01 2.29266E+02 
3.04395E+02 1.32901E-03 5.33381E-01 2.22219E+02 
3.12005E+02 1.25307E-03 5.09980E-01 2.15007E+02 
3.19614E+02 1.17934E-03 4.86696E-01 2.07653E+02 
3.27224E+02 1.10791E-03 4.63597E-01 2.00183E+02 
3.34834E+02 1.03889E-03 4.40751E-01 1.92620E+02 
3.42444E+02 9.72363E-04 4.18223E-01 1.84991E+02 
3.50054E+02 9.08387E-04 3.96072E-01 1.77322E+02 
3.57664E+02 8.47015E-04 3.74357E-01 1.69638E+02 
3.65274E+02 7.88286E-04 3.53130E-01 1.61966E+02 
3.72883E+02 7.32221E-04 3.32439E-01 1.54330E+02 
3.80493E+02 6.78828E-04 3.12329E-01 1.46755E+02 
3.88103E+02 6.28104E-04 2.92837E-01 1.39264E+02 
3.95713E+02 5.80029E-04 2.73998E-01 1.31882E+02 
4.03323E+02 5.34577E-04 2.55840E-01 1.24628E+02 
4.10933E+02 4.91706E-04 2.38388E-01 1.17523E+02 
4.18543E+02 4.51368E-04 2.21660E-01 1.10586E+02 
4.26153E+02 4.13504E-04 2.05670E-01 1.03833E+02 
4.33762E+02 3.78047E-04 1.90426E-01 9.72792E+01 
4.41372E+02 3.44925E-04 1.75935E-01 9.09385E+01 
4.48982E+02 3.14057E-04 1.62194E-01 8.48221E+01 
4.56592E+02 2.85359E-04 1.49202E-01 7.89397E+01 
4.64202E+02 2.58743E-04 1.36949E-01 7.32990E+01 
4.71812E+02 2.34116E-04 1.25424E-01 6.79060E+01 
4.79422E+02 2.11384E-04 1.14614E-01 6.27649E+01 
4.87031E+02 1.90452E-04 1.04500E-01 5.78781E+01 
4.94641E+02 1.71224E-04 9.50635E-02 5.32465E+01 
5.02251E+02 1.53602E-04 8.62811E-02 4.88694E+01 
5.09861E+02 1.37492E-04 7.81294E-02 4.47445E+01 
5.17471E+02 1.22799E-04 7.05829E-02 4.08685E+01 
5.25081E+02 1.09430E-04 6.36148E-02 3.72366E+01 
5.32691E+02 9.72954E-05 5.71977E-02 3.38430E+01 
5.40301E+02 8.63071E-05 5.13032E-02 3.06810E+01 
5.47910E+02 7.63808E-05 4.59029E-02 2.77429E+01 
5.55520E+02 6.74352E-05 4.09681E-02 2.50206E+01 
5.63130E+02 5.93928E-05 3.64703E-02 2.25052E+01 
5.70740E+02 5.21796E-05 3.23814E-02 2.01873E+01 
5.78350E+02 4.57257E-05 2.86738E-02 1.80573E+01 
5.85960E+02 3.99648E-05 2.53205E-02 1.61054E+01 
5.93570E+02 3.48349E-05 2.22954E-02 1.43215E+01 
6.01179E+02 3.02777E-05 1.95734E-02 1.26956E+01 
6.08789E+02 2.62391E-05 1.71304E-02 1.12178E+01 
6.16399E+02 2.26685E-05 1.49433E-02 9.87820E+00 
6.24009E+02 1.95192E-05 1.29904E-02 8.66713E+00 
6.31619E+02 1.67482E-05 1.12510E-02 7.57522E+00 
6.39229E+02 1.43159E-05 9.70565E-03 6.59339E+00 
6.46839E+02 1.21860E-05 8.33620E-03 5.71289E+00 
6.54448E+02 1.03253E-05 7.12571E-03 4.92539E+00 
6.62058E+02 8.70366E-06 6.05842E-03 4.22293E+00 
6.69668E+02 7.29379E-06 5.11977E-03 3.59799E+00 
6.77278E+02 6.07096E-06 4.29633E-03 3.04350E+00 
6.84888E+02 5.01288E-06 3.57579E-03 2.55281E+00 
6.92498E+02 4.09954E-06 2.94687E-03 2.11973E+00 
7.00108E+02 3.31302E-06 2.39929E-03 1.73850E+00 
7.07718E+02 2.63734E-06 1.92373E-03 1.40380E+00 
7.15327E+02 2.05826E-06 1.51176E-03 1.11071E+00 
7.22937E+02 1.56316E-06 1.15577E-03 8.54734E-01 
7.30547E+02 1.14087E-06 8.48916E-04 6.31760E-01 
7.38157E+02 7.81544E-07 5.85080E-04 4.38037E-01 
7.45767E+02 4.76523E-07 3.58798E-04 2.70166E-01 
7.53377E+02 2.18219E-07 1.65208E-04 1.25076E-01 
