100 2 
0.00000E+00 3.83385E-03 1.00583E+00 3.26736E+02 
7.66378E+00 3.83159E-03 1.00581E+00 3.26736E+02 
1.53276E+01 3.82483E-03 1.00573E+00 3.26735E+02 
2.29914E+01 3.81359E-03 1.00552E+00 3.26730E+02 
3.06551E+01 3.79787E-03 1.00509E+00 3.26719E+02 
3.83189E+01 3.77774E-03 1.00439E+00 3.26694E+02 
4.59827E+01 3.75322E-03 1.00336E+00 3.26651E+02 
5.36465E+01 3.72439E-03 1.00192E+00 3.26579E+02 
6.13103E+01 3.69130E-03 1.00001E+00 3.26469E+02 
6.89741E+01 3.65404E-03 9.97584E-01 3.26310E+02 
7.66378E+01 3.61271E-03 9.94572E-01 3.26091E+02 
8.43016E+01 3.56740E-03 9.90924E-01 3.25797E+02 
9.19654E+01 3.51823E-03 9.86588E-01 3.25414E+02 
9.96292E+01 3.46533E-03 9.81518E-01 3.24928E+02 
1.07293E+02 3.40883E-03 9.75670E-01 3.24322E+02 
1.14957E+02 3.34888E-03 9.69006E-01 3.23581E+02 
1.22621E+02 3.28564E-03 9.61491E-01 3.22688E+02 
1.30284E+02 3.21928E-03 9.53098E-01 3.21626E+02 
1.37948E+02 3.14999E-03 9.43803E-01 3.20379E+02 
1.45612E+02 3.07794E-03 9.33587E-01 3.18930E+02 
1.53276E+02 3.00335E-03 9.22439E-01 3.17263E+02 
1.60939E+02 2.92643E-03 9.10352E-01 3.15364E+02 
1.68603E+02 2.84739E-03 8.97326E-01 3.13217E+02 
1.76267E+02 2.76645E-03 8.83369E-01 3.10809E+02 
1.83931E+02 2.68384E-03 8.68491E-01 3.08129E+02 
1.91595E+02 2.59981E-03 8.52712E-01 3.05166E+02 
1.99258E+02 2.51459E-03 8.36057E-01 3.01911E+02 
2.06922E+02 2.42843E-03 8.18557E-01 2.98356E+02 
2.14586E+02 2.34156E-03 8.00249E-01 2.94497E+02 
2.22250E+02 2.25423E-03 7.81175E-01 2.90331E+02 
2.29914E+02 2.16669E-03 7.61384E-01 2.85856E+02 
2.37577E+02 2.07918E-03 7.40928E-01 2.81074E+02 
2.45241E+02 1.99192E-03 7.19865E-01 2.75989E+02 
2.52905E+02 1.90517E-03 6.98256E-01 2.70606E+02 
2.60569E+02 1.81912E-03 6.76166E-01 2.64934E+02 
2.68232E+02 1.73401E-03 6.53664E-01 2.58985E+02 
2.75896E+02 1.65005E-03 6.30820E-01 2.52769E+02 
2.83560E+02 1.56741E-03 6.07706E-01 2.46304E+02 
2.91224E+02 1.48631E-03 5.84397E-01 2.39605E+02 
2.98888E+02 1.40689E-03 5.60967E-01 2.32692E+02 
3.06551E+02 1.32933E-03 5.37490E-01 2.25585E+02 
3.14215E+02 1.25378E-03 5.14040E-01 2.18306E+02 
3.21879E+02 1.18035E-03 4.90689E-01 2.10880E+02 
3.29543E+02 1.10918E-03 4.67509E-01 2.03330E+02 
3.37206E+02 1.04036E-03 4.44567E-01 1.95682E+02 
3.44870E+02 9.73977E-04 4.21929E-01 1.87962E+02 
3.52534E+02 9.10103E-04 3.99658E-01 1.80196E+02 
3.60198E+02 8.48794E-04 3.77811E-01 1.72411E+02 
3.67862E+02 7.90092E-04 3.56444E-01 1.64632E+02 
3.75525E+02 7.34023E-04 3.35605E-01 1.56887E+02 
3.83189E+02 6.80601E-04 3.15341E-01 1.49200E+02 
3.90853E+02 6.29825E-04 2.95691E-01 1.41596E+02 
3.98517E+02 5.81680E-04 2.76691E-01 1.34097E+02 
4.06181E+02 5.36144E-04 2.58371E-01 1.26726E+02 
4.13844E+02 4.93178E-04 2.40756E-01 1.19504E+02 
4.21508E+02 4.52736E-04 2.23866E-01 1.12450E+02 
4.29172E+02 4.14763E-04 2.07716E-01 1.05582E+02 
4.36836E+02 3.79195E-04 1.92316E-01 9.89142E+01 
4.44499E+02 3.45961E-04 1.77672E-01 9.24616E+01 
4.52163E+02 3.14982E-04 1.63785E-01 8.62359E+01 
4.59827E+02 2.86176E-04 1.50651E-01 8.02474E+01 
4.67491E+02 2.59455E-04 1.38263E-01 7.45041E+01 
4.75155E+02 2.34730E-04 1.26611E-01 6.90124E+01 
4.82818E+02 2.11905E-04 1.15679E-01 6.37768E+01 
4.90482E+02 1.90887E-04 1.05452E-01 5.88000E+01 
4.98146E+02 1.71578E-04 9.59084E-02 5.40831E+01 
5.05810E+02 1.53884E-04 8.70274E-02 4.96255E+01 
5.13474E+02 1.37709E-04 7.87846E-02 4.54250E+01 
5.21137E+02 1.22957E-04 7.11544E-02 4.14783E+01 
5.28801E+02 1.09537E-04 6.41101E-02 3.77806E+01 
5.36465E+02 9.73578E-05 5.76237E-02 3.43260E+01 
5.44129E+02 8.63311E-05 5.16667E-02 3.11078E+01 
5.51792E+02 7.63725E-05 4.62105E-02 2.81183E+01 
5.59456E+02 6.74001E-05 4.12258E-02 2.53490E+01 
5.67120E+02 5.93359E-05 3.66839E-02 2.27909E+01 
5.74784E+02 5.21056E-05 3.25562E-02 2.04344E+01 
5.82448E+02 4.56387E-05 2.88148E-02 1.82699E+01 
5.90111E+02 3.98685E-05 2.54323E-02 1.62870E+01 
5.97775E+02 3.47325E-05 2.23822E-02 1.44756E+01 
6.05439E+02 3.01721E-05 1.96390E-02 1.28254E+01 
6.13103E+02 2.61325E-05 1.71781E-02 1.13263E+01 
6.20766E+02 2.25630E-05 1.49762E-02 9.96802E+00 
6.28430E+02 1.94165E-05 1.30112E-02 8.74080E+00 
6.36094E+02 1.66496E-05 1.12620E-02 7.63500E+00 
6.43758E+02 1.42224E-05 9.70901E-03 6.64130E+00 
6.51422E+02 1.20984E-05 8.33369E-03 5.75076E+00 
6.59085E+02 1.02442E-05 7.11886E-03 4.95484E+00 
6.66749E+02 8.62936E-06 6.04853E-03 4.24538E+00 
6.74413E+02 7.22651E-06 5.10793E-03 3.61471E+00 
6.82077E+02 6.01072E-06 4.28344E-03 3.05558E+00 
6.89741E+02 4.95963E-06 3.56259E-03 2.56120E+00 
6.97404E+02 4.05310E-06 2.93393E-03 2.12524E+00 
7.05068E+02 3.27317E-06 2.38709E-03 1.74182E+00 
7.12732E+02 2.60377E-06 1.91262E-03 1.40551E+00 
7.20396E+02 2.03063E-06 1.50199E-03 1.11131E+00 
7.28059E+02 1.54111E-06 1.14751E-03 8.54617E-01 
7.35723E+02 1.12400E-06 8.42275E-04 6.31249E-01 
7.43387E+02 7.69469E-07 5.80117E-04 4.37394E-01 
7.51051E+02 4.68851E-07 3.55521E-04 2.69594E-01 
7.58715E+02 2.14569E-07 1.63596E-04 1.24732E-01 
