100 2 
0.00000E+00 3.77907E-03 1.00584E+00 3.30719E+02 
7.72554E+00 3.77691E-03 1.00583E+00 3.30719E+02 
1.54511E+01 3.77042E-03 1.00575E+00 3.30718E+02 
2.31766E+01 3.75963E-03 1.00554E+00 3.30713E+02 
3.09021E+01 3.74455E-03 1.00513E+00 3.30702E+02 
3.86277E+01 3.72521E-03 1.00446E+00 3.30679E+02 
4.63532E+01 3.70166E-03 1.00345E+00 3.30636E+02 
5.40788E+01 3.67395E-03 1.00206E+00 3.30565E+02 
6.18043E+01 3.64214E-03 1.00021E+00 3.30458E+02 
6.95298E+01 3.60629E-03 9.97857E-01 3.30303E+02 
7.72554E+01 3.56650E-03 9.94934E-01 3.30088E+02 
8.49809E+01 3.52284E-03 9.91390E-01 3.29800E+02 
9.27064E+01 3.47543E-03 9.87175E-01 3.29425E+02 
1.00432E+02 3.42437E-03 9.82243E-01 3.28949E+02 
1.08158E+02 3.36980E-03 9.76548E-01 3.28354E+02 
1.15883E+02 3.31183E-03 9.70053E-01 3.27626E+02 
1.23609E+02 3.25063E-03 9.62722E-01 3.26748E+02 
1.31334E+02 3.18634E-03 9.54525E-01 3.25702E+02 
1.39060E+02 3.11913E-03 9.45437E-01 3.24473E+02 
1.46785E+02 3.04918E-03 9.35438E-01 3.23043E+02 
1.54511E+02 2.97669E-03 9.24515E-01 3.21397E+02 
1.62236E+02 2.90183E-03 9.12658E-01 3.19519E+02 
1.69962E+02 2.82483E-03 8.99867E-01 3.17393E+02 
1.77687E+02 2.74588E-03 8.86143E-01 3.15007E+02 
1.85413E+02 2.66523E-03 8.71499E-01 3.12348E+02 
1.93138E+02 2.58308E-03 8.55949E-01 3.09404E+02 
2.00864E+02 2.49967E-03 8.39517E-01 3.06167E+02 
2.08589E+02 2.41524E-03 8.22231E-01 3.02627E+02 
2.16315E+02 2.33002E-03 8.04125E-01 2.98780E+02 
2.24041E+02 2.24425E-03 7.85241E-01 2.94622E+02 
2.31766E+02 2.15818E-03 7.65624E-01 2.90151E+02 
2.39492E+02 2.07203E-03 7.45326E-01 2.85367E+02 
2.47217E+02 1.98604E-03 7.24401E-01 2.80275E+02 
2.54943E+02 1.90045E-03 7.02911E-01 2.74879E+02 
2.62668E+02 1.81548E-03 6.80919E-01 2.69187E+02 
2.70394E+02 1.73133E-03 6.58493E-01 2.63209E+02 
2.78119E+02 1.64824E-03 6.35704E-01 2.56959E+02 
2.85845E+02 1.56638E-03 6.12622E-01 2.50450E+02 
2.93570E+02 1.48595E-03 5.89322E-01 2.43700E+02 
3.01296E+02 1.40713E-03 5.65879E-01 2.36727E+02 
3.09021E+02 1.33008E-03 5.42367E-01 2.29552E+02 
3.16747E+02 1.25495E-03 5.18862E-01 2.22198E+02 
3.24473E+02 1.18187E-03 4.95436E-01 2.14687E+02 
3.32198E+02 1.11098E-03 4.72161E-01 2.07045E+02 
3.39924E+02 1.04238E-03 4.49108E-01 1.99298E+02 
3.47649E+02 9.76158E-04 4.26343E-01 1.91472E+02 
3.55375E+02 9.12392E-04 4.03930E-01 1.83594E+02 
3.63100E+02 8.51145E-04 3.81929E-01 1.75691E+02 
3.70826E+02 7.92463E-04 3.60397E-01 1.67790E+02 
3.78551E+02 7.36379E-04 3.39385E-01 1.59917E+02 
3.86277E+02 6.82910E-04 3.18939E-01 1.52099E+02 
3.94002E+02 6.32061E-04 2.99103E-01 1.44360E+02 
4.01728E+02 5.83824E-04 2.79913E-01 1.36725E+02 
4.09453E+02 5.38177E-04 2.61400E-01 1.29217E+02 
4.17179E+02 4.95089E-04 2.43593E-01 1.21858E+02 
4.24905E+02 4.54515E-04 2.26511E-01 1.14666E+02 
4.32630E+02 4.16405E-04 2.10172E-01 1.07661E+02 
4.40356E+02 3.80696E-04 1.94587E-01 1.00859E+02 
4.48081E+02 3.47320E-04 1.79762E-01 9.42738E+01 
4.55807E+02 3.16202E-04 1.65700E-01 8.79189E+01 
4.63532E+02 2.87260E-04 1.52398E-01 8.18047E+01 
4.71258E+02 2.60409E-04 1.39849E-01 7.59400E+01 
4.78983E+02 2.35558E-04 1.28043E-01 7.03313E+01 
4.86709E+02 2.12617E-04 1.16967E-01 6.49837E+01 
4.94434E+02 1.91489E-04 1.06604E-01 5.99002E+01 
5.02160E+02 1.72081E-04 9.69336E-02 5.50820E+01 
5.09885E+02 1.54294E-04 8.79345E-02 5.05287E+01 
5.17611E+02 1.38036E-04 7.95826E-02 4.62383E+01 
5.25336E+02 1.23210E-04 7.18522E-02 4.22075E+01 
5.33062E+02 1.09724E-04 6.47162E-02 3.84315E+01 
5.40788E+02 9.74867E-05 5.81466E-02 3.49044E+01 
5.48513E+02 8.64102E-05 5.21145E-02 3.16194E+01 
5.56239E+02 7.64090E-05 4.65907E-02 2.85685E+01 
5.63964E+02 6.74009E-05 4.15459E-02 2.57432E+01 
5.71690E+02 5.93073E-05 3.69507E-02 2.31342E+01 
5.79415E+02 5.20533E-05 3.27761E-02 2.07318E+01 
5.87141E+02 4.55677E-05 2.89937E-02 1.85258E+01 
5.94866E+02 3.97836E-05 2.55757E-02 1.65060E+01 
6.02592E+02 3.46376E-05 2.24950E-02 1.46617E+01 
6.10317E+02 3.00707E-05 1.97258E-02 1.29825E+01 
6.18043E+02 2.60277E-05 1.72430E-02 1.14578E+01 
6.25768E+02 2.24574E-05 1.50228E-02 1.00772E+01 
6.33494E+02 1.93121E-05 1.30428E-02 8.83064E+00 
6.41220E+02 1.65482E-05 1.12814E-02 7.70815E+00 
6.48945E+02 1.41254E-05 9.71866E-03 6.70019E+00 
6.56671E+02 1.20067E-05 8.33580E-03 5.79756E+00 
6.64396E+02 1.01587E-05 7.11528E-03 4.99146E+00 
6.72122E+02 8.55069E-06 6.04085E-03 4.27355E+00 
6.79847E+02 7.15493E-06 5.09747E-03 3.63592E+00 
6.87573E+02 5.94640E-06 4.27129E-03 3.07113E+00 
6.95298E+02 4.90257E-06 3.54966E-03 2.57223E+00 
7.03024E+02 4.00322E-06 2.92095E-03 2.13272E+00 
7.10749E+02 3.23025E-06 2.37463E-03 1.74658E+00 
7.18475E+02 2.56754E-06 1.90111E-03 1.40824E+00 
7.26200E+02 2.00076E-06 1.49176E-03 1.11259E+00 
7.33926E+02 1.51722E-06 1.13880E-03 8.54941E-01 
7.41651E+02 1.10571E-06 8.35234E-04 6.31005E-01 
7.49377E+02 7.56367E-07 5.74828E-04 4.36895E-01 
7.57103E+02 4.60523E-07 3.52018E-04 2.69088E-01 
7.64828E+02 2.10602E-07 1.61865E-04 1.24407E-01 
