100 2 
0.00000E+00 3.85670E-03 1.00582E+00 3.25098E+02 
7.63806E+00 3.85441E-03 1.00581E+00 3.25098E+02 
1.52761E+01 3.84754E-03 1.00573E+00 3.25097E+02 
2.29142E+01 3.83610E-03 1.00550E+00 3.25093E+02 
3.05523E+01 3.82013E-03 1.00507E+00 3.25081E+02 
3.81903E+01 3.79965E-03 1.00437E+00 3.25057E+02 
4.58284E+01 3.77474E-03 1.00332E+00 3.25012E+02 
5.34664E+01 3.74543E-03 1.00186E+00 3.24940E+02 
6.11045E+01 3.71182E-03 9.99932E-01 3.24829E+02 
6.87426E+01 3.67397E-03 9.97472E-01 3.24669E+02 
7.63806E+01 3.63200E-03 9.94424E-01 3.24447E+02 
8.40187E+01 3.58600E-03 9.90732E-01 3.24151E+02 
9.16568E+01 3.53610E-03 9.86347E-01 3.23765E+02 
9.92948E+01 3.48243E-03 9.81220E-01 3.23275E+02 
1.06933E+02 3.42513E-03 9.75309E-01 3.22665E+02 
1.14571E+02 3.36436E-03 9.68576E-01 3.21919E+02 
1.22209E+02 3.30027E-03 9.60987E-01 3.21020E+02 
1.29847E+02 3.23306E-03 9.52514E-01 3.19951E+02 
1.37485E+02 3.16289E-03 9.43134E-01 3.18697E+02 
1.45123E+02 3.08998E-03 9.32830E-01 3.17240E+02 
1.52761E+02 3.01453E-03 9.21590E-01 3.15566E+02 
1.60399E+02 2.93674E-03 9.09409E-01 3.13658E+02 
1.68037E+02 2.85685E-03 8.96288E-01 3.11503E+02 
1.75675E+02 2.77508E-03 8.82235E-01 3.09087E+02 
1.83314E+02 2.69168E-03 8.67262E-01 3.06399E+02 
1.90952E+02 2.60686E-03 8.51390E-01 3.03428E+02 
1.98590E+02 2.52089E-03 8.34645E-01 3.00166E+02 
2.06228E+02 2.43401E-03 8.17058E-01 2.96606E+02 
2.13866E+02 2.34646E-03 7.98668E-01 2.92742E+02 
2.21504E+02 2.25849E-03 7.79518E-01 2.88573E+02 
2.29142E+02 2.17034E-03 7.59656E-01 2.84098E+02 
2.36780E+02 2.08226E-03 7.39137E-01 2.79317E+02 
2.44418E+02 1.99448E-03 7.18018E-01 2.74235E+02 
2.52056E+02 1.90724E-03 6.96361E-01 2.68859E+02 
2.59694E+02 1.82075E-03 6.74233E-01 2.63197E+02 
2.67332E+02 1.73524E-03 6.51700E-01 2.57259E+02 
2.74970E+02 1.65091E-03 6.28835E-01 2.51059E+02 
2.82608E+02 1.56796E-03 6.05710E-01 2.44611E+02 
2.90246E+02 1.48657E-03 5.82398E-01 2.37934E+02 
2.97884E+02 1.40691E-03 5.58974E-01 2.31046E+02 
3.05523E+02 1.32914E-03 5.35512E-01 2.23967E+02 
3.13161E+02 1.25340E-03 5.12085E-01 2.16721E+02 
3.20799E+02 1.17983E-03 4.88766E-01 2.09329E+02 
3.28437E+02 1.10854E-03 4.65625E-01 2.01817E+02 
3.36075E+02 1.03962E-03 4.42729E-01 1.94210E+02 
3.43713E+02 9.73172E-04 4.20144E-01 1.86534E+02 
3.51351E+02 9.09250E-04 3.97930E-01 1.78814E+02 
3.58989E+02 8.47912E-04 3.76147E-01 1.71077E+02 
3.66627E+02 7.89199E-04 3.54847E-01 1.63350E+02 
3.74265E+02 7.33133E-04 3.34079E-01 1.55657E+02 
3.81903E+02 6.79726E-04 3.13888E-01 1.48024E+02 
3.89541E+02 6.28976E-04 2.94314E-01 1.40474E+02 
3.97179E+02 5.80866E-04 2.75392E-01 1.33031E+02 
4.04817E+02 5.35371E-04 2.57150E-01 1.25716E+02 
4.12455E+02 4.92452E-04 2.39613E-01 1.18551E+02 
4.20093E+02 4.52061E-04 2.22801E-01 1.11553E+02 
4.27732E+02 4.14142E-04 2.06728E-01 1.04740E+02 
4.35370E+02 3.78628E-04 1.91404E-01 9.81269E+01 
4.43008E+02 3.45448E-04 1.76833E-01 9.17281E+01 
4.50646E+02 3.14524E-04 1.63017E-01 8.55550E+01 
4.58284E+02 2.85771E-04 1.49951E-01 7.96175E+01 
4.65922E+02 2.59101E-04 1.37628E-01 7.39235E+01 
4.73560E+02 2.34424E-04 1.26037E-01 6.84793E+01 
4.81198E+02 2.11644E-04 1.15164E-01 6.32892E+01 
4.88836E+02 1.90668E-04 1.04991E-01 5.83557E+01 
4.96474E+02 1.71399E-04 9.54994E-02 5.36799E+01 
5.04112E+02 1.53741E-04 8.66660E-02 4.92610E+01 
5.11750E+02 1.37597E-04 7.84672E-02 4.50969E+01 
5.19388E+02 1.22874E-04 7.08774E-02 4.11843E+01 
5.27026E+02 1.09479E-04 6.38698E-02 3.75182E+01 
5.34664E+02 9.73220E-05 5.74169E-02 3.40930E+01 
5.42302E+02 8.63143E-05 5.14901E-02 3.09019E+01 
5.49941E+02 7.63716E-05 4.60608E-02 2.79372E+01 
5.57579E+02 6.74126E-05 4.11003E-02 2.51905E+01 
5.65217E+02 5.93593E-05 3.65797E-02 2.26529E+01 
5.72855E+02 5.21376E-05 3.24708E-02 2.03151E+01 
5.80493E+02 4.56772E-05 2.87457E-02 1.81672E+01 
5.88131E+02 3.99118E-05 2.53774E-02 1.61992E+01 
5.95769E+02 3.47790E-05 2.23394E-02 1.44011E+01 
6.03407E+02 3.02204E-05 1.96065E-02 1.27626E+01 
6.11045E+02 2.61815E-05 1.71543E-02 1.12738E+01 
6.18683E+02 2.26117E-05 1.49596E-02 9.92451E+00 
6.26321E+02 1.94641E-05 1.30005E-02 8.70509E+00 
6.33959E+02 1.66954E-05 1.12561E-02 7.60599E+00 
6.41597E+02 1.42660E-05 9.70680E-03 6.61802E+00 
6.49235E+02 1.21392E-05 8.33436E-03 5.73234E+00 
6.56873E+02 1.02821E-05 7.12168E-03 4.94049E+00 
6.64512E+02 8.66412E-06 6.05286E-03 4.23442E+00 
6.72150E+02 7.25802E-06 5.11325E-03 3.60652E+00 
6.79788E+02 6.03897E-06 4.28932E-03 3.04964E+00 
6.87426E+02 4.98461E-06 3.56865E-03 2.55705E+00 
6.95064E+02 4.07491E-06 2.93991E-03 2.12249E+00 
7.02702E+02 3.29189E-06 2.39275E-03 1.74014E+00 
7.10340E+02 2.61955E-06 1.91779E-03 1.40461E+00 
7.17978E+02 2.04363E-06 1.50655E-03 1.11096E+00 
7.25616E+02 1.55148E-06 1.15137E-03 8.54624E-01 
7.33254E+02 1.13194E-06 8.45384E-04 6.31457E-01 
7.40892E+02 7.75152E-07 5.82443E-04 4.37676E-01 
7.48530E+02 4.72463E-07 3.57059E-04 2.69852E-01 
7.56168E+02 2.16288E-07 1.64353E-04 1.24889E-01 
