100 2 
0.00000E+00 3.96425E-03 1.00578E+00 3.17575E+02 
7.51715E+00 3.96178E-03 1.00577E+00 3.17575E+02 
1.50343E+01 3.95438E-03 1.00568E+00 3.17574E+02 
2.25514E+01 3.94205E-03 1.00545E+00 3.17569E+02 
3.00686E+01 3.92485E-03 1.00499E+00 3.17557E+02 
3.75857E+01 3.90282E-03 1.00424E+00 3.17532E+02 
4.51029E+01 3.87602E-03 1.00313E+00 3.17485E+02 
5.26200E+01 3.84453E-03 1.00159E+00 3.17410E+02 
6.01372E+01 3.80844E-03 9.99554E-01 3.17295E+02 
6.76543E+01 3.76786E-03 9.96958E-01 3.17128E+02 
7.51715E+01 3.72290E-03 9.93745E-01 3.16898E+02 
8.26886E+01 3.67369E-03 9.89858E-01 3.16591E+02 
9.02058E+01 3.62038E-03 9.85247E-01 3.16192E+02 
9.77229E+01 3.56313E-03 9.79865E-01 3.15686E+02 
1.05240E+02 3.50210E-03 9.73669E-01 3.15057E+02 
1.12757E+02 3.43748E-03 9.66623E-01 3.14288E+02 
1.20274E+02 3.36945E-03 9.58696E-01 3.13364E+02 
1.27792E+02 3.29823E-03 9.49860E-01 3.12267E+02 
1.35309E+02 3.22403E-03 9.40097E-01 3.10982E+02 
1.42826E+02 3.14707E-03 9.29392E-01 3.09493E+02 
1.50343E+02 3.06757E-03 9.17738E-01 3.07784E+02 
1.57860E+02 2.98579E-03 9.05134E-01 3.05841E+02 
1.65377E+02 2.90196E-03 8.91585E-01 3.03651E+02 
1.72894E+02 2.81634E-03 8.77102E-01 3.01201E+02 
1.80412E+02 2.72918E-03 8.61704E-01 2.98480E+02 
1.87929E+02 2.64074E-03 8.45415E-01 2.95480E+02 
1.95446E+02 2.55128E-03 8.28265E-01 2.92192E+02 
2.02963E+02 2.46105E-03 8.10292E-01 2.88611E+02 
2.10480E+02 2.37032E-03 7.91536E-01 2.84733E+02 
2.17997E+02 2.27935E-03 7.72045E-01 2.80557E+02 
2.25514E+02 2.18837E-03 7.51872E-01 2.76083E+02 
2.33032E+02 2.09766E-03 7.31073E-01 2.71314E+02 
2.40549E+02 2.00743E-03 7.09709E-01 2.66255E+02 
2.48066E+02 1.91793E-03 6.87844E-01 2.60913E+02 
2.55583E+02 1.82938E-03 6.65546E-01 2.55297E+02 
2.63100E+02 1.74200E-03 6.42884E-01 2.49420E+02 
2.70617E+02 1.65598E-03 6.19931E-01 2.43295E+02 
2.78134E+02 1.57152E-03 5.96759E-01 2.36937E+02 
2.85652E+02 1.48880E-03 5.73441E-01 2.30363E+02 
2.93169E+02 1.40798E-03 5.50052E-01 2.23594E+02 
3.00686E+02 1.32921E-03 5.26663E-01 2.16650E+02 
3.08203E+02 1.25262E-03 5.03348E-01 2.09552E+02 
3.15720E+02 1.17834E-03 4.80177E-01 2.02323E+02 
3.23237E+02 1.10647E-03 4.57216E-01 1.94988E+02 
3.30755E+02 1.03709E-03 4.34532E-01 1.87570E+02 
3.38272E+02 9.70286E-04 4.12187E-01 1.80096E+02 
3.45789E+02 9.06111E-04 3.90239E-01 1.72589E+02 
3.53306E+02 8.44609E-04 3.68743E-01 1.65076E+02 
3.60823E+02 7.85808E-04 3.47749E-01 1.57580E+02 
3.68340E+02 7.29723E-04 3.27303E-01 1.50126E+02 
3.75857E+02 6.76355E-04 3.07446E-01 1.42738E+02 
3.83375E+02 6.25691E-04 2.88215E-01 1.35438E+02 
3.90892E+02 5.77709E-04 2.69642E-01 1.28248E+02 
3.98409E+02 5.32373E-04 2.51751E-01 1.21188E+02 
4.05926E+02 4.89639E-04 2.34566E-01 1.14277E+02 
4.13443E+02 4.49450E-04 2.18104E-01 1.07533E+02 
4.20960E+02 4.11745E-04 2.02374E-01 1.00971E+02 
4.28477E+02 3.76453E-04 1.87387E-01 9.46059E+01 
4.35995E+02 3.43497E-04 1.73143E-01 8.84499E+01 
4.43512E+02 3.12794E-04 1.59643E-01 8.25135E+01 
4.51029E+02 2.84257E-04 1.46881E-01 7.68058E+01 
4.58546E+02 2.57796E-04 1.34848E-01 7.13338E+01 
4.66063E+02 2.33316E-04 1.23532E-01 6.61029E+01 
4.73580E+02 2.10723E-04 1.12918E-01 6.11169E+01 
4.81097E+02 1.89920E-04 1.02989E-01 5.63778E+01 
4.88615E+02 1.70810E-04 9.37244E-02 5.18861E+01 
4.96132E+02 1.53295E-04 8.51017E-02 4.76408E+01 
5.03649E+02 1.37281E-04 7.70971E-02 4.36398E+01 
5.11166E+02 1.22672E-04 6.96855E-02 3.98795E+01 
5.18683E+02 1.09377E-04 6.28405E-02 3.63552E+01 
5.26200E+02 9.73060E-05 5.65347E-02 3.30611E+01 
5.33717E+02 8.63715E-05 5.07405E-02 2.99907E+01 
5.41235E+02 7.64897E-05 4.54299E-02 2.71367E+01 
5.48752E+02 6.75801E-05 4.05748E-02 2.44910E+01 
5.56269E+02 5.95658E-05 3.61474E-02 2.20450E+01 
5.63786E+02 5.23737E-05 3.21201E-02 1.97899E+01 
5.71303E+02 4.59344E-05 2.84660E-02 1.77163E+01 
5.78820E+02 4.01827E-05 2.51588E-02 1.58146E+01 
5.86338E+02 3.50571E-05 2.21731E-02 1.40754E+01 
5.93855E+02 3.05001E-05 1.94844E-02 1.24890E+01 
6.01372E+02 2.64580E-05 1.70691E-02 1.10457E+01 
6.08889E+02 2.28811E-05 1.49049E-02 9.73625E+00 
6.16406E+02 1.97232E-05 1.29704E-02 8.55125E+00 
6.23923E+02 1.69417E-05 1.12457E-02 7.48174E+00 
6.31440E+02 1.44974E-05 9.71167E-03 6.51898E+00 
6.38958E+02 1.23546E-05 8.35071E-03 5.65460E+00 
6.46475E+02 1.04803E-05 7.14625E-03 4.88057E+00 
6.53992E+02 8.84480E-06 6.08292E-03 4.18925E+00 
6.61509E+02 7.42096E-06 5.14652E-03 3.57340E+00 
6.69026E+02 6.18430E-06 4.32391E-03 3.02622E+00 
6.76543E+02 5.11269E-06 3.60305E-03 2.54129E+00 
6.84060E+02 4.18628E-06 2.97290E-03 2.11265E+00 
6.91578E+02 3.38726E-06 2.42339E-03 1.73474E+00 
6.99095E+02 2.69973E-06 1.94539E-03 1.40241E+00 
7.06612E+02 2.10951E-06 1.53061E-03 1.11091E+00 
7.14129E+02 1.60400E-06 1.17156E-03 8.55889E-01 
7.21646E+02 1.17206E-06 8.61516E-04 6.33341E-01 
7.29163E+02 8.03835E-07 5.94444E-04 4.39632E-01 
7.36680E+02 4.90667E-07 3.64949E-04 2.71451E-01 
7.44198E+02 2.24943E-07 1.68224E-04 1.25807E-01 
