100 2 
0.00000E+00 3.98838E-03 1.00577E+00 3.15927E+02 
7.49001E+00 3.98587E-03 1.00576E+00 3.15927E+02 
1.49800E+01 3.97834E-03 1.00567E+00 3.15926E+02 
2.24700E+01 3.96583E-03 1.00544E+00 3.15921E+02 
2.99600E+01 3.94835E-03 1.00497E+00 3.15909E+02 
3.74500E+01 3.92597E-03 1.00422E+00 3.15883E+02 
4.49400E+01 3.89876E-03 1.00309E+00 3.15837E+02 
5.24300E+01 3.86678E-03 1.00153E+00 3.15760E+02 
5.99200E+01 3.83014E-03 9.99472E-01 3.15644E+02 
6.74100E+01 3.78895E-03 9.96846E-01 3.15477E+02 
7.49001E+01 3.74332E-03 9.93597E-01 3.15245E+02 
8.23901E+01 3.69340E-03 9.89669E-01 3.14936E+02 
8.98801E+01 3.63934E-03 9.85009E-01 3.14534E+02 
9.73701E+01 3.58129E-03 9.79572E-01 3.14024E+02 
1.04860E+02 3.51943E-03 9.73315E-01 3.13391E+02 
1.12350E+02 3.45396E-03 9.66202E-01 3.12618E+02 
1.19840E+02 3.38506E-03 9.58201E-01 3.11689E+02 
1.27330E+02 3.31295E-03 9.49288E-01 3.10587E+02 
1.34820E+02 3.23785E-03 9.39442E-01 3.09295E+02 
1.42310E+02 3.15999E-03 9.28652E-01 3.07800E+02 
1.49800E+02 3.07960E-03 9.16909E-01 3.06084E+02 
1.57290E+02 2.99693E-03 9.04215E-01 3.04134E+02 
1.64780E+02 2.91223E-03 8.90574E-01 3.01937E+02 
1.72270E+02 2.82576E-03 8.75999E-01 2.99480E+02 
1.79760E+02 2.73777E-03 8.60511E-01 2.96753E+02 
1.87250E+02 2.64852E-03 8.44133E-01 2.93747E+02 
1.94740E+02 2.55829E-03 8.26898E-01 2.90455E+02 
2.02230E+02 2.46732E-03 8.08842E-01 2.86871E+02 
2.09720E+02 2.37589E-03 7.90009E-01 2.82991E+02 
2.17210E+02 2.28424E-03 7.70446E-01 2.78815E+02 
2.24700E+02 2.19265E-03 7.50207E-01 2.74342E+02 
2.32190E+02 2.10134E-03 7.29349E-01 2.69577E+02 
2.39680E+02 2.01057E-03 7.07934E-01 2.64524E+02 
2.47170E+02 1.92057E-03 6.86026E-01 2.59191E+02 
2.54660E+02 1.83156E-03 6.63693E-01 2.53587E+02 
2.62150E+02 1.74376E-03 6.41006E-01 2.47724E+02 
2.69640E+02 1.65737E-03 6.18035E-01 2.41616E+02 
2.77130E+02 1.57257E-03 5.94854E-01 2.35279E+02 
2.84620E+02 1.48955E-03 5.71537E-01 2.28730E+02 
2.92110E+02 1.40847E-03 5.48156E-01 2.21988E+02 
2.99600E+02 1.32947E-03 5.24785E-01 2.15073E+02 
3.07090E+02 1.25269E-03 5.01495E-01 2.08008E+02 
3.14580E+02 1.17824E-03 4.78356E-01 2.00816E+02 
3.22070E+02 1.10623E-03 4.55436E-01 1.93520E+02 
3.29560E+02 1.03675E-03 4.32798E-01 1.86144E+02 
3.37050E+02 9.69857E-04 4.10505E-01 1.78714E+02 
3.44540E+02 9.05618E-04 3.88615E-01 1.71254E+02 
3.52030E+02 8.44072E-04 3.67181E-01 1.63790E+02 
3.59520E+02 7.85244E-04 3.46253E-01 1.56344E+02 
3.67010E+02 7.29146E-04 3.25876E-01 1.48942E+02 
3.74500E+02 6.75778E-04 3.06091E-01 1.41608E+02 
3.81990E+02 6.25125E-04 2.86934E-01 1.34362E+02 
3.89480E+02 5.77163E-04 2.68435E-01 1.27226E+02 
3.96970E+02 5.31853E-04 2.50620E-01 1.20221E+02 
4.04460E+02 4.89151E-04 2.33510E-01 1.13366E+02 
4.11950E+02 4.48999E-04 2.17121E-01 1.06676E+02 
4.19440E+02 4.11334E-04 2.01465E-01 1.00169E+02 
4.26930E+02 3.76083E-04 1.86549E-01 9.38568E+01 
4.34420E+02 3.43169E-04 1.72375E-01 8.77529E+01 
4.41910E+02 3.12507E-04 1.58942E-01 8.18674E+01 
4.49400E+02 2.84011E-04 1.46244E-01 7.62089E+01 
4.56890E+02 2.57590E-04 1.34272E-01 7.07844E+01 
4.64380E+02 2.33148E-04 1.23014E-01 6.55992E+01 
4.71870E+02 2.10590E-04 1.12456E-01 6.06568E+01 
4.79360E+02 1.89819E-04 1.02578E-01 5.59591E+01 
4.86850E+02 1.70738E-04 9.33606E-02 5.15067E+01 
4.94340E+02 1.53250E-04 8.47822E-02 4.72986E+01 
5.01830E+02 1.37259E-04 7.68184E-02 4.33323E+01 
5.09320E+02 1.22672E-04 6.94441E-02 3.96044E+01 
5.16810E+02 1.09395E-04 6.26330E-02 3.61102E+01 
5.24300E+02 9.73390E-05 5.63579E-02 3.28440E+01 
5.31790E+02 8.64171E-05 5.05914E-02 2.97993E+01 
5.39280E+02 7.65456E-05 4.53054E-02 2.69688E+01 
5.46770E+02 6.76440E-05 4.04722E-02 2.43445E+01 
5.54260E+02 5.96355E-05 3.60640E-02 2.19180E+01 
5.61750E+02 5.24475E-05 3.20535E-02 1.96803E+01 
5.69240E+02 4.60107E-05 2.84140E-02 1.76224E+01 
5.76730E+02 4.02599E-05 2.51193E-02 1.57348E+01 
5.84220E+02 3.51340E-05 2.21441E-02 1.40080E+01 
5.91710E+02 3.05756E-05 1.94643E-02 1.24325E+01 
5.99200E+02 2.65313E-05 1.70564E-02 1.09989E+01 
6.06690E+02 2.29514E-05 1.48982E-02 9.69779E+00 
6.14180E+02 1.97899E-05 1.29686E-02 8.52001E+00 
6.21670E+02 1.70045E-05 1.12476E-02 7.45669E+00 
6.29160E+02 1.45559E-05 9.71646E-03 6.49920E+00 
6.36650E+02 1.24086E-05 8.35756E-03 5.63925E+00 
6.44141E+02 1.05297E-05 7.15450E-03 4.86891E+00 
6.51630E+02 8.88958E-06 6.09202E-03 4.18063E+00 
6.59120E+02 7.46116E-06 5.15599E-03 3.56725E+00 
6.66610E+02 6.21999E-06 4.33337E-03 3.02203E+00 
6.74101E+02 5.14403E-06 3.61219E-03 2.53864E+00 
6.81591E+02 4.21345E-06 2.98149E-03 2.11118E+00 
6.89081E+02 3.41047E-06 2.43126E-03 1.73413E+00 
6.96570E+02 2.71920E-06 1.95239E-03 1.40240E+00 
7.04061E+02 2.12547E-06 1.53665E-03 1.11129E+00 
7.11551E+02 1.61670E-06 1.17659E-03 8.56469E-01 
7.19041E+02 1.18175E-06 8.65510E-04 6.33985E-01 
7.26531E+02 8.10757E-07 5.97401E-04 4.40225E-01 
7.34021E+02 4.95055E-07 3.66883E-04 2.71905E-01 
7.41511E+02 2.27027E-07 1.69170E-04 1.26058E-01 
