100 2 
0.00000E+00 3.86816E-03 1.00581E+00 3.24283E+02 
7.62518E+00 3.86585E-03 1.00580E+00 3.24282E+02 
1.52504E+01 3.85892E-03 1.00572E+00 3.24281E+02 
2.28755E+01 3.84739E-03 1.00550E+00 3.24277E+02 
3.05007E+01 3.83128E-03 1.00507E+00 3.24265E+02 
3.81259E+01 3.81064E-03 1.00435E+00 3.24241E+02 
4.57511E+01 3.78552E-03 1.00330E+00 3.24196E+02 
5.33762E+01 3.75598E-03 1.00183E+00 3.24123E+02 
6.10014E+01 3.72210E-03 9.99891E-01 3.24012E+02 
6.86266E+01 3.68397E-03 9.97416E-01 3.23851E+02 
7.62518E+01 3.64167E-03 9.94350E-01 3.23629E+02 
8.38769E+01 3.59533E-03 9.90637E-01 3.23331E+02 
9.15021E+01 3.54507E-03 9.86227E-01 3.22944E+02 
9.91273E+01 3.49101E-03 9.81072E-01 3.22452E+02 
1.06752E+02 3.43331E-03 9.75130E-01 3.21840E+02 
1.14378E+02 3.37212E-03 9.68363E-01 3.21091E+02 
1.22003E+02 3.30762E-03 9.60737E-01 3.20189E+02 
1.29628E+02 3.23997E-03 9.52224E-01 3.19118E+02 
1.37253E+02 3.16937E-03 9.42802E-01 3.17860E+02 
1.44878E+02 3.09603E-03 9.32453E-01 3.16399E+02 
1.52504E+02 3.02014E-03 9.21168E-01 3.14721E+02 
1.60129E+02 2.94192E-03 9.08940E-01 3.12809E+02 
1.67754E+02 2.86161E-03 8.95773E-01 3.10649E+02 
1.75379E+02 2.77943E-03 8.81672E-01 3.08230E+02 
1.83004E+02 2.69562E-03 8.66652E-01 3.05538E+02 
1.90629E+02 2.61042E-03 8.50734E-01 3.02563E+02 
1.98255E+02 2.52407E-03 8.33944E-01 2.99298E+02 
2.05880E+02 2.43683E-03 8.16315E-01 2.95735E+02 
2.13505E+02 2.34893E-03 7.97884E-01 2.91870E+02 
2.21130E+02 2.26064E-03 7.78696E-01 2.87700E+02 
2.28755E+02 2.17219E-03 7.58800E-01 2.83224E+02 
2.36380E+02 2.08382E-03 7.38249E-01 2.78444E+02 
2.44006E+02 1.99578E-03 7.17103E-01 2.73364E+02 
2.51631E+02 1.90830E-03 6.95423E-01 2.67991E+02 
2.59256E+02 1.82159E-03 6.73275E-01 2.62333E+02 
2.66881E+02 1.73588E-03 6.50728E-01 2.56402E+02 
2.74506E+02 1.65137E-03 6.27852E-01 2.50209E+02 
2.82132E+02 1.56826E-03 6.04721E-01 2.43771E+02 
2.89757E+02 1.48673E-03 5.81408E-01 2.37105E+02 
2.97382E+02 1.40694E-03 5.57988E-01 2.30229E+02 
3.05007E+02 1.32907E-03 5.34533E-01 2.23165E+02 
3.12632E+02 1.25324E-03 5.11118E-01 2.15934E+02 
3.20257E+02 1.17960E-03 4.87815E-01 2.08560E+02 
3.27883E+02 1.10824E-03 4.64693E-01 2.01067E+02 
3.35508E+02 1.03928E-03 4.41820E-01 1.93480E+02 
3.43133E+02 9.72793E-04 4.19261E-01 1.85826E+02 
3.50758E+02 9.08846E-04 3.97076E-01 1.78129E+02 
3.58383E+02 8.47493E-04 3.75324E-01 1.70417E+02 
3.66008E+02 7.88773E-04 3.54058E-01 1.62714E+02 
3.73634E+02 7.32708E-04 3.33325E-01 1.55048E+02 
3.81259E+02 6.79308E-04 3.13171E-01 1.47441E+02 
3.88884E+02 6.28569E-04 2.93635E-01 1.39918E+02 
3.96509E+02 5.80476E-04 2.74751E-01 1.32503E+02 
4.04134E+02 5.35001E-04 2.56548E-01 1.25216E+02 
4.11760E+02 4.92105E-04 2.39050E-01 1.18079E+02 
4.19385E+02 4.51738E-04 2.22276E-01 1.11109E+02 
4.27010E+02 4.13844E-04 2.06241E-01 1.04323E+02 
4.34635E+02 3.78357E-04 1.90954E-01 9.77375E+01 
4.42260E+02 3.45204E-04 1.76420E-01 9.13654E+01 
4.49885E+02 3.14306E-04 1.62638E-01 8.52183E+01 
4.57511E+02 2.85578E-04 1.49606E-01 7.93061E+01 
4.65136E+02 2.58933E-04 1.37315E-01 7.36366E+01 
4.72761E+02 2.34279E-04 1.25755E-01 6.82159E+01 
4.80386E+02 2.11522E-04 1.14911E-01 6.30482E+01 
4.88011E+02 1.90567E-04 1.04765E-01 5.81362E+01 
4.95637E+02 1.71316E-04 9.52986E-02 5.34807E+01 
5.03262E+02 1.53675E-04 8.64886E-02 4.90810E+01 
5.10887E+02 1.37547E-04 7.83114E-02 4.49349E+01 
5.18512E+02 1.22838E-04 7.07416E-02 4.10391E+01 
5.26137E+02 1.09455E-04 6.37522E-02 3.73887E+01 
5.33762E+02 9.73082E-05 5.73157E-02 3.39781E+01 
5.41388E+02 8.63095E-05 5.14038E-02 3.08003E+01 
5.49013E+02 7.63745E-05 4.59878E-02 2.78478E+01 
5.56638E+02 6.74217E-05 4.10391E-02 2.51123E+01 
5.64263E+02 5.93735E-05 3.65291E-02 2.25849E+01 
5.71888E+02 5.21559E-05 3.24294E-02 2.02563E+01 
5.79513E+02 4.56985E-05 2.87124E-02 1.81166E+01 
5.87139E+02 3.99353E-05 2.53509E-02 1.61560E+01 
5.94764E+02 3.48039E-05 2.23189E-02 1.43644E+01 
6.02389E+02 3.02460E-05 1.95910E-02 1.27318E+01 
6.10014E+02 2.62073E-05 1.71431E-02 1.12480E+01 
6.17639E+02 2.26372E-05 1.49519E-02 9.90317E+00 
6.25265E+02 1.94889E-05 1.29957E-02 8.68759E+00 
6.32890E+02 1.67192E-05 1.12535E-02 7.59179E+00 
6.40515E+02 1.42885E-05 9.70610E-03 6.60665E+00 
6.48140E+02 1.21604E-05 8.33507E-03 5.72336E+00 
6.55765E+02 1.03016E-05 7.12340E-03 4.93351E+00 
6.63390E+02 8.68201E-06 6.05530E-03 4.22910E+00 
6.71016E+02 7.27422E-06 5.11614E-03 3.60257E+00 
6.78641E+02 6.05345E-06 4.29245E-03 3.04679E+00 
6.86266E+02 4.99742E-06 3.57185E-03 2.55507E+00 
6.93891E+02 4.08607E-06 2.94304E-03 2.12120E+00 
7.01516E+02 3.30147E-06 2.39570E-03 1.73936E+00 
7.09141E+02 2.62762E-06 1.92047E-03 1.40422E+00 
7.16767E+02 2.05026E-06 1.50890E-03 1.11083E+00 
7.24392E+02 1.55678E-06 1.15336E-03 8.54662E-01 
7.32017E+02 1.13599E-06 8.46982E-04 6.31586E-01 
7.39642E+02 7.78053E-07 5.83637E-04 4.37834E-01 
7.47267E+02 4.74305E-07 3.57846E-04 2.69991E-01 
7.54893E+02 2.17164E-07 1.64740E-04 1.24972E-01 
