100 2 
0.00000E+00 3.94109E-03 1.00579E+00 3.19171E+02 
7.54320E+00 3.93865E-03 1.00578E+00 3.19171E+02 
1.50864E+01 3.93136E-03 1.00569E+00 3.19170E+02 
2.26296E+01 3.91923E-03 1.00546E+00 3.19165E+02 
3.01728E+01 3.90229E-03 1.00501E+00 3.19153E+02 
3.77160E+01 3.88059E-03 1.00427E+00 3.19128E+02 
4.52592E+01 3.85420E-03 1.00317E+00 3.19082E+02 
5.28024E+01 3.82317E-03 1.00165E+00 3.19007E+02 
6.03456E+01 3.78761E-03 9.99634E-01 3.18893E+02 
6.78888E+01 3.74762E-03 9.97067E-01 3.18728E+02 
7.54320E+01 3.70330E-03 9.93888E-01 3.18500E+02 
8.29752E+01 3.65478E-03 9.90043E-01 3.18195E+02 
9.05184E+01 3.60220E-03 9.85479E-01 3.17798E+02 
9.80616E+01 3.54571E-03 9.80150E-01 3.17295E+02 
1.05605E+02 3.48548E-03 9.74015E-01 3.16670E+02 
1.13148E+02 3.42168E-03 9.67034E-01 3.15906E+02 
1.20691E+02 3.35450E-03 9.59178E-01 3.14987E+02 
1.28234E+02 3.28413E-03 9.50418E-01 3.13896E+02 
1.35778E+02 3.21080E-03 9.40735E-01 3.12617E+02 
1.43321E+02 3.13470E-03 9.30114E-01 3.11134E+02 
1.50864E+02 3.05607E-03 9.18547E-01 3.09432E+02 
1.58407E+02 2.97514E-03 9.06031E-01 3.07496E+02 
1.65950E+02 2.89216E-03 8.92571E-01 3.05313E+02 
1.73494E+02 2.80736E-03 8.78178E-01 3.02870E+02 
1.81037E+02 2.72100E-03 8.62869E-01 3.00155E+02 
1.88580E+02 2.63333E-03 8.46667E-01 2.97160E+02 
1.96123E+02 2.54462E-03 8.29601E-01 2.93877E+02 
2.03666E+02 2.45511E-03 8.11708E-01 2.90300E+02 
2.11210E+02 2.36506E-03 7.93028E-01 2.86425E+02 
2.18753E+02 2.27472E-03 7.73608E-01 2.82249E+02 
2.26296E+02 2.18436E-03 7.53499E-01 2.77774E+02 
2.33839E+02 2.09420E-03 7.32758E-01 2.73002E+02 
2.41382E+02 2.00450E-03 7.11444E-01 2.67937E+02 
2.48926E+02 1.91548E-03 6.89622E-01 2.62587E+02 
2.56469E+02 1.82738E-03 6.67359E-01 2.56961E+02 
2.64012E+02 1.74040E-03 6.44723E-01 2.51070E+02 
2.71555E+02 1.65474E-03 6.21787E-01 2.44928E+02 
2.79098E+02 1.57061E-03 5.98624E-01 2.38550E+02 
2.86642E+02 1.48817E-03 5.75307E-01 2.31954E+02 
2.94185E+02 1.40760E-03 5.51909E-01 2.25159E+02 
3.01728E+02 1.32905E-03 5.28505E-01 2.18186E+02 
3.09271E+02 1.25265E-03 5.05165E-01 2.11056E+02 
3.16814E+02 1.17852E-03 4.81962E-01 2.03792E+02 
3.24358E+02 1.10677E-03 4.58963E-01 1.96419E+02 
3.31901E+02 1.03750E-03 4.36234E-01 1.88962E+02 
3.39444E+02 9.70776E-04 4.13838E-01 1.81444E+02 
3.46987E+02 9.06660E-04 3.91834E-01 1.73892E+02 
3.54530E+02 8.45197E-04 3.70277E-01 1.66331E+02 
3.62073E+02 7.86420E-04 3.49219E-01 1.58786E+02 
3.69617E+02 7.30344E-04 3.28706E-01 1.51282E+02 
3.77160E+02 6.76973E-04 3.08779E-01 1.43842E+02 
3.84703E+02 6.26296E-04 2.89476E-01 1.36489E+02 
3.92246E+02 5.78292E-04 2.70829E-01 1.29246E+02 
3.99789E+02 5.32927E-04 2.52866E-01 1.22133E+02 
4.07333E+02 4.90158E-04 2.35608E-01 1.15168E+02 
4.14876E+02 4.49931E-04 2.19072E-01 1.08371E+02 
4.22419E+02 4.12185E-04 2.03271E-01 1.01756E+02 
4.29962E+02 3.76850E-04 1.88213E-01 9.53392E+01 
4.37505E+02 3.43851E-04 1.73902E-01 8.91323E+01 
4.45049E+02 3.13105E-04 1.60336E-01 8.31464E+01 
4.52592E+02 2.84526E-04 1.47510E-01 7.73906E+01 
4.60135E+02 2.58025E-04 1.35417E-01 7.18722E+01 
4.67678E+02 2.33507E-04 1.24044E-01 6.65967E+01 
4.75221E+02 2.10878E-04 1.13377E-01 6.15680E+01 
4.82765E+02 1.90041E-04 1.03398E-01 5.67883E+01 
4.90308E+02 1.70900E-04 9.40857E-02 5.22582E+01 
4.97851E+02 1.53358E-04 8.54194E-02 4.79768E+01 
5.05394E+02 1.37319E-04 7.73748E-02 4.39418E+01 
5.12937E+02 1.22688E-04 6.99264E-02 4.01497E+01 
5.20481E+02 1.09375E-04 6.30479E-02 3.65958E+01 
5.28024E+02 9.72873E-05 5.67118E-02 3.32745E+01 
5.35567E+02 8.63393E-05 5.08904E-02 3.01790E+01 
5.43110E+02 7.64465E-05 4.55555E-02 2.73019E+01 
5.50653E+02 6.75281E-05 4.06788E-02 2.46352E+01 
5.58197E+02 5.95071E-05 3.62323E-02 2.21703E+01 
5.65740E+02 5.23103E-05 3.21884E-02 1.98980E+01 
5.73283E+02 4.58679E-05 2.85198E-02 1.78089E+01 
5.80826E+02 4.01145E-05 2.52002E-02 1.58935E+01 
5.88369E+02 3.49885E-05 2.22039E-02 1.41421E+01 
5.95913E+02 3.04322E-05 1.95063E-02 1.25449E+01 
6.03456E+02 2.63917E-05 1.70836E-02 1.10922E+01 
6.10999E+02 2.28172E-05 1.49133E-02 9.77450E+00 
6.18542E+02 1.96622E-05 1.29740E-02 8.58239E+00 
6.26085E+02 1.68841E-05 1.12454E-02 7.50679E+00 
6.33629E+02 1.44436E-05 9.70840E-03 6.53884E+00 
6.41172E+02 1.23048E-05 8.34527E-03 5.67008E+00 
6.48715E+02 1.04347E-05 7.13930E-03 4.89240E+00 
6.56258E+02 8.80335E-06 6.07504E-03 4.19806E+00 
6.63801E+02 7.38370E-06 5.13815E-03 3.57976E+00 
6.71345E+02 6.15114E-06 4.31544E-03 3.03061E+00 
6.78888E+02 5.08353E-06 3.59478E-03 2.54414E+00 
6.86431E+02 4.16098E-06 2.96508E-03 2.11432E+00 
6.93974E+02 3.36564E-06 2.41620E-03 1.73554E+00 
7.01517E+02 2.68157E-06 1.93896E-03 1.40259E+00 
7.09061E+02 2.09460E-06 1.52504E-03 1.11069E+00 
7.16604E+02 1.59213E-06 1.16691E-03 8.55438E-01 
7.24147E+02 1.16300E-06 8.57817E-04 6.32803E-01 
7.31690E+02 7.97366E-07 5.91702E-04 4.39118E-01 
7.39233E+02 4.86564E-07 3.63150E-04 2.71049E-01 
7.46777E+02 2.22994E-07 1.67344E-04 1.25583E-01 
