100 2 
0.00000E+00 3.72910E-03 1.00586E+00 3.34426E+02 
7.78205E+00 3.72702E-03 1.00585E+00 3.34426E+02 
1.55641E+01 3.72079E-03 1.00577E+00 3.34425E+02 
2.33461E+01 3.71041E-03 1.00557E+00 3.34421E+02 
3.11282E+01 3.69590E-03 1.00517E+00 3.34410E+02 
3.89102E+01 3.67730E-03 1.00451E+00 3.34387E+02 
4.66923E+01 3.65464E-03 1.00354E+00 3.34345E+02 
5.44743E+01 3.62795E-03 1.00219E+00 3.34276E+02 
6.22564E+01 3.59731E-03 1.00040E+00 3.34171E+02 
7.00384E+01 3.56275E-03 9.98110E-01 3.34020E+02 
7.78205E+01 3.52436E-03 9.95269E-01 3.33809E+02 
8.56025E+01 3.48222E-03 9.91823E-01 3.33527E+02 
9.33846E+01 3.43642E-03 9.87722E-01 3.33160E+02 
1.01167E+02 3.38705E-03 9.82917E-01 3.32692E+02 
1.08949E+02 3.33424E-03 9.77367E-01 3.32108E+02 
1.16731E+02 3.27809E-03 9.71029E-01 3.31393E+02 
1.24513E+02 3.21875E-03 9.63869E-01 3.30529E+02 
1.32295E+02 3.15636E-03 9.55856E-01 3.29499E+02 
1.40077E+02 3.09107E-03 9.46962E-01 3.28287E+02 
1.47859E+02 3.02304E-03 9.37167E-01 3.26877E+02 
1.55641E+02 2.95246E-03 9.26455E-01 3.25250E+02 
1.63423E+02 2.87951E-03 9.14815E-01 3.23393E+02 
1.71205E+02 2.80438E-03 9.02244E-01 3.21289E+02 
1.78987E+02 2.72727E-03 8.88741E-01 3.18924E+02 
1.86769E+02 2.64840E-03 8.74317E-01 3.16286E+02 
1.94551E+02 2.56799E-03 8.58983E-01 3.13361E+02 
2.02333E+02 2.48624E-03 8.42762E-01 3.10142E+02 
2.10115E+02 2.40341E-03 8.25678E-01 3.06618E+02 
2.17897E+02 2.31971E-03 8.07765E-01 3.02784E+02 
2.25679E+02 2.23538E-03 7.89061E-01 2.98635E+02 
2.33461E+02 2.15065E-03 7.69611E-01 2.94170E+02 
2.41243E+02 2.06576E-03 7.49463E-01 2.89387E+02 
2.49026E+02 1.98095E-03 7.28671E-01 2.84290E+02 
2.56808E+02 1.89643E-03 7.07296E-01 2.78883E+02 
2.64590E+02 1.81244E-03 6.85399E-01 2.73175E+02 
2.72372E+02 1.72919E-03 6.63048E-01 2.67174E+02 
2.80154E+02 1.64688E-03 6.40312E-01 2.60892E+02 
2.87936E+02 1.56574E-03 6.17263E-01 2.54345E+02 
2.95718E+02 1.48593E-03 5.93975E-01 2.47549E+02 
3.03500E+02 1.40765E-03 5.70523E-01 2.40522E+02 
3.11282E+02 1.33106E-03 5.46982E-01 2.33286E+02 
3.19064E+02 1.25632E-03 5.23426E-01 2.25862E+02 
3.26846E+02 1.18357E-03 4.99932E-01 2.18274E+02 
3.34628E+02 1.11293E-03 4.76571E-01 2.10548E+02 
3.42410E+02 1.04453E-03 4.53415E-01 2.02710E+02 
3.50192E+02 9.78443E-04 4.30532E-01 1.94786E+02 
3.57974E+02 9.14769E-04 4.07988E-01 1.86803E+02 
3.65756E+02 8.53569E-04 3.85844E-01 1.78790E+02 
3.73538E+02 7.94896E-04 3.64157E-01 1.70774E+02 
3.81320E+02 7.38788E-04 3.42982E-01 1.62782E+02 
3.89102E+02 6.85266E-04 3.22366E-01 1.54841E+02 
3.96884E+02 6.34341E-04 3.02355E-01 1.46977E+02 
4.04667E+02 5.86007E-04 2.82985E-01 1.39215E+02 
4.12449E+02 5.40249E-04 2.64292E-01 1.31578E+02 
4.20231E+02 4.97036E-04 2.46303E-01 1.24089E+02 
4.28013E+02 4.56330E-04 2.29040E-01 1.16768E+02 
4.35795E+02 4.18082E-04 2.12522E-01 1.09634E+02 
4.43577E+02 3.82233E-04 1.96761E-01 1.02705E+02 
4.51359E+02 3.48717E-04 1.81765E-01 9.59952E+01 
4.59141E+02 3.17460E-04 1.67537E-01 8.95183E+01 
4.66923E+02 2.88383E-04 1.54075E-01 8.32854E+01 
4.74705E+02 2.61402E-04 1.41373E-01 7.73058E+01 
4.82487E+02 2.36428E-04 1.29422E-01 7.15865E+01 
4.90269E+02 2.13370E-04 1.18208E-01 6.61328E+01 
4.98051E+02 1.92134E-04 1.07715E-01 6.09481E+01 
5.05833E+02 1.72625E-04 9.79240E-02 5.60338E+01 
5.13615E+02 1.54747E-04 8.88122E-02 5.13898E+01 
5.21397E+02 1.38405E-04 8.03561E-02 4.70141E+01 
5.29179E+02 1.23504E-04 7.25298E-02 4.29034E+01 
5.36961E+02 1.09951E-04 6.53061E-02 3.90531E+01 
5.44743E+02 9.76556E-05 5.86567E-02 3.54571E+01 
5.52525E+02 8.65282E-05 5.25525E-02 3.21085E+01 
5.60307E+02 7.64831E-05 4.69640E-02 2.89992E+01 
5.68090E+02 6.74379E-05 4.18613E-02 2.61206E+01 
5.75872E+02 5.93133E-05 3.72148E-02 2.34632E+01 
5.83654E+02 5.20339E-05 3.29950E-02 2.10170E+01 
5.91436E+02 4.55281E-05 2.91730E-02 1.87716E+01 
5.99218E+02 3.97282E-05 2.57206E-02 1.67165E+01 
6.07000E+02 3.45704E-05 2.26103E-02 1.48409E+01 
6.14782E+02 2.99953E-05 1.98157E-02 1.31339E+01 
6.22564E+02 2.59470E-05 1.73115E-02 1.15848E+01 
6.30346E+02 2.23739E-05 1.50734E-02 1.01829E+01 
6.38128E+02 1.92281E-05 1.30785E-02 8.91783E+00 
6.45910E+02 1.64654E-05 1.13050E-02 7.77937E+00 
6.53692E+02 1.40453E-05 9.73262E-03 6.75773E+00 
6.61474E+02 1.19304E-05 8.34213E-03 5.84347E+00 
6.69256E+02 1.00870E-05 7.11577E-03 5.02760E+00 
6.77038E+02 8.48427E-06 6.03701E-03 4.30153E+00 
6.84820E+02 7.09419E-06 5.09060E-03 3.65717E+00 
6.92602E+02 5.89159E-06 4.26247E-03 3.08690E+00 
7.00384E+02 4.85379E-06 3.53975E-03 2.58359E+00 
7.08166E+02 3.96043E-06 2.91067E-03 2.14060E+00 
7.15948E+02 3.19334E-06 2.36453E-03 1.75177E+00 
7.23730E+02 2.53632E-06 1.89165E-03 1.41142E+00 
7.31513E+02 1.97498E-06 1.48326E-03 1.11430E+00 
7.39295E+02 1.49657E-06 1.13149E-03 8.55646E-01 
7.47077E+02 1.08988E-06 8.29283E-04 6.31082E-01 
7.54859E+02 7.45010E-07 5.70333E-04 4.36645E-01 
7.62641E+02 4.53293E-07 3.49025E-04 2.68750E-01 
7.70423E+02 2.07158E-07 1.60382E-04 1.24169E-01 
