100 2 
0.00000E+00 3.72490E-03 1.00586E+00 3.34741E+02 
7.78681E+00 3.72283E-03 1.00585E+00 3.34741E+02 
1.55736E+01 3.71662E-03 1.00577E+00 3.34740E+02 
2.33604E+01 3.70627E-03 1.00557E+00 3.34736E+02 
3.11472E+01 3.69181E-03 1.00517E+00 3.34725E+02 
3.89341E+01 3.67327E-03 1.00452E+00 3.34702E+02 
4.67209E+01 3.65068E-03 1.00355E+00 3.34660E+02 
5.45077E+01 3.62409E-03 1.00220E+00 3.34592E+02 
6.22945E+01 3.59354E-03 1.00041E+00 3.34487E+02 
7.00813E+01 3.55909E-03 9.98131E-01 3.34336E+02 
7.78681E+01 3.52082E-03 9.95298E-01 3.34126E+02 
8.56549E+01 3.47881E-03 9.91860E-01 3.33844E+02 
9.34417E+01 3.43314E-03 9.87768E-01 3.33477E+02 
1.01229E+02 3.38391E-03 9.82975E-01 3.33010E+02 
1.09015E+02 3.33125E-03 9.77436E-01 3.32428E+02 
1.16802E+02 3.27525E-03 9.71112E-01 3.31713E+02 
1.24589E+02 3.21607E-03 9.63967E-01 3.30850E+02 
1.32376E+02 3.15384E-03 9.55969E-01 3.29822E+02 
1.40163E+02 3.08871E-03 9.47092E-01 3.28612E+02 
1.47949E+02 3.02085E-03 9.37315E-01 3.27203E+02 
1.55736E+02 2.95043E-03 9.26620E-01 3.25578E+02 
1.63523E+02 2.87764E-03 9.14999E-01 3.23722E+02 
1.71310E+02 2.80266E-03 9.02446E-01 3.21620E+02 
1.79097E+02 2.72571E-03 8.88963E-01 3.19257E+02 
1.86883E+02 2.64699E-03 8.74557E-01 3.16621E+02 
1.94670E+02 2.56672E-03 8.59242E-01 3.13698E+02 
2.02457E+02 2.48512E-03 8.43038E-01 3.10480E+02 
2.10244E+02 2.40242E-03 8.25972E-01 3.06958E+02 
2.18031E+02 2.31885E-03 8.08076E-01 3.03125E+02 
2.25818E+02 2.23464E-03 7.89388E-01 2.98977E+02 
2.33604E+02 2.15003E-03 7.69951E-01 2.94512E+02 
2.41391E+02 2.06525E-03 7.49816E-01 2.89730E+02 
2.49178E+02 1.98053E-03 7.29036E-01 2.84632E+02 
2.56965E+02 1.89610E-03 7.07671E-01 2.79225E+02 
2.64752E+02 1.81219E-03 6.85782E-01 2.73515E+02 
2.72538E+02 1.72902E-03 6.63438E-01 2.67512E+02 
2.80325E+02 1.64678E-03 6.40707E-01 2.61228E+02 
2.88112E+02 1.56570E-03 6.17661E-01 2.54678E+02 
2.95899E+02 1.48594E-03 5.94374E-01 2.47878E+02 
3.03686E+02 1.40771E-03 5.70920E-01 2.40847E+02 
3.11472E+02 1.33116E-03 5.47377E-01 2.33605E+02 
3.19259E+02 1.25645E-03 5.23817E-01 2.26175E+02 
3.27046E+02 1.18373E-03 5.00317E-01 2.18581E+02 
3.34833E+02 1.11311E-03 4.76949E-01 2.10848E+02 
3.42620E+02 1.04472E-03 4.53785E-01 2.03002E+02 
3.50406E+02 9.78648E-04 4.30892E-01 1.95069E+02 
3.58193E+02 9.14981E-04 4.08336E-01 1.87078E+02 
3.65980E+02 8.53785E-04 3.86180E-01 1.79056E+02 
3.73767E+02 7.95112E-04 3.64480E-01 1.71030E+02 
3.81554E+02 7.39002E-04 3.43291E-01 1.63028E+02 
3.89341E+02 6.85475E-04 3.22661E-01 1.55076E+02 
3.97127E+02 6.34543E-04 3.02634E-01 1.47202E+02 
4.04914E+02 5.86201E-04 2.83250E-01 1.39428E+02 
4.12701E+02 5.40432E-04 2.64541E-01 1.31781E+02 
4.20488E+02 4.97208E-04 2.46536E-01 1.24280E+02 
4.28275E+02 4.56491E-04 2.29258E-01 1.16948E+02 
4.36061E+02 4.18231E-04 2.12724E-01 1.09804E+02 
4.43848E+02 3.82370E-04 1.96949E-01 1.02863E+02 
4.51635E+02 3.48841E-04 1.81938E-01 9.61430E+01 
4.59422E+02 3.17572E-04 1.67696E-01 8.96557E+01 
4.67209E+02 2.88484E-04 1.54220E-01 8.34127E+01 
4.74995E+02 2.61491E-04 1.41505E-01 7.74231E+01 
4.82782E+02 2.36506E-04 1.29541E-01 7.16944E+01 
4.90569E+02 2.13438E-04 1.18316E-01 6.62316E+01 
4.98356E+02 1.92192E-04 1.07812E-01 6.10382E+01 
5.06143E+02 1.72674E-04 9.80097E-02 5.61157E+01 
5.13930E+02 1.54788E-04 8.88883E-02 5.14638E+01 
5.21716E+02 1.38439E-04 8.04231E-02 4.70808E+01 
5.29503E+02 1.23531E-04 7.25885E-02 4.29633E+01 
5.37290E+02 1.09973E-04 6.53573E-02 3.91065E+01 
5.45077E+02 9.76720E-05 5.87010E-02 3.55047E+01 
5.52864E+02 8.65400E-05 5.25906E-02 3.21506E+01 
5.60650E+02 7.64911E-05 4.69965E-02 2.90363E+01 
5.68437E+02 6.74426E-05 4.18889E-02 2.61532E+01 
5.76224E+02 5.93152E-05 3.72379E-02 2.34916E+01 
5.84011E+02 5.20335E-05 3.30142E-02 2.10416E+01 
5.91798E+02 4.55259E-05 2.91888E-02 1.87928E+01 
5.99584E+02 3.97244E-05 2.57334E-02 1.67347E+01 
6.07371E+02 3.45656E-05 2.26205E-02 1.48564E+01 
6.15158E+02 2.99896E-05 1.98237E-02 1.31470E+01 
6.22945E+02 2.59408E-05 1.73177E-02 1.15958E+01 
6.30732E+02 2.23674E-05 1.50780E-02 1.01921E+01 
6.38518E+02 1.92215E-05 1.30818E-02 8.92539E+00 
6.46305E+02 1.64589E-05 1.13073E-02 7.78555E+00 
6.54092E+02 1.40389E-05 9.73401E-03 6.76273E+00 
6.61879E+02 1.19243E-05 8.34285E-03 5.84748E+00 
6.69666E+02 1.00813E-05 7.11597E-03 5.03076E+00 
6.77453E+02 8.47890E-06 6.03683E-03 4.30398E+00 
6.85239E+02 7.08927E-06 5.09014E-03 3.65904E+00 
6.93026E+02 5.88714E-06 4.26182E-03 3.08829E+00 
7.00813E+02 4.84982E-06 3.53899E-03 2.58460E+00 
7.08600E+02 3.95695E-06 2.90987E-03 2.14131E+00 
7.16387E+02 3.19033E-06 2.36373E-03 1.75225E+00 
7.24173E+02 2.53377E-06 1.89089E-03 1.41171E+00 
7.31960E+02 1.97287E-06 1.48257E-03 1.11447E+00 
7.39747E+02 1.49488E-06 1.13090E-03 8.55721E-01 
7.47534E+02 1.08858E-06 8.28800E-04 6.31099E-01 
7.55321E+02 7.44077E-07 5.69967E-04 4.36632E-01 
7.63107E+02 4.52701E-07 3.48782E-04 2.68728E-01 
7.70894E+02 2.06876E-07 1.60262E-04 1.24152E-01 
