100 2 
0.00000E+00 3.83839E-03 1.00582E+00 3.26409E+02 
7.65867E+00 3.83613E-03 1.00581E+00 3.26409E+02 
1.53173E+01 3.82935E-03 1.00573E+00 3.26408E+02 
2.29760E+01 3.81806E-03 1.00551E+00 3.26404E+02 
3.06347E+01 3.80230E-03 1.00509E+00 3.26392E+02 
3.82934E+01 3.78209E-03 1.00439E+00 3.26368E+02 
4.59520E+01 3.75750E-03 1.00335E+00 3.26324E+02 
5.36107E+01 3.72857E-03 1.00191E+00 3.26252E+02 
6.12694E+01 3.69538E-03 9.99997E-01 3.26142E+02 
6.89280E+01 3.65800E-03 9.97562E-01 3.25983E+02 
7.65867E+01 3.61654E-03 9.94543E-01 3.25763E+02 
8.42454E+01 3.57110E-03 9.90886E-01 3.25468E+02 
9.19041E+01 3.52178E-03 9.86540E-01 3.25085E+02 
9.95627E+01 3.46873E-03 9.81458E-01 3.24598E+02 
1.07221E+02 3.41207E-03 9.75598E-01 3.23992E+02 
1.14880E+02 3.35195E-03 9.68920E-01 3.23250E+02 
1.22539E+02 3.28854E-03 9.61391E-01 3.22355E+02 
1.30197E+02 3.22202E-03 9.52982E-01 3.21292E+02 
1.37856E+02 3.15255E-03 9.43669E-01 3.20043E+02 
1.45515E+02 3.08033E-03 9.33436E-01 3.18593E+02 
1.53173E+02 3.00557E-03 9.22269E-01 3.16925E+02 
1.60832E+02 2.92848E-03 9.10164E-01 3.15023E+02 
1.68491E+02 2.84926E-03 8.97119E-01 3.12875E+02 
1.76149E+02 2.76816E-03 8.83142E-01 3.10466E+02 
1.83808E+02 2.68540E-03 8.68245E-01 3.07784E+02 
1.91467E+02 2.60121E-03 8.52448E-01 3.04819E+02 
1.99125E+02 2.51584E-03 8.35775E-01 3.01563E+02 
2.06784E+02 2.42953E-03 8.18258E-01 2.98007E+02 
2.14443E+02 2.34253E-03 7.99933E-01 2.94147E+02 
2.22101E+02 2.25507E-03 7.80844E-01 2.89980E+02 
2.29760E+02 2.16741E-03 7.61039E-01 2.85505E+02 
2.37419E+02 2.07978E-03 7.40570E-01 2.80723E+02 
2.45077E+02 1.99243E-03 7.19496E-01 2.75639E+02 
2.52736E+02 1.90557E-03 6.97877E-01 2.70257E+02 
2.60395E+02 1.81944E-03 6.75779E-01 2.64587E+02 
2.68054E+02 1.73425E-03 6.53271E-01 2.58640E+02 
2.75712E+02 1.65021E-03 6.30423E-01 2.52428E+02 
2.83371E+02 1.56752E-03 6.07307E-01 2.45966E+02 
2.91030E+02 1.48635E-03 5.83997E-01 2.39271E+02 
2.98688E+02 1.40689E-03 5.60568E-01 2.32363E+02 
3.06347E+02 1.32929E-03 5.37094E-01 2.25262E+02 
3.14006E+02 1.25370E-03 5.13649E-01 2.17989E+02 
3.21664E+02 1.18025E-03 4.90305E-01 2.10570E+02 
3.29323E+02 1.10905E-03 4.67132E-01 2.03027E+02 
3.36982E+02 1.04021E-03 4.44199E-01 1.95387E+02 
3.44640E+02 9.73812E-04 4.21572E-01 1.87676E+02 
3.52299E+02 9.09928E-04 3.99312E-01 1.79919E+02 
3.59958E+02 8.48614E-04 3.77478E-01 1.72144E+02 
3.67616E+02 7.89910E-04 3.56124E-01 1.64376E+02 
3.75275E+02 7.33842E-04 3.35299E-01 1.56641E+02 
3.82934E+02 6.80423E-04 3.15050E-01 1.48965E+02 
3.90592E+02 6.29652E-04 2.95415E-01 1.41371E+02 
3.98251E+02 5.81515E-04 2.76430E-01 1.33884E+02 
4.05910E+02 5.35986E-04 2.58126E-01 1.26524E+02 
4.13568E+02 4.93030E-04 2.40527E-01 1.19314E+02 
4.21227E+02 4.52599E-04 2.23652E-01 1.12271E+02 
4.28886E+02 4.14637E-04 2.07518E-01 1.05413E+02 
4.36544E+02 3.79080E-04 1.92133E-01 9.87567E+01 
4.44203E+02 3.45856E-04 1.77504E-01 9.23148E+01 
4.51862E+02 3.14889E-04 1.63631E-01 8.60997E+01 
4.59520E+02 2.86093E-04 1.50511E-01 8.01213E+01 
4.67179E+02 2.59383E-04 1.38136E-01 7.43879E+01 
4.74838E+02 2.34667E-04 1.26496E-01 6.89057E+01 
4.82496E+02 2.11851E-04 1.15576E-01 6.36792E+01 
4.90155E+02 1.90842E-04 1.05359E-01 5.87111E+01 
4.97814E+02 1.71541E-04 9.58263E-02 5.40024E+01 
5.05472E+02 1.53855E-04 8.69548E-02 4.95525E+01 
5.13131E+02 1.37685E-04 7.87208E-02 4.53593E+01 
5.20790E+02 1.22940E-04 7.10988E-02 4.14194E+01 
5.28448E+02 1.09525E-04 6.40618E-02 3.77280E+01 
5.36107E+02 9.73497E-05 5.75820E-02 3.42793E+01 
5.43766E+02 8.63270E-05 5.16312E-02 3.10666E+01 
5.51424E+02 7.63716E-05 4.61803E-02 2.80820E+01 
5.59083E+02 6.74019E-05 4.12004E-02 2.53172E+01 
5.66742E+02 5.93400E-05 3.66629E-02 2.27632E+01 
5.74400E+02 5.21115E-05 3.25390E-02 2.04105E+01 
5.82059E+02 4.56459E-05 2.88008E-02 1.82493E+01 
5.89718E+02 3.98767E-05 2.54212E-02 1.62694E+01 
5.97376E+02 3.47414E-05 2.23735E-02 1.44606E+01 
6.05035E+02 3.01814E-05 1.96323E-02 1.28128E+01 
6.12694E+02 2.61420E-05 1.71732E-02 1.13157E+01 
6.20352E+02 2.25725E-05 1.49728E-02 9.95928E+00 
6.28011E+02 1.94258E-05 1.30090E-02 8.73362E+00 
6.35670E+02 1.66586E-05 1.12608E-02 7.62917E+00 
6.43328E+02 1.42309E-05 9.70849E-03 6.63661E+00 
6.50987E+02 1.21064E-05 8.33375E-03 5.74705E+00 
6.58646E+02 1.02516E-05 7.11935E-03 4.95194E+00 
6.66304E+02 8.63617E-06 6.04934E-03 4.24317E+00 
6.73963E+02 7.23269E-06 5.10894E-03 3.61305E+00 
6.81622E+02 6.01626E-06 4.28457E-03 3.05437E+00 
6.89280E+02 4.96454E-06 3.56376E-03 2.56036E+00 
6.96939E+02 4.05739E-06 2.93510E-03 2.12468E+00 
7.04598E+02 3.27685E-06 2.38819E-03 1.74147E+00 
7.12256E+02 2.60687E-06 1.91363E-03 1.40532E+00 
7.19915E+02 2.03319E-06 1.50288E-03 1.11123E+00 
7.27574E+02 1.54314E-06 1.14826E-03 8.54610E-01 
7.35232E+02 1.12556E-06 8.42885E-04 6.31286E-01 
7.42891E+02 7.70587E-07 5.80573E-04 4.37446E-01 
7.50550E+02 4.69562E-07 3.55823E-04 2.69643E-01 
7.58208E+02 2.14908E-07 1.63745E-04 1.24763E-01 
