100 2 
0.00000E+00 3.97670E-03 1.00578E+00 3.16723E+02 
7.50314E+00 3.97421E-03 1.00576E+00 3.16723E+02 
1.50063E+01 3.96674E-03 1.00568E+00 3.16721E+02 
2.25094E+01 3.95432E-03 1.00544E+00 3.16717E+02 
3.00126E+01 3.93698E-03 1.00498E+00 3.16705E+02 
3.75157E+01 3.91477E-03 1.00423E+00 3.16679E+02 
4.50189E+01 3.88775E-03 1.00311E+00 3.16633E+02 
5.25220E+01 3.85601E-03 1.00156E+00 3.16557E+02 
6.00252E+01 3.81964E-03 9.99512E-01 3.16441E+02 
6.75283E+01 3.77874E-03 9.96900E-01 3.16274E+02 
7.50314E+01 3.73344E-03 9.93668E-01 3.16043E+02 
8.25346E+01 3.68386E-03 9.89760E-01 3.15735E+02 
9.00377E+01 3.63016E-03 9.85124E-01 3.15335E+02 
9.75409E+01 3.57249E-03 9.79713E-01 3.14827E+02 
1.05044E+02 3.51104E-03 9.73486E-01 3.14195E+02 
1.12547E+02 3.44598E-03 9.66405E-01 3.13424E+02 
1.20050E+02 3.37750E-03 9.58439E-01 3.12497E+02 
1.27553E+02 3.30582E-03 9.49564E-01 3.11398E+02 
1.35057E+02 3.23116E-03 9.39758E-01 3.10110E+02 
1.42560E+02 3.15373E-03 9.29008E-01 3.08617E+02 
1.50063E+02 3.07377E-03 9.17309E-01 3.06905E+02 
1.57566E+02 2.99153E-03 9.04658E-01 3.04958E+02 
1.65069E+02 2.90726E-03 8.91061E-01 3.02764E+02 
1.72572E+02 2.82119E-03 8.76531E-01 3.00311E+02 
1.80075E+02 2.73360E-03 8.61086E-01 2.97587E+02 
1.87579E+02 2.64475E-03 8.44751E-01 2.94583E+02 
1.95082E+02 2.55488E-03 8.27557E-01 2.91293E+02 
2.02585E+02 2.46428E-03 8.09540E-01 2.87710E+02 
2.10088E+02 2.37318E-03 7.90744E-01 2.83832E+02 
2.17591E+02 2.28186E-03 7.71216E-01 2.79655E+02 
2.25094E+02 2.19057E-03 7.51009E-01 2.75182E+02 
2.32597E+02 2.09955E-03 7.30179E-01 2.70415E+02 
2.40101E+02 2.00904E-03 7.08789E-01 2.65359E+02 
2.47604E+02 1.91928E-03 6.86901E-01 2.60022E+02 
2.55107E+02 1.83050E-03 6.64585E-01 2.54412E+02 
2.62610E+02 1.74290E-03 6.41910E-01 2.48542E+02 
2.70113E+02 1.65668E-03 6.18948E-01 2.42426E+02 
2.77616E+02 1.57205E-03 5.95771E-01 2.36078E+02 
2.85119E+02 1.48918E-03 5.72453E-01 2.29517E+02 
2.92623E+02 1.40822E-03 5.49069E-01 2.22762E+02 
3.00126E+02 1.32933E-03 5.25689E-01 2.15833E+02 
3.07629E+02 1.25264E-03 5.02387E-01 2.08752E+02 
3.15132E+02 1.17828E-03 4.79232E-01 2.01542E+02 
3.22635E+02 1.10633E-03 4.56292E-01 1.94227E+02 
3.30138E+02 1.03690E-03 4.33632E-01 1.86832E+02 
3.37641E+02 9.70054E-04 4.11314E-01 1.79380E+02 
3.45145E+02 9.05846E-04 3.89396E-01 1.71898E+02 
3.52648E+02 8.44322E-04 3.67932E-01 1.64409E+02 
3.60151E+02 7.85507E-04 3.46972E-01 1.56940E+02 
3.67654E+02 7.29416E-04 3.26562E-01 1.49513E+02 
3.75157E+02 6.76048E-04 3.06743E-01 1.42152E+02 
3.82660E+02 6.25391E-04 2.87550E-01 1.34880E+02 
3.90163E+02 5.77419E-04 2.69015E-01 1.27718E+02 
3.97667E+02 5.32098E-04 2.51164E-01 1.20687E+02 
4.05170E+02 4.89380E-04 2.34018E-01 1.13805E+02 
4.12673E+02 4.49211E-04 2.17593E-01 1.07089E+02 
4.20176E+02 4.11527E-04 2.01902E-01 1.00555E+02 
4.27679E+02 3.76256E-04 1.86951E-01 9.42175E+01 
4.35182E+02 3.43322E-04 1.72744E-01 8.80885E+01 
4.42685E+02 3.12641E-04 1.59278E-01 8.21785E+01 
4.50189E+02 2.84126E-04 1.46550E-01 7.64962E+01 
4.57692E+02 2.57685E-04 1.34548E-01 7.10489E+01 
4.65195E+02 2.33225E-04 1.23263E-01 6.58417E+01 
4.72698E+02 2.10651E-04 1.12678E-01 6.08782E+01 
4.80201E+02 1.89865E-04 1.02775E-01 5.61606E+01 
4.87704E+02 1.70770E-04 9.35351E-02 5.16893E+01 
4.95207E+02 1.53269E-04 8.49353E-02 4.74633E+01 
5.02711E+02 1.37267E-04 7.69520E-02 4.34803E+01 
5.10214E+02 1.22670E-04 6.95597E-02 3.97367E+01 
5.17717E+02 1.09384E-04 6.27323E-02 3.62280E+01 
5.25220E+02 9.73212E-05 5.64425E-02 3.29484E+01 
5.32723E+02 8.63935E-05 5.06627E-02 2.98914E+01 
5.40226E+02 7.65170E-05 4.53649E-02 2.70495E+01 
5.47729E+02 6.76117E-05 4.05212E-02 2.44149E+01 
5.55233E+02 5.96006E-05 3.61037E-02 2.19790E+01 
5.62736E+02 5.24108E-05 3.20852E-02 1.97330E+01 
5.70239E+02 4.59729E-05 2.84386E-02 1.76675E+01 
5.77742E+02 4.02218E-05 2.51380E-02 1.57731E+01 
5.85245E+02 3.50961E-05 2.21578E-02 1.40404E+01 
5.92748E+02 3.05384E-05 1.94737E-02 1.24596E+01 
6.00252E+02 2.64953E-05 1.70623E-02 1.10214E+01 
6.07755E+02 2.29169E-05 1.49012E-02 9.71623E+00 
6.15258E+02 1.97572E-05 1.29693E-02 8.53498E+00 
6.22761E+02 1.69737E-05 1.12465E-02 7.46868E+00 
6.30264E+02 1.45273E-05 9.71396E-03 6.50866E+00 
6.37767E+02 1.23822E-05 8.35409E-03 5.64658E+00 
6.45270E+02 1.05056E-05 7.15037E-03 4.87447E+00 
6.52773E+02 8.86771E-06 6.08751E-03 4.18473E+00 
6.60277E+02 7.44152E-06 5.15131E-03 3.57017E+00 
6.67780E+02 6.20256E-06 4.32871E-03 3.02401E+00 
6.75283E+02 5.12873E-06 3.60770E-03 2.53988E+00 
6.82786E+02 4.20019E-06 2.97727E-03 2.11186E+00 
6.90289E+02 3.39915E-06 2.42740E-03 1.73439E+00 
6.97792E+02 2.70970E-06 1.94896E-03 1.40238E+00 
7.05296E+02 2.11768E-06 1.53369E-03 1.11109E+00 
7.12799E+02 1.61051E-06 1.17413E-03 8.56174E-01 
7.20302E+02 1.17702E-06 8.63558E-04 6.33662E-01 
7.27805E+02 8.07383E-07 5.95957E-04 4.39930E-01 
7.35308E+02 4.92916E-07 3.65939E-04 2.71681E-01 
7.42811E+02 2.26012E-07 1.68709E-04 1.25935E-01 
