100 2 
0.00000E+00 3.72404E-03 1.00586E+00 3.34805E+02 
7.78778E+00 3.72197E-03 1.00585E+00 3.34805E+02 
1.55756E+01 3.71576E-03 1.00577E+00 3.34804E+02 
2.33633E+01 3.70543E-03 1.00557E+00 3.34800E+02 
3.11511E+01 3.69098E-03 1.00517E+00 3.34789E+02 
3.89389E+01 3.67245E-03 1.00452E+00 3.34766E+02 
4.67267E+01 3.64988E-03 1.00355E+00 3.34725E+02 
5.45145E+01 3.62330E-03 1.00220E+00 3.34656E+02 
6.23023E+01 3.59277E-03 1.00042E+00 3.34552E+02 
7.00900E+01 3.55834E-03 9.98135E-01 3.34400E+02 
7.78778E+01 3.52010E-03 9.95304E-01 3.34190E+02 
8.56656E+01 3.47811E-03 9.91868E-01 3.33909E+02 
9.34534E+01 3.43247E-03 9.87778E-01 3.33542E+02 
1.01241E+02 3.38327E-03 9.82987E-01 3.33075E+02 
1.09029E+02 3.33064E-03 9.77450E-01 3.32493E+02 
1.16817E+02 3.27468E-03 9.71129E-01 3.31778E+02 
1.24605E+02 3.21552E-03 9.63987E-01 3.30916E+02 
1.32392E+02 3.15332E-03 9.55992E-01 3.29888E+02 
1.40180E+02 3.08823E-03 9.47119E-01 3.28678E+02 
1.47968E+02 3.02040E-03 9.37345E-01 3.27269E+02 
1.55756E+02 2.95001E-03 9.26654E-01 3.25645E+02 
1.63543E+02 2.87725E-03 9.15037E-01 3.23790E+02 
1.71331E+02 2.80231E-03 9.02487E-01 3.21688E+02 
1.79119E+02 2.72539E-03 8.89008E-01 3.19325E+02 
1.86907E+02 2.64671E-03 8.74606E-01 3.16689E+02 
1.94695E+02 2.56646E-03 8.59295E-01 3.13767E+02 
2.02482E+02 2.48489E-03 8.43095E-01 3.10549E+02 
2.10270E+02 2.40222E-03 8.26032E-01 3.07028E+02 
2.18058E+02 2.31867E-03 8.08139E-01 3.03195E+02 
2.25846E+02 2.23449E-03 7.89454E-01 2.99047E+02 
2.33633E+02 2.14990E-03 7.70021E-01 2.94582E+02 
2.41421E+02 2.06514E-03 7.49888E-01 2.89800E+02 
2.49209E+02 1.98044E-03 7.29111E-01 2.84702E+02 
2.56997E+02 1.89604E-03 7.07747E-01 2.79295E+02 
2.64785E+02 1.81214E-03 6.85861E-01 2.73584E+02 
2.72572E+02 1.72898E-03 6.63517E-01 2.67581E+02 
2.80360E+02 1.64676E-03 6.40787E-01 2.61297E+02 
2.88148E+02 1.56569E-03 6.17742E-01 2.54746E+02 
2.95936E+02 1.48595E-03 5.94455E-01 2.47945E+02 
3.03724E+02 1.40772E-03 5.71002E-01 2.40913E+02 
3.11511E+02 1.33118E-03 5.47457E-01 2.33670E+02 
3.19299E+02 1.25648E-03 5.23897E-01 2.26239E+02 
3.27087E+02 1.18376E-03 5.00396E-01 2.18644E+02 
3.34875E+02 1.11315E-03 4.77027E-01 2.10909E+02 
3.42662E+02 1.04476E-03 4.53860E-01 2.03061E+02 
3.50450E+02 9.78690E-04 4.30965E-01 1.95127E+02 
3.58238E+02 9.15024E-04 4.08407E-01 1.87134E+02 
3.66026E+02 8.53829E-04 3.86248E-01 1.79110E+02 
3.73814E+02 7.95157E-04 3.64546E-01 1.71082E+02 
3.81601E+02 7.39045E-04 3.43354E-01 1.63078E+02 
3.89389E+02 6.85518E-04 3.22721E-01 1.55124E+02 
3.97177E+02 6.34584E-04 3.02691E-01 1.47248E+02 
4.04965E+02 5.86240E-04 2.83304E-01 1.39472E+02 
4.12753E+02 5.40469E-04 2.64592E-01 1.31822E+02 
4.20540E+02 4.97244E-04 2.46583E-01 1.24319E+02 
4.28328E+02 4.56524E-04 2.29302E-01 1.16985E+02 
4.36116E+02 4.18261E-04 2.12766E-01 1.09838E+02 
4.43904E+02 3.82398E-04 1.96987E-01 1.02896E+02 
4.51691E+02 3.48867E-04 1.81973E-01 9.61733E+01 
4.59479E+02 3.17595E-04 1.67728E-01 8.96838E+01 
4.67267E+02 2.88504E-04 1.54249E-01 8.34387E+01 
4.75055E+02 2.61509E-04 1.41532E-01 7.74471E+01 
4.82843E+02 2.36522E-04 1.29566E-01 7.17164E+01 
4.90630E+02 2.13452E-04 1.18338E-01 6.62518E+01 
4.98418E+02 1.92204E-04 1.07831E-01 6.10566E+01 
5.06206E+02 1.72684E-04 9.80272E-02 5.61324E+01 
5.13994E+02 1.54797E-04 8.89038E-02 5.14790E+01 
5.21781E+02 1.38446E-04 8.04368E-02 4.70945E+01 
5.29569E+02 1.23537E-04 7.26005E-02 4.29755E+01 
5.37357E+02 1.09977E-04 6.53678E-02 3.91175E+01 
5.45145E+02 9.76753E-05 5.87101E-02 3.55144E+01 
5.52933E+02 8.65424E-05 5.25984E-02 3.21592E+01 
5.60720E+02 7.64927E-05 4.70032E-02 2.90439E+01 
5.68508E+02 6.74435E-05 4.18945E-02 2.61598E+01 
5.76296E+02 5.93156E-05 3.72426E-02 2.34973E+01 
5.84084E+02 5.20334E-05 3.30181E-02 2.10466E+01 
5.91872E+02 4.55254E-05 2.91920E-02 1.87972E+01 
5.99659E+02 3.97237E-05 2.57360E-02 1.67384E+01 
6.07447E+02 3.45646E-05 2.26226E-02 1.48596E+01 
6.15235E+02 2.99885E-05 1.98254E-02 1.31497E+01 
6.23023E+02 2.59396E-05 1.73189E-02 1.15981E+01 
6.30810E+02 2.23661E-05 1.50790E-02 1.01940E+01 
6.38598E+02 1.92202E-05 1.30825E-02 8.92693E+00 
6.46386E+02 1.64575E-05 1.13077E-02 7.78681E+00 
6.54174E+02 1.40376E-05 9.73430E-03 6.76375E+00 
6.61962E+02 1.19231E-05 8.34300E-03 5.84830E+00 
6.69749E+02 1.00801E-05 7.11601E-03 5.03140E+00 
6.77537E+02 8.47782E-06 6.03679E-03 4.30449E+00 
6.85325E+02 7.08828E-06 5.09005E-03 3.65942E+00 
6.93113E+02 5.88624E-06 4.26169E-03 3.08858E+00 
7.00900E+02 4.84901E-06 3.53884E-03 2.58481E+00 
7.08688E+02 3.95624E-06 2.90970E-03 2.14146E+00 
7.16476E+02 3.18972E-06 2.36357E-03 1.75235E+00 
7.24264E+02 2.53325E-06 1.89074E-03 1.41177E+00 
7.32052E+02 1.97244E-06 1.48244E-03 1.11450E+00 
7.39839E+02 1.49454E-06 1.13078E-03 8.55737E-01 
7.47627E+02 1.08832E-06 8.28702E-04 6.31103E-01 
7.55415E+02 7.43887E-07 5.69893E-04 4.36629E-01 
7.63203E+02 4.52580E-07 3.48732E-04 2.68723E-01 
7.70991E+02 2.06818E-07 1.60237E-04 1.24148E-01 
