100 2 
0.00000E+00 3.98779E-03 1.00577E+00 3.15967E+02 
7.49067E+00 3.98528E-03 1.00576E+00 3.15967E+02 
1.49813E+01 3.97776E-03 1.00567E+00 3.15966E+02 
2.24720E+01 3.96524E-03 1.00544E+00 3.15961E+02 
2.99627E+01 3.94778E-03 1.00497E+00 3.15949E+02 
3.74534E+01 3.92541E-03 1.00422E+00 3.15923E+02 
4.49440E+01 3.89820E-03 1.00309E+00 3.15877E+02 
5.24347E+01 3.86624E-03 1.00153E+00 3.15801E+02 
5.99254E+01 3.82961E-03 9.99474E-01 3.15685E+02 
6.74160E+01 3.78843E-03 9.96849E-01 3.15517E+02 
7.49067E+01 3.74282E-03 9.93601E-01 3.15285E+02 
8.23974E+01 3.69292E-03 9.89673E-01 3.14976E+02 
8.98881E+01 3.63887E-03 9.85015E-01 3.14574E+02 
9.73787E+01 3.58084E-03 9.79579E-01 3.14065E+02 
1.04869E+02 3.51901E-03 9.73324E-01 3.13432E+02 
1.12360E+02 3.45355E-03 9.66212E-01 3.12659E+02 
1.19851E+02 3.38468E-03 9.58213E-01 3.11730E+02 
1.27341E+02 3.31259E-03 9.49302E-01 3.10628E+02 
1.34832E+02 3.23751E-03 9.39458E-01 3.09337E+02 
1.42323E+02 3.15967E-03 9.28670E-01 3.07841E+02 
1.49813E+02 3.07931E-03 9.16929E-01 3.06126E+02 
1.57304E+02 2.99666E-03 9.04237E-01 3.04176E+02 
1.64795E+02 2.91198E-03 8.90598E-01 3.01979E+02 
1.72285E+02 2.82553E-03 8.76026E-01 2.99522E+02 
1.79776E+02 2.73756E-03 8.60540E-01 2.96796E+02 
1.87267E+02 2.64833E-03 8.44164E-01 2.93790E+02 
1.94757E+02 2.55811E-03 8.26931E-01 2.90497E+02 
2.02248E+02 2.46717E-03 8.08877E-01 2.86913E+02 
2.09739E+02 2.37575E-03 7.90046E-01 2.83034E+02 
2.17229E+02 2.28412E-03 7.70485E-01 2.78857E+02 
2.24720E+02 2.19254E-03 7.50248E-01 2.74385E+02 
2.32211E+02 2.10125E-03 7.29391E-01 2.69620E+02 
2.39701E+02 2.01049E-03 7.07977E-01 2.64567E+02 
2.47192E+02 1.92051E-03 6.86070E-01 2.59233E+02 
2.54683E+02 1.83151E-03 6.63738E-01 2.53629E+02 
2.62174E+02 1.74372E-03 6.41051E-01 2.47766E+02 
2.69664E+02 1.65733E-03 6.18081E-01 2.41657E+02 
2.77155E+02 1.57255E-03 5.94901E-01 2.35319E+02 
2.84646E+02 1.48953E-03 5.71583E-01 2.28770E+02 
2.92136E+02 1.40845E-03 5.48202E-01 2.22027E+02 
2.99627E+02 1.32946E-03 5.24831E-01 2.15112E+02 
3.07118E+02 1.25268E-03 5.01540E-01 2.08046E+02 
3.14608E+02 1.17824E-03 4.78400E-01 2.00853E+02 
3.22099E+02 1.10624E-03 4.55479E-01 1.93556E+02 
3.29590E+02 1.03675E-03 4.32840E-01 1.86179E+02 
3.37080E+02 9.69866E-04 4.10546E-01 1.78748E+02 
3.44571E+02 9.05630E-04 3.88654E-01 1.71287E+02 
3.52062E+02 8.44084E-04 3.67218E-01 1.63821E+02 
3.59552E+02 7.85257E-04 3.46289E-01 1.56374E+02 
3.67043E+02 7.29159E-04 3.25911E-01 1.48971E+02 
3.74534E+02 6.75791E-04 3.06124E-01 1.41635E+02 
3.82024E+02 6.25138E-04 2.86965E-01 1.34388E+02 
3.89515E+02 5.77175E-04 2.68464E-01 1.27251E+02 
3.97006E+02 5.31866E-04 2.50647E-01 1.20245E+02 
4.04496E+02 4.89163E-04 2.33535E-01 1.13388E+02 
4.11987E+02 4.49010E-04 2.17145E-01 1.06697E+02 
4.19478E+02 4.11343E-04 2.01487E-01 1.00188E+02 
4.26968E+02 3.76091E-04 1.86569E-01 9.38750E+01 
4.34459E+02 3.43176E-04 1.72394E-01 8.77699E+01 
4.41950E+02 3.12514E-04 1.58959E-01 8.18831E+01 
4.49440E+02 2.84017E-04 1.46259E-01 7.62234E+01 
4.56931E+02 2.57594E-04 1.34286E-01 7.07978E+01 
4.64422E+02 2.33151E-04 1.23027E-01 6.56114E+01 
4.71912E+02 2.10593E-04 1.12467E-01 6.06679E+01 
4.79403E+02 1.89821E-04 1.02588E-01 5.59693E+01 
4.86894E+02 1.70739E-04 9.33694E-02 5.15159E+01 
4.94384E+02 1.53251E-04 8.47899E-02 4.73069E+01 
5.01875E+02 1.37260E-04 7.68251E-02 4.33398E+01 
5.09366E+02 1.22672E-04 6.94499E-02 3.96111E+01 
5.16856E+02 1.09394E-04 6.26380E-02 3.61161E+01 
5.24347E+02 9.73380E-05 5.63622E-02 3.28493E+01 
5.31838E+02 8.64159E-05 5.05949E-02 2.98039E+01 
5.39328E+02 7.65441E-05 4.53084E-02 2.69729E+01 
5.46819E+02 6.76423E-05 4.04746E-02 2.43480E+01 
5.54310E+02 5.96338E-05 3.60660E-02 2.19211E+01 
5.61800E+02 5.24456E-05 3.20551E-02 1.96830E+01 
5.69291E+02 4.60087E-05 2.84152E-02 1.76247E+01 
5.76782E+02 4.02579E-05 2.51202E-02 1.57367E+01 
5.84272E+02 3.51320E-05 2.21448E-02 1.40097E+01 
5.91763E+02 3.05737E-05 1.94648E-02 1.24339E+01 
5.99254E+02 2.65295E-05 1.70567E-02 1.10001E+01 
6.06744E+02 2.29496E-05 1.48984E-02 9.69871E+00 
6.14235E+02 1.97883E-05 1.29686E-02 8.52076E+00 
6.21726E+02 1.70029E-05 1.12475E-02 7.45729E+00 
6.29216E+02 1.45545E-05 9.71632E-03 6.49967E+00 
6.36707E+02 1.24072E-05 8.35738E-03 5.63962E+00 
6.44198E+02 1.05285E-05 7.15429E-03 4.86919E+00 
6.51688E+02 8.88846E-06 6.09178E-03 4.18083E+00 
6.59179E+02 7.46015E-06 5.15574E-03 3.56739E+00 
6.66670E+02 6.21910E-06 4.33313E-03 3.02213E+00 
6.74160E+02 5.14325E-06 3.61196E-03 2.53871E+00 
6.81651E+02 4.21278E-06 2.98128E-03 2.11121E+00 
6.89142E+02 3.40990E-06 2.43106E-03 1.73414E+00 
6.96633E+02 2.71871E-06 1.95221E-03 1.40240E+00 
7.04123E+02 2.12507E-06 1.53650E-03 1.11128E+00 
7.11614E+02 1.61639E-06 1.17646E-03 8.56454E-01 
7.19104E+02 1.18151E-06 8.65410E-04 6.33968E-01 
7.26595E+02 8.10584E-07 5.97327E-04 4.40209E-01 
7.34086E+02 4.94947E-07 3.66836E-04 2.71895E-01 
7.41577E+02 2.26975E-07 1.69146E-04 1.26051E-01 
