100 2 
0.00000E+00 3.94283E-03 1.00579E+00 3.19050E+02 
7.54124E+00 3.94039E-03 1.00578E+00 3.19050E+02 
1.50825E+01 3.93309E-03 1.00569E+00 3.19049E+02 
2.26237E+01 3.92094E-03 1.00546E+00 3.19045E+02 
3.01650E+01 3.90399E-03 1.00501E+00 3.19033E+02 
3.77062E+01 3.88226E-03 1.00427E+00 3.19007E+02 
4.52474E+01 3.85584E-03 1.00317E+00 3.18962E+02 
5.27887E+01 3.82478E-03 1.00164E+00 3.18887E+02 
6.03299E+01 3.78918E-03 9.99628E-01 3.18772E+02 
6.78712E+01 3.74914E-03 9.97059E-01 3.18607E+02 
7.54124E+01 3.70477E-03 9.93877E-01 3.18379E+02 
8.29536E+01 3.65620E-03 9.90029E-01 3.18074E+02 
9.04949E+01 3.60356E-03 9.85461E-01 3.17677E+02 
9.80361E+01 3.54702E-03 9.80129E-01 3.17174E+02 
1.05577E+02 3.48673E-03 9.73988E-01 3.16548E+02 
1.13119E+02 3.42287E-03 9.67003E-01 3.15784E+02 
1.20660E+02 3.35562E-03 9.59141E-01 3.14864E+02 
1.28201E+02 3.28519E-03 9.50376E-01 3.13773E+02 
1.35742E+02 3.21179E-03 9.40687E-01 3.12494E+02 
1.43284E+02 3.13563E-03 9.30059E-01 3.11011E+02 
1.50825E+02 3.05693E-03 9.18485E-01 3.09308E+02 
1.58366E+02 2.97594E-03 9.05963E-01 3.07371E+02 
1.65907E+02 2.89289E-03 8.92497E-01 3.05187E+02 
1.73449E+02 2.80803E-03 8.78097E-01 3.02744E+02 
1.80990E+02 2.72161E-03 8.62781E-01 3.00029E+02 
1.88531E+02 2.63389E-03 8.46572E-01 2.97033E+02 
1.96072E+02 2.54512E-03 8.29500E-01 2.93750E+02 
2.03613E+02 2.45555E-03 8.11601E-01 2.90172E+02 
2.11155E+02 2.36545E-03 7.92915E-01 2.86297E+02 
2.18696E+02 2.27507E-03 7.73490E-01 2.82121E+02 
2.26237E+02 2.18465E-03 7.53376E-01 2.77646E+02 
2.33778E+02 2.09446E-03 7.32630E-01 2.72874E+02 
2.41320E+02 2.00472E-03 7.11313E-01 2.67810E+02 
2.48861E+02 1.91566E-03 6.89487E-01 2.62460E+02 
2.56402E+02 1.82753E-03 6.67221E-01 2.56835E+02 
2.63943E+02 1.74051E-03 6.44584E-01 2.50945E+02 
2.71485E+02 1.65483E-03 6.21647E-01 2.44804E+02 
2.79026E+02 1.57067E-03 5.98482E-01 2.38428E+02 
2.86567E+02 1.48822E-03 5.75165E-01 2.31834E+02 
2.94108E+02 1.40763E-03 5.51768E-01 2.25041E+02 
3.01650E+02 1.32906E-03 5.28365E-01 2.18070E+02 
3.09191E+02 1.25264E-03 5.05027E-01 2.10942E+02 
3.16732E+02 1.17850E-03 4.81827E-01 2.03681E+02 
3.24273E+02 1.10675E-03 4.58830E-01 1.96311E+02 
3.31815E+02 1.03747E-03 4.36105E-01 1.88856E+02 
3.39356E+02 9.70736E-04 4.13713E-01 1.81342E+02 
3.46897E+02 9.06616E-04 3.91713E-01 1.73793E+02 
3.54438E+02 8.45151E-04 3.70161E-01 1.66236E+02 
3.61980E+02 7.86372E-04 3.49107E-01 1.58695E+02 
3.69521E+02 7.30295E-04 3.28599E-01 1.51194E+02 
3.77062E+02 6.76924E-04 3.08678E-01 1.43758E+02 
3.84603E+02 6.26248E-04 2.89380E-01 1.36410E+02 
3.92144E+02 5.78246E-04 2.70739E-01 1.29170E+02 
3.99686E+02 5.32883E-04 2.52781E-01 1.22061E+02 
4.07227E+02 4.90117E-04 2.35528E-01 1.15101E+02 
4.14768E+02 4.49893E-04 2.18998E-01 1.08307E+02 
4.22309E+02 4.12150E-04 2.03203E-01 1.01697E+02 
4.29851E+02 3.76819E-04 1.88150E-01 9.52836E+01 
4.37392E+02 3.43823E-04 1.73844E-01 8.90806E+01 
4.44933E+02 3.13080E-04 1.60283E-01 8.30984E+01 
4.52474E+02 2.84505E-04 1.47462E-01 7.73462E+01 
4.60016E+02 2.58006E-04 1.35374E-01 7.18313E+01 
4.67557E+02 2.33492E-04 1.24005E-01 6.65592E+01 
4.75098E+02 2.10865E-04 1.13342E-01 6.15338E+01 
4.82639E+02 1.90031E-04 1.03366E-01 5.67572E+01 
4.90181E+02 1.70892E-04 9.40581E-02 5.22300E+01 
4.97722E+02 1.53352E-04 8.53952E-02 4.79513E+01 
5.05263E+02 1.37315E-04 7.73536E-02 4.39189E+01 
5.12804E+02 1.22687E-04 6.99080E-02 4.01292E+01 
5.20346E+02 1.09374E-04 6.30320E-02 3.65776E+01 
5.27887E+02 9.72883E-05 5.66983E-02 3.32583E+01 
5.35428E+02 8.63413E-05 5.08789E-02 3.01647E+01 
5.42969E+02 7.64494E-05 4.55458E-02 2.72894E+01 
5.50510E+02 6.75317E-05 4.06708E-02 2.46243E+01 
5.58052E+02 5.95113E-05 3.62257E-02 2.21607E+01 
5.65593E+02 5.23148E-05 3.21831E-02 1.98897E+01 
5.73134E+02 4.58727E-05 2.85156E-02 1.78018E+01 
5.80675E+02 4.01194E-05 2.51970E-02 1.58875E+01 
5.88217E+02 3.49935E-05 2.22015E-02 1.41370E+01 
5.95758E+02 3.04371E-05 1.95045E-02 1.25406E+01 
6.03299E+02 2.63966E-05 1.70824E-02 1.10887E+01 
6.10840E+02 2.28219E-05 1.49126E-02 9.77158E+00 
6.18382E+02 1.96667E-05 1.29736E-02 8.58002E+00 
6.25923E+02 1.68884E-05 1.12453E-02 7.50487E+00 
6.33464E+02 1.44476E-05 9.70861E-03 6.53732E+00 
6.41005E+02 1.23085E-05 8.34564E-03 5.66890E+00 
6.48547E+02 1.04380E-05 7.13979E-03 4.89149E+00 
6.56088E+02 8.80642E-06 6.07561E-03 4.19738E+00 
6.63629E+02 7.38645E-06 5.13876E-03 3.57927E+00 
6.71170E+02 6.15359E-06 4.31605E-03 3.03027E+00 
6.78712E+02 5.08569E-06 3.59538E-03 2.54392E+00 
6.86253E+02 4.16285E-06 2.96565E-03 2.11419E+00 
6.93794E+02 3.36724E-06 2.41673E-03 1.73547E+00 
7.01335E+02 2.68292E-06 1.93944E-03 1.40257E+00 
7.08877E+02 2.09571E-06 1.52545E-03 1.11070E+00 
7.16418E+02 1.59301E-06 1.16725E-03 8.55467E-01 
7.23959E+02 1.16367E-06 8.58089E-04 6.32840E-01 
7.31500E+02 7.97847E-07 5.91905E-04 4.39155E-01 
7.39042E+02 4.86869E-07 3.63284E-04 2.71078E-01 
7.46583E+02 2.23137E-07 1.67408E-04 1.25599E-01 
