100 2 
0.00000E+00 3.78676E-03 1.00584E+00 3.30154E+02 
7.71686E+00 3.78458E-03 1.00583E+00 3.30154E+02 
1.54337E+01 3.77806E-03 1.00575E+00 3.30153E+02 
2.31506E+01 3.76720E-03 1.00554E+00 3.30149E+02 
3.08674E+01 3.75203E-03 1.00513E+00 3.30138E+02 
3.85843E+01 3.73258E-03 1.00445E+00 3.30114E+02 
4.63011E+01 3.70890E-03 1.00344E+00 3.30071E+02 
5.40180E+01 3.68103E-03 1.00204E+00 3.30001E+02 
6.17348E+01 3.64904E-03 1.00019E+00 3.29893E+02 
6.94517E+01 3.61300E-03 9.97818E-01 3.29737E+02 
7.71686E+01 3.57298E-03 9.94883E-01 3.29522E+02 
8.48854E+01 3.52910E-03 9.91324E-01 3.29233E+02 
9.26023E+01 3.48144E-03 9.87092E-01 3.28857E+02 
1.00319E+02 3.43012E-03 9.82140E-01 3.28379E+02 
1.08036E+02 3.37527E-03 9.76424E-01 3.27783E+02 
1.15753E+02 3.31703E-03 9.69904E-01 3.27053E+02 
1.23470E+02 3.25554E-03 9.62547E-01 3.26172E+02 
1.31187E+02 3.19096E-03 9.54322E-01 3.25124E+02 
1.38903E+02 3.12346E-03 9.45205E-01 3.23893E+02 
1.46620E+02 3.05321E-03 9.35175E-01 3.22460E+02 
1.54337E+02 2.98042E-03 9.24220E-01 3.20811E+02 
1.62054E+02 2.90528E-03 9.12331E-01 3.18930E+02 
1.69771E+02 2.82798E-03 8.99506E-01 3.16801E+02 
1.77488E+02 2.74876E-03 8.85749E-01 3.14412E+02 
1.85205E+02 2.66783E-03 8.71071E-01 3.11750E+02 
1.92921E+02 2.58541E-03 8.55489E-01 3.08803E+02 
2.00638E+02 2.50175E-03 8.39025E-01 3.05563E+02 
2.08355E+02 2.41707E-03 8.21708E-01 3.02021E+02 
2.16072E+02 2.33162E-03 8.03574E-01 2.98172E+02 
2.23789E+02 2.24564E-03 7.84662E-01 2.94012E+02 
2.31506E+02 2.15935E-03 7.65021E-01 2.89541E+02 
2.39223E+02 2.07301E-03 7.44699E-01 2.84757E+02 
2.46939E+02 1.98685E-03 7.23755E-01 2.79666E+02 
2.54656E+02 1.90109E-03 7.02248E-01 2.74271E+02 
2.62373E+02 1.81597E-03 6.80242E-01 2.68582E+02 
2.70090E+02 1.73169E-03 6.57805E-01 2.62609E+02 
2.77807E+02 1.64847E-03 6.35007E-01 2.56363E+02 
2.85524E+02 1.56650E-03 6.11921E-01 2.49860E+02 
2.93241E+02 1.48598E-03 5.88619E-01 2.43117E+02 
3.00957E+02 1.40707E-03 5.65178E-01 2.36153E+02 
3.08674E+02 1.32995E-03 5.41671E-01 2.28987E+02 
3.16391E+02 1.25476E-03 5.18173E-01 2.21643E+02 
3.24108E+02 1.18164E-03 4.94758E-01 2.14145E+02 
3.31825E+02 1.11071E-03 4.71497E-01 2.06516E+02 
3.39542E+02 1.04208E-03 4.48459E-01 1.98783E+02 
3.47259E+02 9.75831E-04 4.25712E-01 1.90972E+02 
3.54975E+02 9.12050E-04 4.03319E-01 1.83109E+02 
3.62692E+02 8.50795E-04 3.81340E-01 1.75223E+02 
3.70409E+02 7.92111E-04 3.59831E-01 1.67339E+02 
3.78126E+02 7.36030E-04 3.38844E-01 1.59485E+02 
3.85843E+02 6.82568E-04 3.18424E-01 1.51685E+02 
3.93560E+02 6.31731E-04 2.98614E-01 1.43965E+02 
4.01276E+02 5.83507E-04 2.79451E-01 1.36350E+02 
4.08993E+02 5.37877E-04 2.60966E-01 1.28862E+02 
4.16710E+02 4.94806E-04 2.43186E-01 1.21521E+02 
4.24427E+02 4.54252E-04 2.26132E-01 1.14350E+02 
4.32144E+02 4.16162E-04 2.09820E-01 1.07364E+02 
4.39861E+02 3.80473E-04 1.94261E-01 1.00581E+02 
4.47578E+02 3.47118E-04 1.79462E-01 9.40147E+01 
4.55294E+02 3.16020E-04 1.65425E-01 8.76782E+01 
4.63011E+02 2.87098E-04 1.52147E-01 8.15820E+01 
4.70728E+02 2.60266E-04 1.39621E-01 7.57345E+01 
4.78445E+02 2.35434E-04 1.27837E-01 7.01426E+01 
4.86162E+02 2.12510E-04 1.16782E-01 6.48110E+01 
4.93879E+02 1.91398E-04 1.06438E-01 5.97427E+01 
5.01596E+02 1.72004E-04 9.67859E-02 5.49390E+01 
5.09312E+02 1.54231E-04 8.78037E-02 5.03993E+01 
5.17029E+02 1.37985E-04 7.94674E-02 4.61218E+01 
5.24746E+02 1.23170E-04 7.17514E-02 4.21030E+01 
5.32463E+02 1.09694E-04 6.46285E-02 3.83382E+01 
5.40180E+02 9.74650E-05 5.80709E-02 3.48215E+01 
5.47897E+02 8.63959E-05 5.20496E-02 3.15460E+01 
5.55614E+02 7.64010E-05 4.65355E-02 2.85039E+01 
5.63330E+02 6.73982E-05 4.14993E-02 2.56866E+01 
5.71047E+02 5.93091E-05 3.69118E-02 2.30849E+01 
5.78764E+02 5.20586E-05 3.27440E-02 2.06891E+01 
5.86481E+02 4.55759E-05 2.89675E-02 1.84891E+01 
5.94198E+02 3.97939E-05 2.55546E-02 1.64745E+01 
6.01915E+02 3.46496E-05 2.24783E-02 1.46349E+01 
6.09632E+02 3.00838E-05 1.97129E-02 1.29599E+01 
6.17348E+02 2.60414E-05 1.72332E-02 1.14388E+01 
6.25065E+02 2.24713E-05 1.50157E-02 1.00615E+01 
6.32782E+02 1.93260E-05 1.30378E-02 8.81767E+00 
6.40499E+02 1.65617E-05 1.12782E-02 7.69757E+00 
6.48216E+02 1.41384E-05 9.71695E-03 6.69166E+00 
6.55933E+02 1.20191E-05 8.33520E-03 5.79076E+00 
6.63650E+02 1.01703E-05 7.11552E-03 4.98613E+00 
6.71366E+02 8.56134E-06 6.04170E-03 4.26944E+00 
6.79083E+02 7.16465E-06 5.09874E-03 3.63281E+00 
6.86800E+02 5.95515E-06 4.27284E-03 3.06884E+00 
6.94517E+02 4.91035E-06 3.55134E-03 2.57059E+00 
7.02234E+02 4.01003E-06 2.92266E-03 2.13159E+00 
7.09951E+02 3.23612E-06 2.37628E-03 1.74585E+00 
7.17668E+02 2.57250E-06 1.90265E-03 1.40781E+00 
7.25384E+02 2.00485E-06 1.49314E-03 1.11238E+00 
7.33101E+02 1.52049E-06 1.13998E-03 8.54867E-01 
7.40818E+02 1.10822E-06 8.36188E-04 6.31018E-01 
7.48535E+02 7.58163E-07 5.75546E-04 4.36949E-01 
7.56252E+02 4.61666E-07 3.52496E-04 2.69150E-01 
7.63969E+02 2.11148E-07 1.62102E-04 1.24449E-01 
