100 2 
0.00000E+00 3.98578E-03 1.00577E+00 3.16104E+02 
7.49293E+00 3.98328E-03 1.00576E+00 3.16104E+02 
1.49859E+01 3.97576E-03 1.00567E+00 3.16102E+02 
2.24788E+01 3.96327E-03 1.00544E+00 3.16098E+02 
2.99717E+01 3.94582E-03 1.00498E+00 3.16086E+02 
3.74646E+01 3.92348E-03 1.00422E+00 3.16060E+02 
4.49576E+01 3.89631E-03 1.00310E+00 3.16013E+02 
5.24505E+01 3.86438E-03 1.00154E+00 3.15937E+02 
5.99434E+01 3.82780E-03 9.99481E-01 3.15821E+02 
6.74364E+01 3.78668E-03 9.96858E-01 3.15654E+02 
7.49293E+01 3.74112E-03 9.93613E-01 3.15422E+02 
8.24222E+01 3.69128E-03 9.89689E-01 3.15113E+02 
8.99152E+01 3.63729E-03 9.85035E-01 3.14712E+02 
9.74081E+01 3.57933E-03 9.79603E-01 3.14203E+02 
1.04901E+02 3.51756E-03 9.73353E-01 3.13570E+02 
1.12394E+02 3.45218E-03 9.66247E-01 3.12797E+02 
1.19887E+02 3.38338E-03 9.58254E-01 3.11868E+02 
1.27380E+02 3.31136E-03 9.49349E-01 3.10767E+02 
1.34873E+02 3.23636E-03 9.39512E-01 3.09476E+02 
1.42366E+02 3.15860E-03 9.28731E-01 3.07981E+02 
1.49859E+02 3.07830E-03 9.16998E-01 3.06266E+02 
1.57352E+02 2.99573E-03 9.04313E-01 3.04317E+02 
1.64844E+02 2.91113E-03 8.90682E-01 3.02121E+02 
1.72337E+02 2.82474E-03 8.76117E-01 2.99665E+02 
1.79830E+02 2.73684E-03 8.60638E-01 2.96939E+02 
1.87323E+02 2.64768E-03 8.44270E-01 2.93933E+02 
1.94816E+02 2.55753E-03 8.27044E-01 2.90641E+02 
2.02309E+02 2.46664E-03 8.08997E-01 2.87057E+02 
2.09802E+02 2.37528E-03 7.90172E-01 2.83178E+02 
2.17295E+02 2.28371E-03 7.70617E-01 2.79001E+02 
2.24788E+02 2.19218E-03 7.50385E-01 2.74529E+02 
2.32281E+02 2.10094E-03 7.29533E-01 2.69763E+02 
2.39774E+02 2.01023E-03 7.08124E-01 2.64710E+02 
2.47267E+02 1.92028E-03 6.86220E-01 2.59375E+02 
2.54760E+02 1.83132E-03 6.63891E-01 2.53770E+02 
2.62253E+02 1.74357E-03 6.41206E-01 2.47906E+02 
2.69745E+02 1.65721E-03 6.18237E-01 2.41796E+02 
2.77238E+02 1.57245E-03 5.95057E-01 2.35456E+02 
2.84731E+02 1.48947E-03 5.71740E-01 2.28905E+02 
2.92224E+02 1.40841E-03 5.48359E-01 2.22159E+02 
2.99717E+02 1.32943E-03 5.24986E-01 2.15242E+02 
3.07210E+02 1.25267E-03 5.01693E-01 2.08173E+02 
3.14703E+02 1.17825E-03 4.78550E-01 2.00977E+02 
3.22196E+02 1.10625E-03 4.55625E-01 1.93677E+02 
3.29689E+02 1.03678E-03 4.32983E-01 1.86297E+02 
3.37182E+02 9.69899E-04 4.10684E-01 1.78862E+02 
3.44675E+02 9.05667E-04 3.88788E-01 1.71397E+02 
3.52168E+02 8.44126E-04 3.67347E-01 1.63927E+02 
3.59661E+02 7.85301E-04 3.46412E-01 1.56476E+02 
3.67154E+02 7.29204E-04 3.26028E-01 1.49069E+02 
3.74646E+02 6.75836E-04 3.06235E-01 1.41728E+02 
3.82139E+02 6.25183E-04 2.87070E-01 1.34477E+02 
3.89632E+02 5.77218E-04 2.68563E-01 1.27335E+02 
3.97125E+02 5.31907E-04 2.50740E-01 1.20325E+02 
4.04618E+02 4.89201E-04 2.33622E-01 1.13463E+02 
4.12111E+02 4.49046E-04 2.17226E-01 1.06768E+02 
4.19604E+02 4.11376E-04 2.01562E-01 1.00254E+02 
4.27097E+02 3.76121E-04 1.86638E-01 9.39368E+01 
4.34590E+02 3.43202E-04 1.72457E-01 8.78273E+01 
4.42083E+02 3.12536E-04 1.59016E-01 8.19363E+01 
4.49576E+02 2.84036E-04 1.46311E-01 7.62726E+01 
4.57069E+02 2.57610E-04 1.34333E-01 7.08430E+01 
4.64562E+02 2.33164E-04 1.23069E-01 6.56529E+01 
4.72055E+02 2.10603E-04 1.12505E-01 6.07059E+01 
4.79547E+02 1.89828E-04 1.02621E-01 5.60038E+01 
4.87040E+02 1.70744E-04 9.33992E-02 5.15472E+01 
4.94533E+02 1.53254E-04 8.48160E-02 4.73351E+01 
5.02026E+02 1.37261E-04 7.68479E-02 4.33651E+01 
5.09519E+02 1.22671E-04 6.94696E-02 3.96337E+01 
5.17012E+02 1.09392E-04 6.26549E-02 3.61363E+01 
5.24505E+02 9.73348E-05 5.63766E-02 3.28671E+01 
5.31998E+02 8.64117E-05 5.06071E-02 2.98197E+01 
5.39491E+02 7.65390E-05 4.53185E-02 2.69867E+01 
5.46984E+02 6.76365E-05 4.04830E-02 2.43601E+01 
5.54477E+02 5.96276E-05 3.60727E-02 2.19315E+01 
5.61970E+02 5.24392E-05 3.20605E-02 1.96920E+01 
5.69463E+02 4.60021E-05 2.84194E-02 1.76324E+01 
5.76956E+02 4.02513E-05 2.51234E-02 1.57433E+01 
5.84448E+02 3.51255E-05 2.21471E-02 1.40152E+01 
5.91941E+02 3.05672E-05 1.94663E-02 1.24385E+01 
5.99434E+02 2.65232E-05 1.70577E-02 1.10039E+01 
6.06927E+02 2.29436E-05 1.48988E-02 9.70186E+00 
6.14420E+02 1.97826E-05 1.29687E-02 8.52332E+00 
6.21913E+02 1.69976E-05 1.12473E-02 7.45934E+00 
6.29406E+02 1.45495E-05 9.71588E-03 6.50129E+00 
6.36899E+02 1.24027E-05 8.35676E-03 5.64086E+00 
6.44392E+02 1.05243E-05 7.15356E-03 4.87013E+00 
6.51885E+02 8.88468E-06 6.09100E-03 4.18153E+00 
6.59378E+02 7.45676E-06 5.15493E-03 3.56789E+00 
6.66871E+02 6.21609E-06 4.33232E-03 3.02246E+00 
6.74364E+02 5.14061E-06 3.61118E-03 2.53892E+00 
6.81857E+02 4.21049E-06 2.98055E-03 2.11133E+00 
6.89350E+02 3.40793E-06 2.43039E-03 1.73418E+00 
6.96842E+02 2.71707E-06 1.95162E-03 1.40239E+00 
7.04335E+02 2.12373E-06 1.53598E-03 1.11124E+00 
7.11828E+02 1.61532E-06 1.17604E-03 8.56402E-01 
7.19321E+02 1.18069E-06 8.65073E-04 6.33912E-01 
7.26814E+02 8.10002E-07 5.97078E-04 4.40158E-01 
7.34307E+02 4.94576E-07 3.66672E-04 2.71855E-01 
7.41800E+02 2.26800E-07 1.69066E-04 1.26030E-01 
