100 2 
0.00000E+00 3.74288E-03 1.00585E+00 3.33396E+02 
7.76644E+00 3.74078E-03 1.00584E+00 3.33396E+02 
1.55329E+01 3.73448E-03 1.00577E+00 3.33395E+02 
2.32993E+01 3.72398E-03 1.00556E+00 3.33391E+02 
3.10658E+01 3.70932E-03 1.00516E+00 3.33380E+02 
3.88322E+01 3.69051E-03 1.00450E+00 3.33357E+02 
4.65986E+01 3.66761E-03 1.00352E+00 3.33315E+02 
5.43651E+01 3.64064E-03 1.00215E+00 3.33246E+02 
6.21315E+01 3.60967E-03 1.00035E+00 3.33140E+02 
6.98980E+01 3.57476E-03 9.98040E-01 3.32987E+02 
7.76644E+01 3.53598E-03 9.95176E-01 3.32776E+02 
8.54309E+01 3.49342E-03 9.91703E-01 3.32492E+02 
9.31973E+01 3.44718E-03 9.87570E-01 3.32123E+02 
1.00964E+02 3.39734E-03 9.82730E-01 3.31652E+02 
1.08730E+02 3.34404E-03 9.77139E-01 3.31066E+02 
1.16497E+02 3.28739E-03 9.70758E-01 3.30346E+02 
1.24263E+02 3.22754E-03 9.63550E-01 3.29478E+02 
1.32029E+02 3.16462E-03 9.55486E-01 3.28444E+02 
1.39796E+02 3.09880E-03 9.46538E-01 3.27228E+02 
1.47562E+02 3.03025E-03 9.36687E-01 3.25811E+02 
1.55329E+02 2.95914E-03 9.25916E-01 3.24180E+02 
1.63095E+02 2.88566E-03 9.14216E-01 3.22316E+02 
1.70862E+02 2.81001E-03 9.01583E-01 3.20206E+02 
1.78628E+02 2.73239E-03 8.88019E-01 3.17835E+02 
1.86395E+02 2.65303E-03 8.73533E-01 3.15191E+02 
1.94161E+02 2.57213E-03 8.58139E-01 3.12261E+02 
2.01927E+02 2.48993E-03 8.41859E-01 3.09036E+02 
2.09694E+02 2.40665E-03 8.24718E-01 3.05508E+02 
2.17460E+02 2.32253E-03 8.06752E-01 3.01671E+02 
2.25227E+02 2.23780E-03 7.87998E-01 2.97519E+02 
2.32993E+02 2.15271E-03 7.68500E-01 2.93051E+02 
2.40760E+02 2.06747E-03 7.48310E-01 2.88268E+02 
2.48526E+02 1.98233E-03 7.27481E-01 2.83172E+02 
2.56293E+02 1.89752E-03 7.06074E-01 2.77768E+02 
2.64059E+02 1.81325E-03 6.84150E-01 2.72064E+02 
2.71825E+02 1.72975E-03 6.61778E-01 2.66070E+02 
2.79592E+02 1.64723E-03 6.39027E-01 2.59797E+02 
2.87358E+02 1.56589E-03 6.15968E-01 2.53260E+02 
2.95125E+02 1.48591E-03 5.92677E-01 2.46476E+02 
3.02891E+02 1.40748E-03 5.69227E-01 2.39464E+02 
3.10658E+02 1.33076E-03 5.45693E-01 2.32245E+02 
3.18424E+02 1.25591E-03 5.22152E-01 2.24840E+02 
3.26191E+02 1.18307E-03 4.98676E-01 2.17274E+02 
3.33957E+02 1.11237E-03 4.75339E-01 2.09571E+02 
3.41723E+02 1.04391E-03 4.52212E-01 2.01758E+02 
3.49490E+02 9.77786E-04 4.29361E-01 1.93861E+02 
3.57256E+02 9.14087E-04 4.06854E-01 1.85908E+02 
3.65023E+02 8.52875E-04 3.84749E-01 1.77925E+02 
3.72789E+02 7.94200E-04 3.63105E-01 1.69941E+02 
3.80556E+02 7.38099E-04 3.41975E-01 1.61982E+02 
3.88322E+02 6.84593E-04 3.21407E-01 1.54075E+02 
3.96089E+02 6.33690E-04 3.01445E-01 1.46246E+02 
4.03855E+02 5.85384E-04 2.82125E-01 1.38519E+02 
4.11621E+02 5.39657E-04 2.63482E-01 1.30918E+02 
4.19388E+02 4.96480E-04 2.45543E-01 1.23465E+02 
4.27154E+02 4.55812E-04 2.28331E-01 1.16180E+02 
4.34921E+02 4.17603E-04 2.11863E-01 1.09083E+02 
4.42687E+02 3.81793E-04 1.96152E-01 1.02189E+02 
4.50454E+02 3.48317E-04 1.81204E-01 9.55138E+01 
4.58220E+02 3.17100E-04 1.67022E-01 8.90710E+01 
4.65986E+02 2.88061E-04 1.53604E-01 8.28712E+01 
4.73753E+02 2.61117E-04 1.40945E-01 7.69236E+01 
4.81519E+02 2.36178E-04 1.29035E-01 7.12353E+01 
4.89286E+02 2.13153E-04 1.17860E-01 6.58112E+01 
4.97052E+02 1.91947E-04 1.07403E-01 6.06548E+01 
5.04819E+02 1.72467E-04 9.76456E-02 5.57673E+01 
5.12585E+02 1.54615E-04 8.85653E-02 5.11486E+01 
5.20352E+02 1.38296E-04 8.01384E-02 4.67968E+01 
5.28118E+02 1.23417E-04 7.23390E-02 4.27085E+01 
5.35884E+02 1.09883E-04 6.51399E-02 3.88789E+01 
5.43651E+02 9.76043E-05 5.85129E-02 3.53022E+01 
5.51417E+02 8.64914E-05 5.24289E-02 3.19714E+01 
5.59184E+02 7.64589E-05 4.68585E-02 2.88785E+01 
5.66950E+02 6.74244E-05 4.17721E-02 2.60148E+01 
5.74717E+02 5.93087E-05 3.71400E-02 2.33709E+01 
5.82483E+02 5.20366E-05 3.29329E-02 2.09370E+01 
5.90250E+02 4.55367E-05 2.91220E-02 1.87027E+01 
5.98016E+02 3.97414E-05 2.56793E-02 1.66574E+01 
6.05782E+02 3.45872E-05 2.25774E-02 1.47906E+01 
6.13549E+02 3.00145E-05 1.97899E-02 1.30914E+01 
6.21315E+02 2.59679E-05 1.72917E-02 1.15491E+01 
6.29082E+02 2.23958E-05 1.50587E-02 1.01532E+01 
6.36848E+02 1.92502E-05 1.30680E-02 8.89328E+00 
6.44615E+02 1.64874E-05 1.12980E-02 7.75930E+00 
6.52381E+02 1.40666E-05 9.72829E-03 6.74150E+00 
6.60148E+02 1.19508E-05 8.33997E-03 5.83050E+00 
6.67914E+02 1.01062E-05 7.11529E-03 5.01738E+00 
6.75680E+02 8.50211E-06 6.03778E-03 4.29360E+00 
6.83447E+02 7.11053E-06 5.09224E-03 3.65113E+00 
6.91213E+02 5.90636E-06 4.26470E-03 3.08240E+00 
6.98980E+02 4.86695E-06 3.54230E-03 2.58033E+00 
7.06746E+02 3.97199E-06 2.91336E-03 2.13833E+00 
7.14513E+02 3.20332E-06 2.36720E-03 1.75026E+00 
7.22279E+02 2.54476E-06 1.89416E-03 1.41048E+00 
7.30045E+02 1.98196E-06 1.48553E-03 1.11378E+00 
7.37812E+02 1.50217E-06 1.13345E-03 8.55415E-01 
7.45578E+02 1.09417E-06 8.30881E-04 6.31032E-01 
7.53345E+02 7.48088E-07 5.71543E-04 4.36695E-01 
7.61111E+02 4.55253E-07 3.49832E-04 2.68831E-01 
7.68878E+02 2.08093E-07 1.60783E-04 1.24230E-01 
