100 2 
0.00000E+00 3.75831E-03 1.00585E+00 3.32250E+02 
7.74899E+00 3.75618E-03 1.00584E+00 3.32250E+02 
1.54980E+01 3.74980E-03 1.00576E+00 3.32249E+02 
2.32470E+01 3.73918E-03 1.00555E+00 3.32245E+02 
3.09960E+01 3.72434E-03 1.00515E+00 3.32234E+02 
3.87450E+01 3.70530E-03 1.00448E+00 3.32211E+02 
4.64939E+01 3.68212E-03 1.00349E+00 3.32168E+02 
5.42429E+01 3.65484E-03 1.00211E+00 3.32098E+02 
6.19919E+01 3.62351E-03 1.00029E+00 3.31992E+02 
6.97409E+01 3.58820E-03 9.97961E-01 3.31838E+02 
7.74899E+01 3.54899E-03 9.95072E-01 3.31625E+02 
8.52389E+01 3.50596E-03 9.91569E-01 3.31340E+02 
9.29879E+01 3.45922E-03 9.87401E-01 3.30968E+02 
1.00737E+02 3.40886E-03 9.82521E-01 3.30495E+02 
1.08486E+02 3.35502E-03 9.76886E-01 3.29905E+02 
1.16235E+02 3.29781E-03 9.70456E-01 3.29182E+02 
1.23984E+02 3.23738E-03 9.63196E-01 3.28309E+02 
1.31733E+02 3.17387E-03 9.55074E-01 3.27270E+02 
1.39482E+02 3.10746E-03 9.46067E-01 3.26048E+02 
1.47231E+02 3.03831E-03 9.36152E-01 3.24626E+02 
1.54980E+02 2.96661E-03 9.25316E-01 3.22988E+02 
1.62729E+02 2.89255E-03 9.13549E-01 3.21118E+02 
1.70478E+02 2.81632E-03 9.00848E-01 3.19002E+02 
1.78227E+02 2.73814E-03 8.87215E-01 3.16624E+02 
1.85976E+02 2.65822E-03 8.72661E-01 3.13974E+02 
1.93725E+02 2.57679E-03 8.57201E-01 3.11038E+02 
2.01474E+02 2.49407E-03 8.40855E-01 3.07807E+02 
2.09223E+02 2.41030E-03 8.23652E-01 3.04274E+02 
2.16972E+02 2.32571E-03 8.05626E-01 3.00432E+02 
2.24721E+02 2.24054E-03 7.86816E-01 2.96278E+02 
2.32470E+02 2.15502E-03 7.67267E-01 2.91809E+02 
2.40219E+02 2.06940E-03 7.47030E-01 2.87025E+02 
2.47968E+02 1.98390E-03 7.26160E-01 2.81931E+02 
2.55717E+02 1.89875E-03 7.04717E-01 2.76530E+02 
2.63466E+02 1.81418E-03 6.82764E-01 2.70831E+02 
2.71215E+02 1.73041E-03 6.60369E-01 2.64843E+02 
2.78964E+02 1.64764E-03 6.37601E-01 2.58580E+02 
2.86713E+02 1.56608E-03 6.14532E-01 2.52055E+02 
2.94462E+02 1.48591E-03 5.91237E-01 2.45286E+02 
3.02211E+02 1.40731E-03 5.67790E-01 2.38290E+02 
3.09960E+02 1.33045E-03 5.44265E-01 2.31090E+02 
3.17709E+02 1.25548E-03 5.20739E-01 2.23707E+02 
3.25458E+02 1.18254E-03 4.97285E-01 2.16164E+02 
3.33207E+02 1.11176E-03 4.73974E-01 2.08487E+02 
3.40956E+02 1.04324E-03 4.50879E-01 2.00702E+02 
3.48705E+02 9.77074E-04 4.28065E-01 1.92836E+02 
3.56454E+02 9.13347E-04 4.05598E-01 1.84915E+02 
3.64203E+02 8.52120E-04 3.83538E-01 1.76966E+02 
3.71952E+02 7.93443E-04 3.61941E-01 1.69017E+02 
3.79701E+02 7.37350E-04 3.40862E-01 1.61095E+02 
3.87450E+02 6.83861E-04 3.20346E-01 1.53227E+02 
3.95199E+02 6.32981E-04 3.00438E-01 1.45436E+02 
4.02948E+02 5.84705E-04 2.81174E-01 1.37749E+02 
4.10697E+02 5.39013E-04 2.62587E-01 1.30188E+02 
4.18446E+02 4.95874E-04 2.44704E-01 1.22775E+02 
4.26195E+02 4.55247E-04 2.27548E-01 1.15530E+02 
4.33944E+02 4.17081E-04 2.11136E-01 1.08472E+02 
4.41693E+02 3.81315E-04 1.95478E-01 1.01617E+02 
4.49441E+02 3.47883E-04 1.80583E-01 9.49809E+01 
4.57190E+02 3.16708E-04 1.66453E-01 8.85759E+01 
4.64939E+02 2.87711E-04 1.53085E-01 8.24129E+01 
4.72688E+02 2.60807E-04 1.40473E-01 7.65008E+01 
4.80437E+02 2.35907E-04 1.28608E-01 7.08467E+01 
4.88186E+02 2.12918E-04 1.17475E-01 6.54555E+01 
4.95935E+02 1.91746E-04 1.07059E-01 6.03304E+01 
5.03684E+02 1.72297E-04 9.73387E-02 5.54727E+01 
5.11433E+02 1.54474E-04 8.82934E-02 5.08821E+01 
5.19182E+02 1.38181E-04 7.98987E-02 4.65566E+01 
5.26931E+02 1.23325E-04 7.21290E-02 4.24930E+01 
5.34680E+02 1.09812E-04 6.49570E-02 3.86865E+01 
5.42429E+02 9.75510E-05 5.83547E-02 3.51311E+01 
5.50178E+02 8.64540E-05 5.22931E-02 3.18200E+01 
5.57927E+02 7.64351E-05 4.67427E-02 2.87451E+01 
5.65676E+02 6.74122E-05 4.16742E-02 2.58979E+01 
5.73425E+02 5.93062E-05 3.70580E-02 2.32690E+01 
5.81174E+02 5.20420E-05 3.28650E-02 2.08486E+01 
5.88923E+02 4.55484E-05 2.90664E-02 1.86265E+01 
5.96672E+02 3.97581E-05 2.56343E-02 1.65922E+01 
6.04421E+02 3.46075E-05 2.25415E-02 1.47351E+01 
6.12170E+02 3.00375E-05 1.97619E-02 1.30445E+01 
6.19919E+02 2.59925E-05 1.72704E-02 1.15097E+01 
6.27668E+02 2.24212E-05 1.50429E-02 1.01204E+01 
6.35417E+02 1.92759E-05 1.30568E-02 8.86625E+00 
6.43166E+02 1.65127E-05 1.12905E-02 7.73722E+00 
6.50915E+02 1.40911E-05 9.72387E-03 6.72365E+00 
6.58664E+02 1.19742E-05 8.33793E-03 5.81626E+00 
6.66413E+02 1.01282E-05 7.11507E-03 5.00617E+00 
6.74162E+02 8.52249E-06 6.03889E-03 4.28491E+00 
6.81911E+02 7.12919E-06 5.09431E-03 3.64453E+00 
6.89660E+02 5.92320E-06 4.26738E-03 3.07750E+00 
6.97409E+02 4.88195E-06 3.54533E-03 2.57680E+00 
7.05158E+02 3.98514E-06 2.91650E-03 2.13587E+00 
7.12907E+02 3.21467E-06 2.37029E-03 1.74864E+00 
7.20656E+02 2.55437E-06 1.89706E-03 1.40948E+00 
7.28405E+02 1.98989E-06 1.48814E-03 1.11324E+00 
7.36154E+02 1.50852E-06 1.13569E-03 8.55188E-01 
7.43903E+02 1.09904E-06 8.32709E-04 6.31003E-01 
7.51652E+02 7.51581E-07 5.72923E-04 4.36767E-01 
7.59401E+02 4.57478E-07 3.50752E-04 2.68933E-01 
7.67150E+02 2.09152E-07 1.61238E-04 1.24301E-01 
