100 2 
0.00000E+00 3.98238E-03 1.00578E+00 3.16335E+02 
7.49676E+00 3.97988E-03 1.00576E+00 3.16335E+02 
1.49935E+01 3.97239E-03 1.00568E+00 3.16334E+02 
2.24903E+01 3.95992E-03 1.00544E+00 3.16329E+02 
2.99870E+01 3.94251E-03 1.00498E+00 3.16317E+02 
3.74838E+01 3.92022E-03 1.00422E+00 3.16292E+02 
4.49805E+01 3.89310E-03 1.00310E+00 3.16245E+02 
5.24773E+01 3.86125E-03 1.00155E+00 3.16169E+02 
5.99740E+01 3.82475E-03 9.99492E-01 3.16053E+02 
6.74708E+01 3.78370E-03 9.96874E-01 3.15886E+02 
7.49676E+01 3.73824E-03 9.93634E-01 3.15655E+02 
8.24643E+01 3.68850E-03 9.89715E-01 3.15346E+02 
8.99611E+01 3.63462E-03 9.85068E-01 3.14945E+02 
9.74578E+01 3.57677E-03 9.79644E-01 3.14436E+02 
1.04955E+02 3.51512E-03 9.73403E-01 3.13804E+02 
1.12451E+02 3.44986E-03 9.66306E-01 3.13032E+02 
1.19948E+02 3.38118E-03 9.58323E-01 3.12104E+02 
1.27445E+02 3.30929E-03 9.49429E-01 3.11003E+02 
1.34942E+02 3.23441E-03 9.39604E-01 3.09713E+02 
1.42438E+02 3.15677E-03 9.28835E-01 3.08219E+02 
1.49935E+02 3.07661E-03 9.17114E-01 3.06505E+02 
1.57432E+02 2.99416E-03 9.04442E-01 3.04557E+02 
1.64929E+02 2.90968E-03 8.90823E-01 3.02361E+02 
1.72425E+02 2.82341E-03 8.76272E-01 2.99906E+02 
1.79922E+02 2.73563E-03 8.60806E-01 2.97181E+02 
1.87419E+02 2.64658E-03 8.44450E-01 2.94176E+02 
1.94916E+02 2.55654E-03 8.27235E-01 2.90885E+02 
2.02412E+02 2.46575E-03 8.09200E-01 2.87302E+02 
2.09909E+02 2.37449E-03 7.90386E-01 2.83422E+02 
2.17406E+02 2.28302E-03 7.70841E-01 2.79246E+02 
2.24903E+02 2.19158E-03 7.50618E-01 2.74773E+02 
2.32399E+02 2.10042E-03 7.29775E-01 2.70007E+02 
2.39896E+02 2.00978E-03 7.08372E-01 2.64952E+02 
2.47393E+02 1.91991E-03 6.86475E-01 2.59617E+02 
2.54890E+02 1.83101E-03 6.64151E-01 2.54010E+02 
2.62386E+02 1.74331E-03 6.41469E-01 2.48144E+02 
2.69883E+02 1.65701E-03 6.18503E-01 2.42032E+02 
2.77380E+02 1.57230E-03 5.95324E-01 2.35689E+02 
2.84877E+02 1.48936E-03 5.72007E-01 2.29134E+02 
2.92373E+02 1.40834E-03 5.48624E-01 2.22385E+02 
2.99870E+02 1.32939E-03 5.25248E-01 2.15463E+02 
3.07367E+02 1.25266E-03 5.01952E-01 2.08390E+02 
3.14864E+02 1.17826E-03 4.78805E-01 2.01188E+02 
3.22360E+02 1.10628E-03 4.55875E-01 1.93883E+02 
3.29857E+02 1.03682E-03 4.33226E-01 1.86497E+02 
3.37354E+02 9.69956E-04 4.10920E-01 1.79056E+02 
3.44851E+02 9.05733E-04 3.89015E-01 1.71584E+02 
3.52347E+02 8.44198E-04 3.67566E-01 1.64107E+02 
3.59844E+02 7.85377E-04 3.46621E-01 1.56649E+02 
3.67341E+02 7.29282E-04 3.26227E-01 1.49235E+02 
3.74838E+02 6.75915E-04 3.06425E-01 1.41887E+02 
3.82335E+02 6.25260E-04 2.87249E-01 1.34627E+02 
3.89831E+02 5.77293E-04 2.68732E-01 1.27479E+02 
3.97328E+02 5.31977E-04 2.50898E-01 1.20460E+02 
4.04825E+02 4.89267E-04 2.33770E-01 1.13591E+02 
4.12322E+02 4.49107E-04 2.17363E-01 1.06888E+02 
4.19818E+02 4.11432E-04 2.01689E-01 1.00367E+02 
4.27315E+02 3.76171E-04 1.86755E-01 9.40417E+01 
4.34812E+02 3.43246E-04 1.72564E-01 8.79249E+01 
4.42309E+02 3.12575E-04 1.59114E-01 8.20268E+01 
4.49805E+02 2.84069E-04 1.46400E-01 7.63561E+01 
4.57302E+02 2.57638E-04 1.34413E-01 7.09199E+01 
4.64799E+02 2.33187E-04 1.23141E-01 6.57234E+01 
4.72296E+02 2.10620E-04 1.12569E-01 6.07702E+01 
4.79792E+02 1.89842E-04 1.02679E-01 5.60624E+01 
4.87289E+02 1.70754E-04 9.34499E-02 5.16003E+01 
4.94786E+02 1.53259E-04 8.48605E-02 4.73829E+01 
5.02283E+02 1.37263E-04 7.68867E-02 4.34081E+01 
5.09779E+02 1.22670E-04 6.95032E-02 3.96722E+01 
5.17276E+02 1.09389E-04 6.26837E-02 3.61705E+01 
5.24773E+02 9.73295E-05 5.64012E-02 3.28975E+01 
5.32270E+02 8.64046E-05 5.06278E-02 2.98465E+01 
5.39766E+02 7.65306E-05 4.53358E-02 2.70101E+01 
5.47263E+02 6.76271E-05 4.04972E-02 2.43806E+01 
5.54760E+02 5.96173E-05 3.60842E-02 2.19492E+01 
5.62257E+02 5.24284E-05 3.20696E-02 1.97073E+01 
5.69753E+02 4.59911E-05 2.84265E-02 1.76455E+01 
5.77250E+02 4.02401E-05 2.51288E-02 1.57544E+01 
5.84747E+02 3.51143E-05 2.21511E-02 1.40246E+01 
5.92244E+02 3.05564E-05 1.94690E-02 1.24464E+01 
5.99740E+02 2.65127E-05 1.70593E-02 1.10104E+01 
6.07237E+02 2.29336E-05 1.48997E-02 9.70721E+00 
6.14734E+02 1.97730E-05 1.29689E-02 8.52767E+00 
6.22231E+02 1.69886E-05 1.12470E-02 7.46282E+00 
6.29727E+02 1.45412E-05 9.71513E-03 6.50403E+00 
6.37224E+02 1.23949E-05 8.35574E-03 5.64299E+00 
6.44721E+02 1.05173E-05 7.15235E-03 4.87174E+00 
6.52218E+02 8.87829E-06 6.08967E-03 4.18271E+00 
6.59714E+02 7.45103E-06 5.15356E-03 3.56874E+00 
6.67211E+02 6.21100E-06 4.33096E-03 3.02303E+00 
6.74708E+02 5.13614E-06 3.60987E-03 2.53927E+00 
6.82205E+02 4.20661E-06 2.97931E-03 2.11152E+00 
6.89701E+02 3.40463E-06 2.42926E-03 1.73426E+00 
6.97198E+02 2.71430E-06 1.95062E-03 1.40238E+00 
7.04695E+02 2.12146E-06 1.53512E-03 1.11118E+00 
7.12192E+02 1.61351E-06 1.17532E-03 8.56315E-01 
7.19688E+02 1.17931E-06 8.64503E-04 6.33817E-01 
7.27185E+02 8.09017E-07 5.96655E-04 4.40071E-01 
7.34682E+02 4.93953E-07 3.66396E-04 2.71789E-01 
7.42179E+02 2.26503E-07 1.68931E-04 1.25994E-01 
