100 2 
0.00000E+00 3.80098E-03 1.00584E+00 3.29115E+02 
7.70081E+00 3.79878E-03 1.00582E+00 3.29115E+02 
1.54016E+01 3.79219E-03 1.00575E+00 3.29114E+02 
2.31024E+01 3.78121E-03 1.00553E+00 3.29110E+02 
3.08033E+01 3.76588E-03 1.00512E+00 3.29099E+02 
3.85041E+01 3.74622E-03 1.00443E+00 3.29075E+02 
4.62049E+01 3.72228E-03 1.00341E+00 3.29032E+02 
5.39057E+01 3.69412E-03 1.00200E+00 3.28961E+02 
6.16065E+01 3.66180E-03 1.00013E+00 3.28852E+02 
6.93073E+01 3.62539E-03 9.97747E-01 3.28696E+02 
7.70081E+01 3.58498E-03 9.94788E-01 3.28479E+02 
8.47090E+01 3.54066E-03 9.91202E-01 3.28189E+02 
9.24098E+01 3.49255E-03 9.86939E-01 3.27811E+02 
1.00111E+02 3.44075E-03 9.81951E-01 3.27330E+02 
1.07811E+02 3.38540E-03 9.76194E-01 3.26731E+02 
1.15512E+02 3.32664E-03 9.69631E-01 3.25998E+02 
1.23213E+02 3.26462E-03 9.62226E-01 3.25113E+02 
1.30914E+02 3.19950E-03 9.53950E-01 3.24061E+02 
1.38615E+02 3.13146E-03 9.44778E-01 3.22824E+02 
1.46315E+02 3.06067E-03 9.34692E-01 3.21387E+02 
1.54016E+02 2.98734E-03 9.23678E-01 3.19732E+02 
1.61717E+02 2.91165E-03 9.11728E-01 3.17845E+02 
1.69418E+02 2.83383E-03 8.98842E-01 3.15711E+02 
1.77119E+02 2.75409E-03 8.85024E-01 3.13316E+02 
1.84820E+02 2.67265E-03 8.70285E-01 3.10648E+02 
1.92520E+02 2.58974E-03 8.54643E-01 3.07697E+02 
2.00221E+02 2.50561E-03 8.38120E-01 3.04452E+02 
2.07922E+02 2.42048E-03 8.20747E-01 3.00906E+02 
2.15623E+02 2.33460E-03 8.02560E-01 2.97054E+02 
2.23324E+02 2.24821E-03 7.83599E-01 2.92892E+02 
2.31024E+02 2.16155E-03 7.63911E-01 2.88419E+02 
2.38725E+02 2.07485E-03 7.43549E-01 2.83636E+02 
2.46426E+02 1.98836E-03 7.22568E-01 2.78546E+02 
2.54127E+02 1.90230E-03 7.01029E-01 2.73155E+02 
2.61828E+02 1.81689E-03 6.78998E-01 2.67471E+02 
2.69528E+02 1.73236E-03 6.56541E-01 2.61504E+02 
2.77229E+02 1.64892E-03 6.33729E-01 2.55268E+02 
2.84930E+02 1.56675E-03 6.10634E-01 2.48776E+02 
2.92631E+02 1.48605E-03 5.87330E-01 2.42046E+02 
3.00332E+02 1.40699E-03 5.63892E-01 2.35097E+02 
3.08033E+02 1.32973E-03 5.40393E-01 2.27950E+02 
3.15733E+02 1.25443E-03 5.16910E-01 2.20625E+02 
3.23434E+02 1.18122E-03 4.93514E-01 2.13149E+02 
3.31135E+02 1.11022E-03 4.70277E-01 2.05544E+02 
3.38836E+02 1.04153E-03 4.47269E-01 1.97836E+02 
3.46537E+02 9.75244E-04 4.24555E-01 1.90053E+02 
3.54237E+02 9.11436E-04 4.02199E-01 1.82220E+02 
3.61938E+02 8.50165E-04 3.80260E-01 1.74364E+02 
3.69639E+02 7.91476E-04 3.58794E-01 1.66512E+02 
3.77340E+02 7.35400E-04 3.37852E-01 1.58691E+02 
3.85041E+02 6.81951E-04 3.17480E-01 1.50926E+02 
3.92742E+02 6.31133E-04 2.97719E-01 1.43241E+02 
4.00442E+02 5.82935E-04 2.78605E-01 1.35661E+02 
4.08143E+02 5.37333E-04 2.60171E-01 1.28209E+02 
4.15844E+02 4.94295E-04 2.42441E-01 1.20905E+02 
4.23545E+02 4.53777E-04 2.25437E-01 1.13769E+02 
4.31246E+02 4.15723E-04 2.09175E-01 1.06819E+02 
4.38946E+02 3.80072E-04 1.93665E-01 1.00071E+02 
4.46647E+02 3.46754E-04 1.78913E-01 9.35396E+01 
4.54348E+02 3.15693E-04 1.64922E-01 8.72370E+01 
4.62049E+02 2.86808E-04 1.51688E-01 8.11736E+01 
4.69750E+02 2.60010E-04 1.39204E-01 7.53580E+01 
4.77450E+02 2.35211E-04 1.27460E-01 6.97967E+01 
4.85151E+02 2.12317E-04 1.16443E-01 6.44944E+01 
4.92852E+02 1.91235E-04 1.06135E-01 5.94541E+01 
5.00553E+02 1.71868E-04 9.65160E-02 5.46769E+01 
5.08254E+02 1.54119E-04 8.75648E-02 5.01623E+01 
5.15955E+02 1.37895E-04 7.92572E-02 4.59084E+01 
5.23655E+02 1.23100E-04 7.15674E-02 4.19116E+01 
5.31356E+02 1.09641E-04 6.44687E-02 3.81673E+01 
5.39057E+02 9.74279E-05 5.79328E-02 3.46697E+01 
5.46758E+02 8.63721E-05 5.19313E-02 3.14117E+01 
5.54459E+02 7.63886E-05 4.64349E-02 2.83857E+01 
5.62159E+02 6.73954E-05 4.14146E-02 2.55831E+01 
5.69860E+02 5.93142E-05 3.68411E-02 2.29947E+01 
5.77561E+02 5.20702E-05 3.26856E-02 2.06109E+01 
5.85262E+02 4.55926E-05 2.89199E-02 1.84218E+01 
5.92963E+02 3.98144E-05 2.55164E-02 1.64169E+01 
6.00663E+02 3.46728E-05 2.24482E-02 1.45860E+01 
6.08364E+02 3.01088E-05 1.96896E-02 1.29185E+01 
6.16065E+02 2.60675E-05 1.72157E-02 1.14042E+01 
6.23766E+02 2.24978E-05 1.50031E-02 1.00327E+01 
6.31467E+02 1.93523E-05 1.30292E-02 8.79398E+00 
6.39168E+02 1.65874E-05 1.12728E-02 7.67828E+00 
6.46868E+02 1.41630E-05 9.71408E-03 6.67611E+00 
6.54569E+02 1.20424E-05 8.33434E-03 5.77840E+00 
6.62270E+02 1.01920E-05 7.11618E-03 4.97643E+00 
6.69971E+02 8.58138E-06 6.04347E-03 4.26196E+00 
6.77672E+02 7.18290E-06 5.10127E-03 3.62717E+00 
6.85372E+02 5.97158E-06 4.27584E-03 3.06469E+00 
6.93073E+02 4.92493E-06 3.55456E-03 2.56764E+00 
7.00774E+02 4.02279E-06 2.92592E-03 2.12958E+00 
7.08475E+02 3.24710E-06 2.37943E-03 1.74456E+00 
7.16176E+02 2.58177E-06 1.90557E-03 1.40706E+00 
7.23877E+02 2.01250E-06 1.49574E-03 1.11200E+00 
7.31577E+02 1.52661E-06 1.14219E-03 8.54754E-01 
7.39278E+02 1.11291E-06 8.37983E-04 6.31060E-01 
7.46979E+02 7.61523E-07 5.76896E-04 4.37065E-01 
7.54680E+02 4.63801E-07 3.53390E-04 2.69273E-01 
7.62381E+02 2.12165E-07 1.62544E-04 1.24529E-01 
