100 2 
0.00000E+00 3.74413E-03 1.00585E+00 3.33304E+02 
7.76503E+00 3.74202E-03 1.00584E+00 3.33304E+02 
1.55301E+01 3.73571E-03 1.00577E+00 3.33303E+02 
2.32951E+01 3.72521E-03 1.00556E+00 3.33298E+02 
3.10601E+01 3.71053E-03 1.00516E+00 3.33287E+02 
3.88252E+01 3.69171E-03 1.00450E+00 3.33264E+02 
4.65902E+01 3.66878E-03 1.00352E+00 3.33222E+02 
5.43552E+01 3.64178E-03 1.00215E+00 3.33153E+02 
6.21203E+01 3.61079E-03 1.00034E+00 3.33047E+02 
6.98853E+01 3.57584E-03 9.98033E-01 3.32895E+02 
7.76503E+01 3.53703E-03 9.95168E-01 3.32683E+02 
8.54154E+01 3.49443E-03 9.91692E-01 3.32399E+02 
9.31804E+01 3.44815E-03 9.87557E-01 3.32029E+02 
1.00945E+02 3.39827E-03 9.82713E-01 3.31559E+02 
1.08710E+02 3.34493E-03 9.77119E-01 3.30972E+02 
1.16476E+02 3.28823E-03 9.70733E-01 3.30252E+02 
1.24241E+02 3.22833E-03 9.63522E-01 3.29384E+02 
1.32006E+02 3.16537E-03 9.55453E-01 3.28349E+02 
1.39771E+02 3.09950E-03 9.46500E-01 3.27132E+02 
1.47536E+02 3.03090E-03 9.36644E-01 3.25716E+02 
1.55301E+02 2.95974E-03 9.25867E-01 3.24083E+02 
1.63066E+02 2.88621E-03 9.14162E-01 3.22219E+02 
1.70831E+02 2.81052E-03 9.01523E-01 3.20109E+02 
1.78596E+02 2.73286E-03 8.87954E-01 3.17737E+02 
1.86361E+02 2.65345E-03 8.73462E-01 3.15092E+02 
1.94126E+02 2.57251E-03 8.58063E-01 3.12162E+02 
2.01891E+02 2.49026E-03 8.41777E-01 3.08937E+02 
2.09656E+02 2.40695E-03 8.24632E-01 3.05408E+02 
2.17421E+02 2.32279E-03 8.06661E-01 3.01570E+02 
2.25186E+02 2.23802E-03 7.87902E-01 2.97418E+02 
2.32951E+02 2.15289E-03 7.68400E-01 2.92951E+02 
2.40716E+02 2.06762E-03 7.48206E-01 2.88168E+02 
2.48481E+02 1.98246E-03 7.27374E-01 2.83072E+02 
2.56246E+02 1.89761E-03 7.05964E-01 2.77668E+02 
2.64011E+02 1.81332E-03 6.84038E-01 2.71964E+02 
2.71776E+02 1.72980E-03 6.61664E-01 2.65970E+02 
2.79541E+02 1.64726E-03 6.38911E-01 2.59698E+02 
2.87306E+02 1.56590E-03 6.15852E-01 2.53162E+02 
2.95071E+02 1.48591E-03 5.92560E-01 2.46380E+02 
3.02836E+02 1.40746E-03 5.69110E-01 2.39369E+02 
3.10601E+02 1.33074E-03 5.45578E-01 2.32151E+02 
3.18366E+02 1.25588E-03 5.22037E-01 2.24748E+02 
3.26131E+02 1.18303E-03 4.98563E-01 2.17184E+02 
3.33896E+02 1.11232E-03 4.75229E-01 2.09483E+02 
3.41661E+02 1.04385E-03 4.52104E-01 2.01672E+02 
3.49427E+02 9.77727E-04 4.29256E-01 1.93778E+02 
3.57192E+02 9.14026E-04 4.06752E-01 1.85827E+02 
3.64957E+02 8.52813E-04 3.84651E-01 1.77847E+02 
3.72722E+02 7.94138E-04 3.63011E-01 1.69866E+02 
3.80487E+02 7.38038E-04 3.41885E-01 1.61910E+02 
3.88252E+02 6.84533E-04 3.21321E-01 1.54007E+02 
3.96017E+02 6.33632E-04 3.01363E-01 1.46181E+02 
4.03782E+02 5.85328E-04 2.82048E-01 1.38457E+02 
4.11547E+02 5.39604E-04 2.63410E-01 1.30859E+02 
4.19312E+02 4.96430E-04 2.45475E-01 1.23409E+02 
4.27077E+02 4.55766E-04 2.28268E-01 1.16128E+02 
4.34842E+02 4.17560E-04 2.11804E-01 1.09033E+02 
4.42607E+02 3.81754E-04 1.96097E-01 1.02142E+02 
4.50372E+02 3.48281E-04 1.81153E-01 9.54706E+01 
4.58137E+02 3.17068E-04 1.66976E-01 8.90308E+01 
4.65902E+02 2.88032E-04 1.53562E-01 8.28341E+01 
4.73667E+02 2.61091E-04 1.40907E-01 7.68894E+01 
4.81432E+02 2.36156E-04 1.29000E-01 7.12038E+01 
4.89197E+02 2.13133E-04 1.17829E-01 6.57824E+01 
4.96962E+02 1.91931E-04 1.07375E-01 6.06285E+01 
5.04727E+02 1.72453E-04 9.76207E-02 5.57435E+01 
5.12492E+02 1.54603E-04 8.85433E-02 5.11270E+01 
5.20257E+02 1.38287E-04 8.01189E-02 4.67773E+01 
5.28022E+02 1.23409E-04 7.23219E-02 4.26910E+01 
5.35787E+02 1.09877E-04 6.51250E-02 3.88633E+01 
5.43552E+02 9.75998E-05 5.85000E-02 3.52884E+01 
5.51317E+02 8.64882E-05 5.24178E-02 3.19591E+01 
5.59082E+02 7.64568E-05 4.68491E-02 2.88677E+01 
5.66847E+02 6.74233E-05 4.17641E-02 2.60053E+01 
5.74612E+02 5.93084E-05 3.71333E-02 2.33626E+01 
5.82378E+02 5.20370E-05 3.29274E-02 2.09298E+01 
5.90143E+02 4.55376E-05 2.91175E-02 1.86965E+01 
5.97908E+02 3.97427E-05 2.56756E-02 1.66521E+01 
6.05673E+02 3.45887E-05 2.25744E-02 1.47861E+01 
6.13438E+02 3.00163E-05 1.97876E-02 1.30876E+01 
6.21203E+02 2.59698E-05 1.72900E-02 1.15459E+01 
6.28968E+02 2.23978E-05 1.50574E-02 1.01505E+01 
6.36733E+02 1.92523E-05 1.30671E-02 8.89108E+00 
6.44498E+02 1.64894E-05 1.12973E-02 7.75751E+00 
6.52263E+02 1.40685E-05 9.72791E-03 6.74004E+00 
6.60028E+02 1.19527E-05 8.33980E-03 5.82935E+00 
6.67793E+02 1.01080E-05 7.11526E-03 5.01647E+00 
6.75558E+02 8.50372E-06 6.03786E-03 4.29289E+00 
6.83323E+02 7.11202E-06 5.09240E-03 3.65059E+00 
6.91088E+02 5.90771E-06 4.26491E-03 3.08200E+00 
6.98853E+02 4.86814E-06 3.54254E-03 2.58004E+00 
7.06618E+02 3.97304E-06 2.91361E-03 2.13813E+00 
7.14383E+02 3.20423E-06 2.36744E-03 1.75013E+00 
7.22148E+02 2.54553E-06 1.89439E-03 1.41039E+00 
7.29913E+02 1.98259E-06 1.48573E-03 1.11374E+00 
7.37678E+02 1.50268E-06 1.13363E-03 8.55395E-01 
7.45443E+02 1.09456E-06 8.31028E-04 6.31030E-01 
7.53208E+02 7.48367E-07 5.71652E-04 4.36699E-01 
7.60973E+02 4.55432E-07 3.49906E-04 2.68840E-01 
7.68738E+02 2.08178E-07 1.60820E-04 1.24236E-01 
