100 2 
0.00000E+00 3.79274E-03 1.00584E+00 3.29717E+02 
7.71010E+00 3.79056E-03 1.00583E+00 3.29716E+02 
1.54202E+01 3.78400E-03 1.00575E+00 3.29715E+02 
2.31303E+01 3.77310E-03 1.00554E+00 3.29711E+02 
3.08404E+01 3.75786E-03 1.00512E+00 3.29700E+02 
3.85505E+01 3.73832E-03 1.00444E+00 3.29676E+02 
4.62606E+01 3.71453E-03 1.00343E+00 3.29633E+02 
5.39707E+01 3.68654E-03 1.00202E+00 3.29562E+02 
6.16808E+01 3.65441E-03 1.00016E+00 3.29454E+02 
6.93909E+01 3.61821E-03 9.97788E-01 3.29298E+02 
7.71010E+01 3.57803E-03 9.94843E-01 3.29082E+02 
8.48111E+01 3.53396E-03 9.91273E-01 3.28793E+02 
9.25212E+01 3.48611E-03 9.87028E-01 3.28416E+02 
1.00231E+02 3.43459E-03 9.82060E-01 3.27937E+02 
1.07941E+02 3.37953E-03 9.76327E-01 3.27340E+02 
1.15652E+02 3.32107E-03 9.69789E-01 3.26608E+02 
1.23362E+02 3.25936E-03 9.62412E-01 3.25726E+02 
1.31072E+02 3.19455E-03 9.54165E-01 3.24676E+02 
1.38782E+02 3.12682E-03 9.45025E-01 3.23442E+02 
1.46492E+02 3.05635E-03 9.34972E-01 3.22008E+02 
1.54202E+02 2.98333E-03 9.23991E-01 3.20356E+02 
1.61912E+02 2.90796E-03 9.12077E-01 3.18473E+02 
1.69622E+02 2.83044E-03 8.99226E-01 3.16342E+02 
1.77332E+02 2.75100E-03 8.85443E-01 3.13950E+02 
1.85042E+02 2.66985E-03 8.70740E-01 3.11285E+02 
1.92753E+02 2.58723E-03 8.55132E-01 3.08337E+02 
2.00463E+02 2.50337E-03 8.38643E-01 3.05094E+02 
2.08173E+02 2.41850E-03 8.21303E-01 3.01551E+02 
2.15883E+02 2.33287E-03 8.03146E-01 2.97701E+02 
2.23593E+02 2.24672E-03 7.84214E-01 2.93540E+02 
2.31303E+02 2.16027E-03 7.64553E-01 2.89068E+02 
2.39013E+02 2.07378E-03 7.44214E-01 2.84284E+02 
2.46723E+02 1.98748E-03 7.23254E-01 2.79193E+02 
2.54433E+02 1.90160E-03 7.01734E-01 2.73801E+02 
2.62144E+02 1.81635E-03 6.79717E-01 2.68114E+02 
2.69854E+02 1.73197E-03 6.57272E-01 2.62143E+02 
2.77564E+02 1.64865E-03 6.34468E-01 2.55901E+02 
2.85274E+02 1.56660E-03 6.11378E-01 2.49403E+02 
2.92984E+02 1.48600E-03 5.88075E-01 2.42665E+02 
3.00694E+02 1.40703E-03 5.64635E-01 2.35707E+02 
3.08404E+02 1.32986E-03 5.41132E-01 2.28550E+02 
3.16114E+02 1.25462E-03 5.17640E-01 2.21214E+02 
3.23824E+02 1.18146E-03 4.94233E-01 2.13725E+02 
3.31534E+02 1.11050E-03 4.70982E-01 2.06106E+02 
3.39245E+02 1.04184E-03 4.47957E-01 1.98384E+02 
3.46955E+02 9.75581E-04 4.25224E-01 1.90584E+02 
3.54665E+02 9.11789E-04 4.02846E-01 1.82734E+02 
3.62375E+02 8.50527E-04 3.80884E-01 1.74861E+02 
3.70085E+02 7.91841E-04 3.59394E-01 1.66990E+02 
3.77795E+02 7.35762E-04 3.38425E-01 1.59150E+02 
3.85505E+02 6.82306E-04 3.18025E-01 1.51365E+02 
3.93215E+02 6.31477E-04 2.98236E-01 1.43660E+02 
4.00925E+02 5.83264E-04 2.79094E-01 1.36059E+02 
4.08635E+02 5.37646E-04 2.60630E-01 1.28586E+02 
4.16346E+02 4.94589E-04 2.42871E-01 1.21261E+02 
4.24056E+02 4.54050E-04 2.25838E-01 1.14104E+02 
4.31766E+02 4.15975E-04 2.09547E-01 1.07134E+02 
4.39476E+02 3.80303E-04 1.94009E-01 1.00366E+02 
4.47186E+02 3.46964E-04 1.79230E-01 9.38141E+01 
4.54896E+02 3.15882E-04 1.65212E-01 8.74920E+01 
4.62606E+02 2.86975E-04 1.51953E-01 8.14096E+01 
4.70316E+02 2.60157E-04 1.39445E-01 7.55756E+01 
4.78026E+02 2.35339E-04 1.27678E-01 6.99966E+01 
4.85737E+02 2.12428E-04 1.16639E-01 6.46774E+01 
4.93447E+02 1.91328E-04 1.06310E-01 5.96209E+01 
5.01157E+02 1.71946E-04 9.66718E-02 5.48283E+01 
5.08867E+02 1.54184E-04 8.77027E-02 5.02992E+01 
5.16577E+02 1.37946E-04 7.93785E-02 4.60317E+01 
5.24287E+02 1.23140E-04 7.16736E-02 4.20222E+01 
5.31997E+02 1.09671E-04 6.45609E-02 3.82660E+01 
5.39707E+02 9.74489E-05 5.80125E-02 3.47574E+01 
5.47417E+02 8.63855E-05 5.19995E-02 3.14893E+01 
5.55128E+02 7.63954E-05 4.64929E-02 2.84540E+01 
5.62838E+02 6.73967E-05 4.14634E-02 2.56429E+01 
5.70548E+02 5.93109E-05 3.68818E-02 2.30468E+01 
5.78258E+02 5.20632E-05 3.27192E-02 2.06561E+01 
5.85968E+02 4.55827E-05 2.89473E-02 1.84606E+01 
5.93678E+02 3.98023E-05 2.55384E-02 1.64502E+01 
6.01388E+02 3.46591E-05 2.24655E-02 1.46142E+01 
6.09098E+02 3.00941E-05 1.97030E-02 1.29424E+01 
6.16808E+02 2.60523E-05 1.72258E-02 1.14242E+01 
6.24518E+02 2.24823E-05 1.50103E-02 1.00493E+01 
6.32229E+02 1.93369E-05 1.30341E-02 8.80765E+00 
6.39939E+02 1.65724E-05 1.12759E-02 7.68941E+00 
6.47649E+02 1.41486E-05 9.71569E-03 6.68508E+00 
6.55359E+02 1.20288E-05 8.33480E-03 5.78553E+00 
6.63069E+02 1.01794E-05 7.11577E-03 4.98203E+00 
6.70779E+02 8.56972E-06 6.04241E-03 4.26627E+00 
6.78489E+02 7.17229E-06 5.09978E-03 3.63042E+00 
6.86199E+02 5.96203E-06 4.27408E-03 3.06708E+00 
6.93909E+02 4.91645E-06 3.55268E-03 2.56933E+00 
7.01619E+02 4.01537E-06 2.92402E-03 2.13074E+00 
7.09330E+02 3.24072E-06 2.37760E-03 1.74530E+00 
7.17040E+02 2.57638E-06 1.90387E-03 1.40749E+00 
7.24750E+02 2.00806E-06 1.49423E-03 1.11221E+00 
7.32460E+02 1.52306E-06 1.14090E-03 8.54817E-01 
7.40170E+02 1.11018E-06 8.36939E-04 6.31033E-01 
7.47880E+02 7.59572E-07 5.76112E-04 4.36997E-01 
7.55590E+02 4.62559E-07 3.52869E-04 2.69199E-01 
7.63300E+02 2.11573E-07 1.62286E-04 1.24482E-01 
