100 2 
0.00000E+00 3.80948E-03 1.00583E+00 3.28497E+02 
7.69124E+00 3.80726E-03 1.00582E+00 3.28497E+02 
1.53825E+01 3.80063E-03 1.00574E+00 3.28496E+02 
2.30737E+01 3.78958E-03 1.00553E+00 3.28492E+02 
3.07649E+01 3.77415E-03 1.00511E+00 3.28481E+02 
3.84562E+01 3.75437E-03 1.00442E+00 3.28457E+02 
4.61474E+01 3.73028E-03 1.00340E+00 3.28413E+02 
5.38386E+01 3.70195E-03 1.00198E+00 3.28342E+02 
6.15299E+01 3.66943E-03 1.00010E+00 3.28233E+02 
6.92211E+01 3.63280E-03 9.97705E-01 3.28076E+02 
7.69124E+01 3.59215E-03 9.94732E-01 3.27859E+02 
8.46036E+01 3.54757E-03 9.91130E-01 3.27567E+02 
9.22948E+01 3.49919E-03 9.86848E-01 3.27188E+02 
9.99861E+01 3.44710E-03 9.81838E-01 3.26706E+02 
1.07677E+02 3.39146E-03 9.76058E-01 3.26105E+02 
1.15369E+02 3.33239E-03 9.69468E-01 3.25370E+02 
1.23060E+02 3.27005E-03 9.62035E-01 3.24483E+02 
1.30751E+02 3.20461E-03 9.53728E-01 3.23428E+02 
1.38442E+02 3.13624E-03 9.44525E-01 3.22189E+02 
1.46133E+02 3.06513E-03 9.34405E-01 3.20749E+02 
1.53825E+02 2.99147E-03 9.23356E-01 3.19091E+02 
1.61516E+02 2.91547E-03 9.11370E-01 3.17201E+02 
1.69207E+02 2.83733E-03 8.98448E-01 3.15063E+02 
1.76898E+02 2.75728E-03 8.84593E-01 3.12665E+02 
1.84590E+02 2.67553E-03 8.69818E-01 3.09994E+02 
1.92281E+02 2.59234E-03 8.54140E-01 3.07039E+02 
1.99972E+02 2.50792E-03 8.37583E-01 3.03791E+02 
2.07663E+02 2.42253E-03 8.20177E-01 3.00243E+02 
2.15355E+02 2.33639E-03 8.01958E-01 2.96389E+02 
2.23046E+02 2.24976E-03 7.82968E-01 2.92226E+02 
2.30737E+02 2.16287E-03 7.63253E-01 2.87752E+02 
2.38428E+02 2.07596E-03 7.42866E-01 2.82969E+02 
2.46120E+02 1.98927E-03 7.21864E-01 2.77881E+02 
2.53811E+02 1.90303E-03 7.00307E-01 2.72492E+02 
2.61502E+02 1.81746E-03 6.78260E-01 2.66811E+02 
2.69193E+02 1.73278E-03 6.55791E-01 2.60849E+02 
2.76884E+02 1.64919E-03 6.32970E-01 2.54618E+02 
2.84576E+02 1.56691E-03 6.09871E-01 2.48133E+02 
2.92267E+02 1.48610E-03 5.86565E-01 2.41411E+02 
2.99958E+02 1.40695E-03 5.63129E-01 2.34471E+02 
3.07649E+02 1.32962E-03 5.39636E-01 2.27334E+02 
3.15341E+02 1.25425E-03 5.16161E-01 2.20021E+02 
3.23032E+02 1.18099E-03 4.92777E-01 2.12558E+02 
3.30723E+02 1.10994E-03 4.69555E-01 2.04967E+02 
3.38414E+02 1.04122E-03 4.46564E-01 1.97275E+02 
3.46106E+02 9.74904E-04 4.23870E-01 1.89508E+02 
3.53797E+02 9.11079E-04 4.01536E-01 1.81692E+02 
3.61488E+02 8.49799E-04 3.79621E-01 1.73855E+02 
3.69179E+02 7.91107E-04 3.58181E-01 1.66022E+02 
3.76871E+02 7.35033E-04 3.37265E-01 1.58221E+02 
3.84562E+02 6.81592E-04 3.16921E-01 1.50476E+02 
3.92253E+02 6.30785E-04 2.97189E-01 1.42812E+02 
3.99944E+02 5.82601E-04 2.78105E-01 1.35253E+02 
4.07635E+02 5.37017E-04 2.59700E-01 1.27822E+02 
4.15327E+02 4.93998E-04 2.42001E-01 1.20540E+02 
4.23018E+02 4.53500E-04 2.25026E-01 1.13425E+02 
4.30709E+02 4.15467E-04 2.08793E-01 1.06496E+02 
4.38400E+02 3.79839E-04 1.93312E-01 9.97692E+01 
4.46092E+02 3.46543E-04 1.78589E-01 9.32583E+01 
4.53783E+02 3.15504E-04 1.64624E-01 8.69757E+01 
4.61474E+02 2.86639E-04 1.51416E-01 8.09318E+01 
4.69165E+02 2.59862E-04 1.38958E-01 7.51351E+01 
4.76857E+02 2.35082E-04 1.27238E-01 6.95919E+01 
4.84548E+02 2.12207E-04 1.16243E-01 6.43071E+01 
4.92239E+02 1.91141E-04 1.05956E-01 5.92833E+01 
4.99930E+02 1.71789E-04 9.63567E-02 5.45218E+01 
5.07622E+02 1.54056E-04 8.74239E-02 5.00221E+01 
5.15313E+02 1.37844E-04 7.91332E-02 4.57821E+01 
5.23004E+02 1.23060E-04 7.14590E-02 4.17984E+01 
5.30695E+02 1.09612E-04 6.43745E-02 3.80663E+01 
5.38386E+02 9.74077E-05 5.78516E-02 3.45799E+01 
5.46078E+02 8.63596E-05 5.18617E-02 3.13323E+01 
5.53769E+02 7.63828E-05 4.63758E-02 2.83158E+01 
5.61460E+02 6.73952E-05 4.13648E-02 2.55219E+01 
5.69151E+02 5.93185E-05 3.67996E-02 2.29414E+01 
5.76843E+02 5.20782E-05 3.26515E-02 2.05648E+01 
5.84534E+02 4.56034E-05 2.88921E-02 1.83820E+01 
5.92225E+02 3.98275E-05 2.54941E-02 1.63829E+01 
5.99916E+02 3.46874E-05 2.24306E-02 1.45571E+01 
6.07608E+02 3.01245E-05 1.96761E-02 1.28942E+01 
6.15299E+02 2.60837E-05 1.72056E-02 1.13838E+01 
6.22990E+02 2.25141E-05 1.49958E-02 1.00157E+01 
6.30681E+02 1.93684E-05 1.30242E-02 8.78003E+00 
6.38373E+02 1.66031E-05 1.12698E-02 7.66691E+00 
6.46064E+02 1.41780E-05 9.71256E-03 6.66696E+00 
6.53755E+02 1.20566E-05 8.33400E-03 5.77112E+00 
6.61446E+02 1.02052E-05 7.11672E-03 4.97074E+00 
6.69138E+02 8.59356E-06 6.04465E-03 4.25759E+00 
6.76829E+02 7.19398E-06 5.10288E-03 3.62387E+00 
6.84520E+02 5.98154E-06 4.27771E-03 3.06227E+00 
6.92211E+02 4.93377E-06 3.55656E-03 2.56592E+00 
6.99902E+02 4.03051E-06 2.92793E-03 2.12841E+00 
7.07594E+02 3.25374E-06 2.38136E-03 1.74381E+00 
7.15285E+02 2.58738E-06 1.90735E-03 1.40663E+00 
7.22976E+02 2.01713E-06 1.49732E-03 1.11180E+00 
7.30667E+02 1.53031E-06 1.14354E-03 8.54703E-01 
7.38359E+02 1.11574E-06 8.39073E-04 6.31096E-01 
7.46050E+02 7.63551E-07 5.77715E-04 4.37141E-01 
7.53741E+02 4.65091E-07 3.53933E-04 2.69351E-01 
7.61432E+02 2.12779E-07 1.62812E-04 1.24579E-01 
