100 2 
0.00000E+00 3.88849E-03 1.00581E+00 3.22844E+02 
7.60232E+00 3.88614E-03 1.00580E+00 3.22844E+02 
1.52046E+01 3.87911E-03 1.00571E+00 3.22843E+02 
2.28070E+01 3.86741E-03 1.00549E+00 3.22839E+02 
3.04093E+01 3.85107E-03 1.00505E+00 3.22827E+02 
3.80116E+01 3.83014E-03 1.00433E+00 3.22802E+02 
4.56139E+01 3.80466E-03 1.00326E+00 3.22757E+02 
5.32163E+01 3.77471E-03 1.00178E+00 3.22683E+02 
6.08186E+01 3.74036E-03 9.99819E-01 3.22571E+02 
6.84209E+01 3.70170E-03 9.97318E-01 3.22409E+02 
7.60232E+01 3.65884E-03 9.94220E-01 3.22185E+02 
8.36255E+01 3.61189E-03 9.90469E-01 3.21885E+02 
9.12279E+01 3.56098E-03 9.86016E-01 3.21496E+02 
9.88302E+01 3.50624E-03 9.80812E-01 3.21001E+02 
1.06433E+02 3.44783E-03 9.74815E-01 3.20385E+02 
1.14035E+02 3.38591E-03 9.67987E-01 3.19631E+02 
1.21637E+02 3.32066E-03 9.60296E-01 3.18725E+02 
1.29239E+02 3.25225E-03 9.51713E-01 3.17647E+02 
1.36842E+02 3.18089E-03 9.42217E-01 3.16383E+02 
1.44444E+02 3.10677E-03 9.31791E-01 3.14916E+02 
1.52046E+02 3.03012E-03 9.20426E-01 3.13231E+02 
1.59649E+02 2.95114E-03 9.08117E-01 3.11312E+02 
1.67251E+02 2.87008E-03 8.94866E-01 3.09146E+02 
1.74853E+02 2.78717E-03 8.80682E-01 3.06719E+02 
1.82456E+02 2.70264E-03 8.65580E-01 3.04020E+02 
1.90058E+02 2.61675E-03 8.49582E-01 3.01040E+02 
1.97660E+02 2.52974E-03 8.32713E-01 2.97769E+02 
2.05263E+02 2.44186E-03 8.15009E-01 2.94202E+02 
2.12865E+02 2.35336E-03 7.96507E-01 2.90333E+02 
2.20467E+02 2.26450E-03 7.77253E-01 2.86161E+02 
2.28070E+02 2.17551E-03 7.57296E-01 2.81685E+02 
2.35672E+02 2.08665E-03 7.36691E-01 2.76907E+02 
2.43274E+02 1.99814E-03 7.15496E-01 2.71831E+02 
2.50877E+02 1.91023E-03 6.93775E-01 2.66464E+02 
2.58479E+02 1.82313E-03 6.71594E-01 2.60815E+02 
2.66081E+02 1.73706E-03 6.49022E-01 2.54894E+02 
2.73684E+02 1.65223E-03 6.26128E-01 2.48716E+02 
2.81286E+02 1.56884E-03 6.02988E-01 2.42294E+02 
2.88888E+02 1.48705E-03 5.79673E-01 2.35647E+02 
2.96491E+02 1.40705E-03 5.56258E-01 2.28794E+02 
3.04093E+02 1.32898E-03 5.32818E-01 2.21755E+02 
3.11695E+02 1.25300E-03 5.09424E-01 2.14552E+02 
3.19298E+02 1.17922E-03 4.86148E-01 2.07209E+02 
3.26900E+02 1.10776E-03 4.63061E-01 1.99750E+02 
3.34502E+02 1.03871E-03 4.40228E-01 1.92199E+02 
3.42104E+02 9.72161E-04 4.17715E-01 1.84583E+02 
3.49707E+02 9.08169E-04 3.95582E-01 1.76927E+02 
3.57309E+02 8.46788E-04 3.73885E-01 1.69257E+02 
3.64911E+02 7.88054E-04 3.52677E-01 1.61599E+02 
3.72514E+02 7.31988E-04 3.32007E-01 1.53978E+02 
3.80116E+02 6.78599E-04 3.11917E-01 1.46419E+02 
3.87718E+02 6.27881E-04 2.92447E-01 1.38944E+02 
3.95321E+02 5.79815E-04 2.73630E-01 1.31578E+02 
4.02923E+02 5.34374E-04 2.55495E-01 1.24340E+02 
4.10525E+02 4.91515E-04 2.38065E-01 1.17251E+02 
4.18128E+02 4.51191E-04 2.21359E-01 1.10330E+02 
4.25730E+02 4.13341E-04 2.05391E-01 1.03593E+02 
4.33332E+02 3.77899E-04 1.90169E-01 9.70551E+01 
4.40935E+02 3.44792E-04 1.75698E-01 9.07298E+01 
4.48537E+02 3.13938E-04 1.61978E-01 8.46285E+01 
4.56139E+02 2.85255E-04 1.49005E-01 7.87606E+01 
4.63742E+02 2.58652E-04 1.36770E-01 7.31340E+01 
4.71344E+02 2.34038E-04 1.25263E-01 6.77545E+01 
4.78946E+02 2.11319E-04 1.14470E-01 6.26264E+01 
4.86549E+02 1.90399E-04 1.04372E-01 5.77520E+01 
4.94151E+02 1.71181E-04 9.49490E-02 5.31321E+01 
5.01753E+02 1.53569E-04 8.61802E-02 4.87660E+01 
5.09356E+02 1.37467E-04 7.80409E-02 4.46515E+01 
5.16958E+02 1.22782E-04 7.05057E-02 4.07852E+01 
5.24560E+02 1.09420E-04 6.35481E-02 3.71623E+01 
5.32162E+02 9.72906E-05 5.71404E-02 3.37771E+01 
5.39765E+02 8.63073E-05 5.12544E-02 3.06227E+01 
5.47367E+02 7.63851E-05 4.58617E-02 2.76917E+01 
5.54969E+02 6.74429E-05 4.09337E-02 2.49758E+01 
5.62572E+02 5.94033E-05 3.64419E-02 2.24662E+01 
5.70174E+02 5.21922E-05 3.23582E-02 2.01536E+01 
5.77776E+02 4.57398E-05 2.86552E-02 1.80284E+01 
5.85379E+02 3.99800E-05 2.53058E-02 1.60807E+01 
5.92981E+02 3.48507E-05 2.22841E-02 1.43006E+01 
6.00583E+02 3.02939E-05 1.95650E-02 1.26780E+01 
6.08186E+02 2.62551E-05 1.71244E-02 1.12031E+01 
6.15788E+02 2.26842E-05 1.49393E-02 9.86605E+00 
6.23390E+02 1.95345E-05 1.29880E-02 8.65718E+00 
6.30993E+02 1.67628E-05 1.12499E-02 7.56717E+00 
6.38595E+02 1.43297E-05 9.70556E-03 6.58694E+00 
6.46197E+02 1.21988E-05 8.33689E-03 5.70782E+00 
6.53800E+02 1.03371E-05 7.12696E-03 4.92147E+00 
6.61402E+02 8.71449E-06 6.06005E-03 4.21995E+00 
6.69004E+02 7.30359E-06 5.12164E-03 3.59580E+00 
6.76607E+02 6.07971E-06 4.29832E-03 3.04193E+00 
6.84209E+02 5.02060E-06 3.57779E-03 2.55174E+00 
6.91811E+02 4.10626E-06 2.94880E-03 2.11904E+00 
6.99414E+02 3.31879E-06 2.40110E-03 1.73810E+00 
7.07016E+02 2.64220E-06 1.92538E-03 1.40361E+00 
7.14618E+02 2.06225E-06 1.51320E-03 1.11066E+00 
7.22221E+02 1.56635E-06 1.15698E-03 8.54783E-01 
7.29823E+02 1.14330E-06 8.49884E-04 6.31854E-01 
7.37425E+02 7.83284E-07 5.85802E-04 4.38143E-01 
7.45028E+02 4.77627E-07 3.59273E-04 2.70255E-01 
7.52630E+02 2.18744E-07 1.65442E-04 1.25128E-01 
