100 2 
0.00000E+00 3.89071E-03 1.00581E+00 3.22688E+02 
7.59983E+00 3.88836E-03 1.00580E+00 3.22688E+02 
1.51997E+01 3.88131E-03 1.00571E+00 3.22687E+02 
2.27995E+01 3.86959E-03 1.00549E+00 3.22682E+02 
3.03993E+01 3.85323E-03 1.00505E+00 3.22670E+02 
3.79991E+01 3.83226E-03 1.00433E+00 3.22646E+02 
4.55990E+01 3.80675E-03 1.00326E+00 3.22601E+02 
5.31988E+01 3.77675E-03 1.00177E+00 3.22527E+02 
6.07986E+01 3.74235E-03 9.99811E-01 3.22415E+02 
6.83985E+01 3.70364E-03 9.97307E-01 3.22253E+02 
7.59983E+01 3.66071E-03 9.94206E-01 3.22028E+02 
8.35981E+01 3.61370E-03 9.90451E-01 3.21728E+02 
9.11979E+01 3.56271E-03 9.85993E-01 3.21338E+02 
9.87978E+01 3.50790E-03 9.80784E-01 3.20843E+02 
1.06398E+02 3.44942E-03 9.74781E-01 3.20226E+02 
1.13997E+02 3.38742E-03 9.67947E-01 3.19473E+02 
1.21597E+02 3.32208E-03 9.60248E-01 3.18565E+02 
1.29197E+02 3.25359E-03 9.51658E-01 3.17488E+02 
1.36797E+02 3.18215E-03 9.42154E-01 3.16223E+02 
1.44397E+02 3.10795E-03 9.31720E-01 3.14755E+02 
1.51997E+02 3.03121E-03 9.20346E-01 3.13069E+02 
1.59596E+02 2.95215E-03 9.08027E-01 3.11149E+02 
1.67196E+02 2.87101E-03 8.94768E-01 3.08982E+02 
1.74796E+02 2.78801E-03 8.80575E-01 3.06555E+02 
1.82396E+02 2.70341E-03 8.65464E-01 3.03856E+02 
1.89996E+02 2.61744E-03 8.49457E-01 3.00874E+02 
1.97596E+02 2.53036E-03 8.32580E-01 2.97603E+02 
2.05195E+02 2.44241E-03 8.14867E-01 2.94035E+02 
2.12795E+02 2.35385E-03 7.96358E-01 2.90167E+02 
2.20395E+02 2.26492E-03 7.77096E-01 2.85994E+02 
2.27995E+02 2.17588E-03 7.57133E-01 2.81518E+02 
2.35595E+02 2.08696E-03 7.36522E-01 2.76740E+02 
2.43194E+02 1.99840E-03 7.15322E-01 2.71665E+02 
2.50794E+02 1.91044E-03 6.93597E-01 2.66298E+02 
2.58394E+02 1.82330E-03 6.71412E-01 2.60650E+02 
2.65994E+02 1.73720E-03 6.48837E-01 2.54731E+02 
2.73594E+02 1.65233E-03 6.25942E-01 2.48554E+02 
2.81194E+02 1.56890E-03 6.02800E-01 2.42134E+02 
2.88793E+02 1.48709E-03 5.79485E-01 2.35489E+02 
2.96393E+02 1.40706E-03 5.56071E-01 2.28639E+02 
3.03993E+02 1.32898E-03 5.32632E-01 2.21602E+02 
3.11593E+02 1.25298E-03 5.09240E-01 2.14403E+02 
3.19193E+02 1.17918E-03 4.85968E-01 2.07063E+02 
3.26793E+02 1.10771E-03 4.62884E-01 1.99607E+02 
3.34392E+02 1.03865E-03 4.40056E-01 1.92060E+02 
3.41992E+02 9.72095E-04 4.17548E-01 1.84448E+02 
3.49592E+02 9.08098E-04 3.95420E-01 1.76797E+02 
3.57192E+02 8.46714E-04 3.73729E-01 1.69132E+02 
3.64792E+02 7.87978E-04 3.52528E-01 1.61479E+02 
3.72392E+02 7.31913E-04 3.31864E-01 1.53863E+02 
3.79991E+02 6.78524E-04 3.11782E-01 1.46308E+02 
3.87591E+02 6.27808E-04 2.92319E-01 1.38839E+02 
3.95191E+02 5.79746E-04 2.73509E-01 1.31477E+02 
4.02791E+02 5.34307E-04 2.55381E-01 1.24245E+02 
4.10391E+02 4.91453E-04 2.37959E-01 1.17162E+02 
4.17991E+02 4.51133E-04 2.21260E-01 1.10246E+02 
4.25590E+02 4.13288E-04 2.05299E-01 1.03514E+02 
4.33190E+02 3.77851E-04 1.90084E-01 9.69813E+01 
4.40790E+02 3.44748E-04 1.75620E-01 9.06611E+01 
4.48390E+02 3.13900E-04 1.61907E-01 8.45647E+01 
4.55990E+02 2.85221E-04 1.48940E-01 7.87016E+01 
4.63590E+02 2.58623E-04 1.36711E-01 7.30797E+01 
4.71189E+02 2.34013E-04 1.25210E-01 6.77047E+01 
4.78789E+02 2.11298E-04 1.14422E-01 6.25808E+01 
4.86389E+02 1.90381E-04 1.04329E-01 5.77104E+01 
4.93989E+02 1.71167E-04 9.49115E-02 5.30944E+01 
5.01589E+02 1.53558E-04 8.61470E-02 4.87320E+01 
5.09188E+02 1.37459E-04 7.80118E-02 4.46209E+01 
5.16788E+02 1.22776E-04 7.04805E-02 4.07578E+01 
5.24388E+02 1.09416E-04 6.35262E-02 3.71379E+01 
5.31988E+02 9.72892E-05 5.71216E-02 3.37553E+01 
5.39588E+02 8.63075E-05 5.12384E-02 3.06036E+01 
5.47188E+02 7.63867E-05 4.58482E-02 2.76749E+01 
5.54787E+02 6.74457E-05 4.09224E-02 2.49611E+01 
5.62387E+02 5.94069E-05 3.64326E-02 2.24534E+01 
5.69987E+02 5.21965E-05 3.23507E-02 2.01426E+01 
5.77587E+02 4.57446E-05 2.86491E-02 1.80189E+01 
5.85187E+02 3.99851E-05 2.53010E-02 1.60726E+01 
5.92787E+02 3.48561E-05 2.22805E-02 1.42937E+01 
6.00386E+02 3.02992E-05 1.95623E-02 1.26722E+01 
6.07986E+02 2.62605E-05 1.71225E-02 1.11983E+01 
6.15586E+02 2.26895E-05 1.49381E-02 9.86206E+00 
6.23186E+02 1.95396E-05 1.29873E-02 8.65391E+00 
6.30786E+02 1.67677E-05 1.12496E-02 7.56452E+00 
6.38386E+02 1.43343E-05 9.70555E-03 6.58483E+00 
6.45985E+02 1.22031E-05 8.33713E-03 5.70616E+00 
6.53585E+02 1.03411E-05 7.12738E-03 4.92018E+00 
6.61185E+02 8.71811E-06 6.06061E-03 4.21898E+00 
6.68785E+02 7.30685E-06 5.12227E-03 3.59508E+00 
6.76385E+02 6.08262E-06 4.29898E-03 3.04141E+00 
6.83984E+02 5.02317E-06 3.57846E-03 2.55139E+00 
6.91584E+02 4.10850E-06 2.94945E-03 2.11882E+00 
6.99184E+02 3.32071E-06 2.40170E-03 1.73797E+00 
7.06784E+02 2.64381E-06 1.92592E-03 1.40355E+00 
7.14384E+02 2.06358E-06 1.51368E-03 1.11065E+00 
7.21984E+02 1.56740E-06 1.15738E-03 8.54800E-01 
7.29583E+02 1.14411E-06 8.50205E-04 6.31886E-01 
7.37183E+02 7.83862E-07 5.86042E-04 4.38179E-01 
7.44783E+02 4.77994E-07 3.59431E-04 2.70286E-01 
7.52383E+02 2.18919E-07 1.65520E-04 1.25146E-01 
