100 2 
0.00000E+00 3.82040E-03 1.00583E+00 3.27706E+02 
7.67893E+00 3.81817E-03 1.00582E+00 3.27706E+02 
1.53579E+01 3.81148E-03 1.00574E+00 3.27705E+02 
2.30368E+01 3.80034E-03 1.00552E+00 3.27700E+02 
3.07157E+01 3.78478E-03 1.00510E+00 3.27689E+02 
3.83946E+01 3.76484E-03 1.00441E+00 3.27665E+02 
4.60736E+01 3.74056E-03 1.00338E+00 3.27621E+02 
5.37525E+01 3.71200E-03 1.00195E+00 3.27550E+02 
6.14314E+01 3.67923E-03 1.00006E+00 3.27440E+02 
6.91103E+01 3.64232E-03 9.97651E-01 3.27283E+02 
7.67893E+01 3.60136E-03 9.94660E-01 3.27064E+02 
8.44682E+01 3.55646E-03 9.91037E-01 3.26772E+02 
9.21471E+01 3.50772E-03 9.86731E-01 3.26391E+02 
9.98260E+01 3.45527E-03 9.81694E-01 3.25907E+02 
1.07505E+02 3.39924E-03 9.75883E-01 3.25304E+02 
1.15184E+02 3.33978E-03 9.69260E-01 3.24566E+02 
1.22863E+02 3.27704E-03 9.61791E-01 3.23676E+02 
1.30542E+02 3.21118E-03 9.53445E-01 3.22618E+02 
1.38221E+02 3.14240E-03 9.44200E-01 3.21375E+02 
1.45900E+02 3.07087E-03 9.34037E-01 3.19931E+02 
1.53579E+02 2.99680E-03 9.22943E-01 3.18269E+02 
1.61257E+02 2.92038E-03 9.10912E-01 3.16375E+02 
1.68936E+02 2.84183E-03 8.97943E-01 3.14233E+02 
1.76615E+02 2.76138E-03 8.84042E-01 3.11831E+02 
1.84294E+02 2.67925E-03 8.69221E-01 3.09156E+02 
1.91973E+02 2.59568E-03 8.53498E-01 3.06197E+02 
1.99652E+02 2.51091E-03 8.36896E-01 3.02946E+02 
2.07331E+02 2.42516E-03 8.19448E-01 2.99395E+02 
2.15010E+02 2.33870E-03 8.01189E-01 2.95538E+02 
2.22689E+02 2.25175E-03 7.82161E-01 2.91374E+02 
2.30368E+02 2.16457E-03 7.62412E-01 2.86899E+02 
2.38047E+02 2.07739E-03 7.41994E-01 2.82117E+02 
2.45726E+02 1.99045E-03 7.20964E-01 2.77030E+02 
2.53405E+02 1.90398E-03 6.99383E-01 2.71644E+02 
2.61083E+02 1.81820E-03 6.77317E-01 2.65967E+02 
2.68762E+02 1.73332E-03 6.54833E-01 2.60010E+02 
2.76441E+02 1.64957E-03 6.32002E-01 2.53786E+02 
2.84120E+02 1.56712E-03 6.08896E-01 2.47310E+02 
2.91799E+02 1.48618E-03 5.85589E-01 2.40598E+02 
2.99478E+02 1.40691E-03 5.62155E-01 2.33670E+02 
3.07157E+02 1.32948E-03 5.38670E-01 2.26547E+02 
3.14836E+02 1.25403E-03 5.15206E-01 2.19249E+02 
3.22515E+02 1.18069E-03 4.91837E-01 2.11802E+02 
3.30194E+02 1.10959E-03 4.68633E-01 2.04230E+02 
3.37873E+02 1.04082E-03 4.45664E-01 1.96558E+02 
3.45552E+02 9.74480E-04 4.22995E-01 1.88812E+02 
3.53231E+02 9.10633E-04 4.00690E-01 1.81018E+02 
3.60910E+02 8.49340E-04 3.78805E-01 1.73205E+02 
3.68588E+02 7.90644E-04 3.57398E-01 1.65396E+02 
3.76267E+02 7.34573E-04 3.36517E-01 1.57620E+02 
3.83946E+02 6.81140E-04 3.16209E-01 1.49901E+02 
3.91625E+02 6.30347E-04 2.96513E-01 1.42264E+02 
3.99304E+02 5.82182E-04 2.77467E-01 1.34733E+02 
4.06983E+02 5.36619E-04 2.59101E-01 1.27329E+02 
4.14662E+02 4.93624E-04 2.41439E-01 1.20073E+02 
4.22341E+02 4.53152E-04 2.24503E-01 1.12986E+02 
4.30020E+02 4.15147E-04 2.08307E-01 1.06084E+02 
4.37699E+02 3.79545E-04 1.92863E-01 9.93839E+01 
4.45378E+02 3.46277E-04 1.78175E-01 9.28993E+01 
4.53057E+02 3.15266E-04 1.64246E-01 8.66423E+01 
4.60736E+02 2.86428E-04 1.51071E-01 8.06234E+01 
4.68415E+02 2.59676E-04 1.38644E-01 7.48507E+01 
4.76093E+02 2.34921E-04 1.26955E-01 6.93307E+01 
4.83772E+02 2.12068E-04 1.15988E-01 6.40680E+01 
4.91451E+02 1.91024E-04 1.05728E-01 5.90655E+01 
4.99130E+02 1.71692E-04 9.61542E-02 5.43241E+01 
5.06809E+02 1.53977E-04 8.72447E-02 4.98433E+01 
5.14488E+02 1.37781E-04 7.89757E-02 4.56211E+01 
5.22167E+02 1.23012E-04 7.13214E-02 4.16541E+01 
5.29846E+02 1.09577E-04 6.42549E-02 3.79374E+01 
5.37525E+02 9.73838E-05 5.77485E-02 3.44654E+01 
5.45204E+02 8.63455E-05 5.17735E-02 3.12311E+01 
5.52883E+02 7.63769E-05 4.63009E-02 2.82267E+01 
5.60562E+02 6.73963E-05 4.13018E-02 2.54439E+01 
5.68241E+02 5.93254E-05 3.67471E-02 2.28735E+01 
5.75919E+02 5.20897E-05 3.26083E-02 2.05060E+01 
5.83598E+02 4.56185E-05 2.88570E-02 1.83314E+01 
5.91277E+02 3.98452E-05 2.54660E-02 1.63396E+01 
5.98956E+02 3.47071E-05 2.24086E-02 1.45203E+01 
6.06635E+02 3.01453E-05 1.96591E-02 1.28631E+01 
6.14314E+02 2.61051E-05 1.71930E-02 1.13578E+01 
6.21993E+02 2.25357E-05 1.49868E-02 9.99418E+00 
6.29672E+02 1.93896E-05 1.30182E-02 8.76230E+00 
6.37351E+02 1.66236E-05 1.12661E-02 7.65247E+00 
6.45030E+02 1.41977E-05 9.71082E-03 6.65535E+00 
6.52709E+02 1.20751E-05 8.33373E-03 5.76190E+00 
6.60388E+02 1.02225E-05 7.11757E-03 4.96354E+00 
6.68067E+02 8.60945E-06 6.04629E-03 4.25205E+00 
6.75746E+02 7.20843E-06 5.10507E-03 3.61971E+00 
6.83424E+02 5.99450E-06 4.28021E-03 3.05923E+00 
6.91103E+02 4.94526E-06 3.55921E-03 2.56377E+00 
6.98782E+02 4.04056E-06 2.93057E-03 2.12696E+00 
7.06461E+02 3.26239E-06 2.38389E-03 1.74290E+00 
7.14140E+02 2.59467E-06 1.90968E-03 1.40611E+00 
7.21819E+02 2.02314E-06 1.49939E-03 1.11157E+00 
7.29498E+02 1.53512E-06 1.14530E-03 8.54651E-01 
7.37177E+02 1.11942E-06 8.40496E-04 6.31157E-01 
7.44856E+02 7.66186E-07 5.78782E-04 4.37249E-01 
7.52535E+02 4.66765E-07 3.54638E-04 2.69456E-01 
7.60214E+02 2.13576E-07 1.63160E-04 1.24646E-01 
