100 2 
0.00000E+00 3.98304E-03 1.00577E+00 3.16290E+02 
7.49601E+00 3.98054E-03 1.00576E+00 3.16290E+02 
1.49920E+01 3.97304E-03 1.00567E+00 3.16289E+02 
2.24880E+01 3.96057E-03 1.00544E+00 3.16284E+02 
2.99840E+01 3.94315E-03 1.00498E+00 3.16272E+02 
3.74800E+01 3.92085E-03 1.00422E+00 3.16246E+02 
4.49761E+01 3.89373E-03 1.00310E+00 3.16200E+02 
5.24721E+01 3.86186E-03 1.00155E+00 3.16124E+02 
5.99681E+01 3.82534E-03 9.99490E-01 3.16008E+02 
6.74641E+01 3.78428E-03 9.96871E-01 3.15841E+02 
7.49601E+01 3.73880E-03 9.93630E-01 3.15610E+02 
8.24561E+01 3.68904E-03 9.89710E-01 3.15301E+02 
8.99521E+01 3.63514E-03 9.85061E-01 3.14899E+02 
9.74481E+01 3.57727E-03 9.79636E-01 3.14391E+02 
1.04944E+02 3.51560E-03 9.73393E-01 3.13758E+02 
1.12440E+02 3.45031E-03 9.66294E-01 3.12986E+02 
1.19936E+02 3.38160E-03 9.58310E-01 3.12058E+02 
1.27432E+02 3.30969E-03 9.49414E-01 3.10957E+02 
1.34928E+02 3.23479E-03 9.39586E-01 3.09667E+02 
1.42424E+02 3.15713E-03 9.28814E-01 3.08173E+02 
1.49920E+02 3.07694E-03 9.17091E-01 3.06459E+02 
1.57416E+02 2.99446E-03 9.04417E-01 3.04510E+02 
1.64912E+02 2.90996E-03 8.90796E-01 3.02315E+02 
1.72408E+02 2.82367E-03 8.76242E-01 2.99859E+02 
1.79904E+02 2.73586E-03 8.60773E-01 2.97134E+02 
1.87400E+02 2.64680E-03 8.44415E-01 2.94129E+02 
1.94896E+02 2.55673E-03 8.27198E-01 2.90838E+02 
2.02392E+02 2.46593E-03 8.09160E-01 2.87254E+02 
2.09888E+02 2.37465E-03 7.90344E-01 2.83375E+02 
2.17384E+02 2.28315E-03 7.70797E-01 2.79198E+02 
2.24880E+02 2.19169E-03 7.50573E-01 2.74726E+02 
2.32376E+02 2.10052E-03 7.29728E-01 2.69960E+02 
2.39872E+02 2.00987E-03 7.08324E-01 2.64905E+02 
2.47368E+02 1.91998E-03 6.86425E-01 2.59570E+02 
2.54864E+02 1.83107E-03 6.64100E-01 2.53964E+02 
2.62360E+02 1.74336E-03 6.41418E-01 2.48097E+02 
2.69856E+02 1.65705E-03 6.18451E-01 2.41986E+02 
2.77352E+02 1.57233E-03 5.95272E-01 2.35644E+02 
2.84848E+02 1.48938E-03 5.71955E-01 2.29089E+02 
2.92344E+02 1.40835E-03 5.48572E-01 2.22341E+02 
2.99840E+02 1.32940E-03 5.25197E-01 2.15420E+02 
3.07336E+02 1.25266E-03 5.01902E-01 2.08348E+02 
3.14832E+02 1.17825E-03 4.78755E-01 2.01147E+02 
3.22328E+02 1.10628E-03 4.55826E-01 1.93843E+02 
3.29824E+02 1.03681E-03 4.33178E-01 1.86458E+02 
3.37320E+02 9.69944E-04 4.10874E-01 1.79018E+02 
3.44816E+02 9.05720E-04 3.88971E-01 1.71548E+02 
3.52312E+02 8.44184E-04 3.67523E-01 1.64072E+02 
3.59808E+02 7.85362E-04 3.46580E-01 1.56616E+02 
3.67305E+02 7.29267E-04 3.26189E-01 1.49202E+02 
3.74801E+02 6.75899E-04 3.06388E-01 1.41856E+02 
3.82297E+02 6.25245E-04 2.87214E-01 1.34598E+02 
3.89793E+02 5.77278E-04 2.68699E-01 1.27451E+02 
3.97289E+02 5.31963E-04 2.50867E-01 1.20434E+02 
4.04785E+02 4.89254E-04 2.33741E-01 1.13566E+02 
4.12281E+02 4.49095E-04 2.17336E-01 1.06864E+02 
4.19777E+02 4.11421E-04 2.01664E-01 1.00345E+02 
4.27273E+02 3.76161E-04 1.86732E-01 9.40212E+01 
4.34769E+02 3.43238E-04 1.72543E-01 8.79059E+01 
4.42265E+02 3.12567E-04 1.59095E-01 8.20092E+01 
4.49761E+02 2.84063E-04 1.46383E-01 7.63398E+01 
4.57257E+02 2.57632E-04 1.34398E-01 7.09049E+01 
4.64753E+02 2.33182E-04 1.23127E-01 6.57097E+01 
4.72249E+02 2.10617E-04 1.12557E-01 6.07577E+01 
4.79745E+02 1.89839E-04 1.02668E-01 5.60509E+01 
4.87241E+02 1.70752E-04 9.34400E-02 5.15899E+01 
4.94737E+02 1.53258E-04 8.48518E-02 4.73736E+01 
5.02233E+02 1.37263E-04 7.68791E-02 4.33997E+01 
5.09729E+02 1.22670E-04 6.94967E-02 3.96647E+01 
5.17225E+02 1.09390E-04 6.26782E-02 3.61639E+01 
5.24721E+02 9.73305E-05 5.63964E-02 3.28916E+01 
5.32217E+02 8.64059E-05 5.06237E-02 2.98412E+01 
5.39713E+02 7.65322E-05 4.53324E-02 2.70056E+01 
5.47209E+02 6.76289E-05 4.04944E-02 2.43766E+01 
5.54705E+02 5.96193E-05 3.60820E-02 2.19458E+01 
5.62201E+02 5.24305E-05 3.20679E-02 1.97043E+01 
5.69697E+02 4.59932E-05 2.84251E-02 1.76429E+01 
5.77193E+02 4.02423E-05 2.51277E-02 1.57523E+01 
5.84689E+02 3.51165E-05 2.21503E-02 1.40227E+01 
5.92185E+02 3.05585E-05 1.94685E-02 1.24449E+01 
5.99681E+02 2.65147E-05 1.70590E-02 1.10091E+01 
6.07177E+02 2.29355E-05 1.48995E-02 9.70617E+00 
6.14673E+02 1.97749E-05 1.29688E-02 8.52682E+00 
6.22169E+02 1.69903E-05 1.12470E-02 7.46214E+00 
6.29665E+02 1.45428E-05 9.71527E-03 6.50350E+00 
6.37161E+02 1.23964E-05 8.35593E-03 5.64258E+00 
6.44657E+02 1.05186E-05 7.15259E-03 4.87143E+00 
6.52153E+02 8.87953E-06 6.08993E-03 4.18248E+00 
6.59649E+02 7.45215E-06 5.15383E-03 3.56857E+00 
6.67145E+02 6.21199E-06 4.33122E-03 3.02292E+00 
6.74641E+02 5.13701E-06 3.61012E-03 2.53920E+00 
6.82137E+02 4.20737E-06 2.97955E-03 2.11148E+00 
6.89633E+02 3.40528E-06 2.42948E-03 1.73424E+00 
6.97129E+02 2.71484E-06 1.95081E-03 1.40239E+00 
7.04625E+02 2.12190E-06 1.53529E-03 1.11119E+00 
7.12121E+02 1.61386E-06 1.17546E-03 8.56331E-01 
7.19617E+02 1.17958E-06 8.64615E-04 6.33836E-01 
7.27113E+02 8.09209E-07 5.96738E-04 4.40088E-01 
7.34609E+02 4.94074E-07 3.66450E-04 2.71802E-01 
7.42105E+02 2.26562E-07 1.68958E-04 1.26002E-01 
