100 2 
0.00000E+00 3.91632E-03 1.00580E+00 3.20892E+02 
7.57104E+00 3.91392E-03 1.00579E+00 3.20892E+02 
1.51421E+01 3.90675E-03 1.00570E+00 3.20891E+02 
2.27131E+01 3.89482E-03 1.00547E+00 3.20886E+02 
3.02842E+01 3.87817E-03 1.00503E+00 3.20874E+02 
3.78552E+01 3.85683E-03 1.00430E+00 3.20849E+02 
4.54262E+01 3.83087E-03 1.00321E+00 3.20804E+02 
5.29973E+01 3.80035E-03 1.00171E+00 3.20730E+02 
6.05683E+01 3.76536E-03 9.99721E-01 3.20616E+02 
6.81394E+01 3.72599E-03 9.97184E-01 3.20453E+02 
7.57104E+01 3.68235E-03 9.94043E-01 3.20226E+02 
8.32814E+01 3.63457E-03 9.90242E-01 3.19924E+02 
9.08525E+01 3.58277E-03 9.85730E-01 3.19530E+02 
9.84235E+01 3.52711E-03 9.80460E-01 3.19031E+02 
1.05995E+02 3.46774E-03 9.74389E-01 3.18410E+02 
1.13566E+02 3.40482E-03 9.67480E-01 3.17651E+02 
1.21137E+02 3.33855E-03 9.59700E-01 3.16738E+02 
1.28708E+02 3.26910E-03 9.51023E-01 3.15653E+02 
1.36279E+02 3.19669E-03 9.41427E-01 3.14381E+02 
1.43850E+02 3.12152E-03 9.30897E-01 3.12906E+02 
1.51421E+02 3.04382E-03 9.19424E-01 3.11211E+02 
1.58992E+02 2.96381E-03 9.07005E-01 3.09283E+02 
1.66563E+02 2.88173E-03 8.93643E-01 3.07107E+02 
1.74134E+02 2.79782E-03 8.79347E-01 3.04672E+02 
1.81705E+02 2.71232E-03 8.64135E-01 3.01964E+02 
1.89276E+02 2.62549E-03 8.48027E-01 2.98976E+02 
1.96847E+02 2.53757E-03 8.31053E-01 2.95699E+02 
2.04418E+02 2.44883E-03 8.13248E-01 2.92126E+02 
2.11989E+02 2.35951E-03 7.94651E-01 2.88253E+02 
2.19560E+02 2.26986E-03 7.75308E-01 2.84079E+02 
2.27131E+02 2.18014E-03 7.55270E-01 2.79603E+02 
2.34702E+02 2.09060E-03 7.34592E-01 2.74828E+02 
2.42273E+02 2.00146E-03 7.13333E-01 2.69758E+02 
2.49844E+02 1.91296E-03 6.91558E-01 2.64399E+02 
2.57415E+02 1.82533E-03 6.69333E-01 2.58762E+02 
2.64986E+02 1.73877E-03 6.46726E-01 2.52857E+02 
2.72557E+02 1.65351E-03 6.23810E-01 2.46698E+02 
2.80128E+02 1.56972E-03 6.00657E-01 2.40299E+02 
2.87700E+02 1.48759E-03 5.77340E-01 2.33679E+02 
2.95271E+02 1.40729E-03 5.53934E-01 2.26857E+02 
3.02842E+02 1.32897E-03 5.30513E-01 2.19853E+02 
3.10413E+02 1.25276E-03 5.07148E-01 2.12688E+02 
3.17984E+02 1.17880E-03 4.83911E-01 2.05387E+02 
3.25555E+02 1.10719E-03 4.60870E-01 1.97974E+02 
3.33126E+02 1.03802E-03 4.38093E-01 1.90472E+02 
3.40697E+02 9.71382E-04 4.15642E-01 1.82909E+02 
3.48268E+02 9.07326E-04 3.93577E-01 1.75308E+02 
3.55839E+02 8.45903E-04 3.71955E-01 1.67696E+02 
3.63410E+02 7.87148E-04 3.50827E-01 1.60098E+02 
3.70981E+02 7.31079E-04 3.30240E-01 1.52539E+02 
3.78552E+02 6.77701E-04 3.10237E-01 1.45043E+02 
3.86123E+02 6.27006E-04 2.90857E-01 1.37634E+02 
3.93694E+02 5.78975E-04 2.72130E-01 1.30333E+02 
4.01265E+02 5.33576E-04 2.54087E-01 1.23161E+02 
4.08836E+02 4.90767E-04 2.36749E-01 1.16139E+02 
4.16407E+02 4.50496E-04 2.20134E-01 1.09283E+02 
4.23978E+02 4.12703E-04 2.04255E-01 1.02612E+02 
4.31549E+02 3.77319E-04 1.89121E-01 9.61384E+01 
4.39120E+02 3.44271E-04 1.74735E-01 8.98762E+01 
4.46691E+02 3.13476E-04 1.61097E-01 8.38364E+01 
4.54262E+02 2.84850E-04 1.48203E-01 7.80284E+01 
4.61833E+02 2.58302E-04 1.36044E-01 7.24595E+01 
4.69404E+02 2.33740E-04 1.24609E-01 6.71355E+01 
4.76976E+02 2.11070E-04 1.13883E-01 6.20605E+01 
4.84547E+02 1.90195E-04 1.03848E-01 5.72366E+01 
4.92118E+02 1.71019E-04 9.44849E-02 5.26647E+01 
4.99689E+02 1.53445E-04 8.57709E-02 4.83438E+01 
5.07260E+02 1.37378E-04 7.76823E-02 4.42718E+01 
5.14831E+02 1.22723E-04 7.01936E-02 4.04451E+01 
5.22402E+02 1.09387E-04 6.32784E-02 3.68591E+01 
5.29973E+02 9.72812E-05 5.69091E-02 3.35080E+01 
5.37544E+02 8.63173E-05 5.10578E-02 3.03851E+01 
5.45115E+02 7.64114E-05 4.56960E-02 2.74830E+01 
5.52686E+02 6.74825E-05 4.07956E-02 2.47934E+01 
5.60257E+02 5.94533E-05 3.63281E-02 2.23076E+01 
5.67828E+02 5.22503E-05 3.22658E-02 2.00166E+01 
5.75399E+02 4.58037E-05 2.85813E-02 1.79107E+01 
5.82970E+02 4.00477E-05 2.52479E-02 1.59803E+01 
5.90541E+02 3.49206E-05 2.22399E-02 1.42155E+01 
5.98112E+02 3.03643E-05 1.95324E-02 1.26065E+01 
6.05683E+02 2.63250E-05 1.71014E-02 1.11435E+01 
6.13254E+02 2.27525E-05 1.49244E-02 9.81680E+00 
6.20825E+02 1.96002E-05 1.29795E-02 8.61691E+00 
6.28396E+02 1.68254E-05 1.12466E-02 7.53462E+00 
6.35967E+02 1.43886E-05 9.70629E-03 6.56098E+00 
6.43538E+02 1.22537E-05 8.34065E-03 5.68741E+00 
6.51109E+02 1.03877E-05 7.13291E-03 4.90571E+00 
6.58680E+02 8.76062E-06 6.06749E-03 4.20805E+00 
6.66252E+02 7.34521E-06 5.12995E-03 3.58704E+00 
6.73823E+02 6.11686E-06 4.30702E-03 3.03571E+00 
6.81394E+02 5.05335E-06 3.58648E-03 2.54753E+00 
6.88965E+02 4.13475E-06 2.95716E-03 2.11639E+00 
6.96536E+02 3.34319E-06 2.40888E-03 1.73662E+00 
7.04107E+02 2.66272E-06 1.93240E-03 1.40297E+00 
7.11678E+02 2.07912E-06 1.51933E-03 1.11060E+00 
7.19249E+02 1.57980E-06 1.16213E-03 8.55067E-01 
7.26820E+02 1.15358E-06 8.54004E-04 6.32310E-01 
7.34391E+02 7.90634E-07 5.88869E-04 4.38627E-01 
7.41962E+02 4.82293E-07 3.61291E-04 2.70656E-01 
7.49533E+02 2.20963E-07 1.66432E-04 1.25360E-01 
