100 2 
0.00000E+00 3.95271E-03 1.00579E+00 3.18368E+02 
7.53013E+00 3.95026E-03 1.00577E+00 3.18368E+02 
1.50603E+01 3.94291E-03 1.00569E+00 3.18367E+02 
2.25904E+01 3.93068E-03 1.00545E+00 3.18363E+02 
3.01205E+01 3.91361E-03 1.00500E+00 3.18351E+02 
3.76506E+01 3.89175E-03 1.00426E+00 3.18325E+02 
4.51808E+01 3.86515E-03 1.00315E+00 3.18279E+02 
5.27109E+01 3.83389E-03 1.00162E+00 3.18204E+02 
6.02410E+01 3.79807E-03 9.99594E-01 3.18089E+02 
6.77711E+01 3.75777E-03 9.97012E-01 3.17923E+02 
7.53013E+01 3.71313E-03 9.93816E-01 3.17694E+02 
8.28314E+01 3.66427E-03 9.89950E-01 3.17388E+02 
9.03615E+01 3.61132E-03 9.85362E-01 3.16991E+02 
9.78916E+01 3.55445E-03 9.80007E-01 3.16486E+02 
1.05422E+02 3.49382E-03 9.73841E-01 3.15859E+02 
1.12952E+02 3.42960E-03 9.66827E-01 3.15092E+02 
1.20482E+02 3.36200E-03 9.58935E-01 3.14171E+02 
1.28012E+02 3.29121E-03 9.50137E-01 3.13077E+02 
1.35542E+02 3.21743E-03 9.40414E-01 3.11795E+02 
1.43072E+02 3.14090E-03 9.29750E-01 3.10309E+02 
1.50603E+02 3.06184E-03 9.18139E-01 3.08603E+02 
1.58133E+02 2.98048E-03 9.05579E-01 3.06664E+02 
1.65663E+02 2.89707E-03 8.92074E-01 3.04477E+02 
1.73193E+02 2.81186E-03 8.77636E-01 3.02030E+02 
1.80723E+02 2.72510E-03 8.62282E-01 2.99312E+02 
1.88253E+02 2.63704E-03 8.46036E-01 2.96315E+02 
1.95783E+02 2.54795E-03 8.28928E-01 2.93029E+02 
2.03313E+02 2.45808E-03 8.10994E-01 2.89450E+02 
2.10844E+02 2.36769E-03 7.92276E-01 2.85573E+02 
2.18374E+02 2.27703E-03 7.72820E-01 2.81398E+02 
2.25904E+02 2.18636E-03 7.52679E-01 2.76923E+02 
2.33434E+02 2.09592E-03 7.31909E-01 2.72152E+02 
2.40964E+02 2.00596E-03 7.10569E-01 2.67090E+02 
2.48494E+02 1.91670E-03 6.88726E-01 2.61744E+02 
2.56024E+02 1.82837E-03 6.66445E-01 2.56123E+02 
2.63554E+02 1.74119E-03 6.43796E-01 2.50239E+02 
2.71085E+02 1.65535E-03 6.20851E-01 2.44106E+02 
2.78615E+02 1.57106E-03 5.97683E-01 2.37738E+02 
2.86145E+02 1.48848E-03 5.74366E-01 2.31153E+02 
2.93675E+02 1.40778E-03 5.50972E-01 2.24371E+02 
3.01205E+02 1.32912E-03 5.27576E-01 2.17412E+02 
3.08735E+02 1.25262E-03 5.04249E-01 2.10298E+02 
3.16265E+02 1.17842E-03 4.81061E-01 2.03052E+02 
3.23795E+02 1.10661E-03 4.58082E-01 1.95698E+02 
3.31326E+02 1.03728E-03 4.35376E-01 1.88261E+02 
3.38856E+02 9.70520E-04 4.13005E-01 1.80765E+02 
3.46386E+02 9.06375E-04 3.91029E-01 1.73236E+02 
3.53916E+02 8.44893E-04 3.69503E-01 1.65699E+02 
3.61446E+02 7.86104E-04 3.48477E-01 1.58178E+02 
3.68976E+02 7.30024E-04 3.27998E-01 1.50699E+02 
3.76506E+02 6.76655E-04 3.08106E-01 1.43285E+02 
3.84036E+02 6.25985E-04 2.88840E-01 1.35959E+02 
3.91567E+02 5.77992E-04 2.70230E-01 1.28743E+02 
3.99097E+02 5.32642E-04 2.52303E-01 1.21656E+02 
4.06627E+02 4.89891E-04 2.35082E-01 1.14719E+02 
4.14157E+02 4.49684E-04 2.18583E-01 1.07948E+02 
4.21687E+02 4.11959E-04 2.02818E-01 1.01360E+02 
4.29217E+02 3.76646E-04 1.87796E-01 9.49695E+01 
4.36747E+02 3.43668E-04 1.73519E-01 8.87882E+01 
4.44277E+02 3.12944E-04 1.59986E-01 8.28273E+01 
4.51808E+02 2.84387E-04 1.47192E-01 7.70957E+01 
4.59338E+02 2.57906E-04 1.35129E-01 7.16007E+01 
4.66868E+02 2.33408E-04 1.23785E-01 6.63477E+01 
4.74398E+02 2.10797E-04 1.13145E-01 6.13405E+01 
4.81928E+02 1.89977E-04 1.03191E-01 5.65812E+01 
4.89458E+02 1.70852E-04 9.39029E-02 5.20705E+01 
4.96988E+02 1.53324E-04 8.52586E-02 4.78073E+01 
5.04518E+02 1.37297E-04 7.72342E-02 4.37894E+01 
5.12049E+02 1.22678E-04 6.98044E-02 4.00133E+01 
5.19579E+02 1.09374E-04 6.29428E-02 3.64744E+01 
5.27109E+02 9.72951E-05 5.66220E-02 3.31668E+01 
5.34639E+02 8.63540E-05 5.08144E-02 3.00840E+01 
5.42169E+02 7.64668E-05 4.54917E-02 2.72185E+01 
5.49699E+02 6.75530E-05 4.06259E-02 2.45624E+01 
5.57229E+02 5.95356E-05 3.61891E-02 2.21070E+01 
5.64759E+02 5.23412E-05 3.21536E-02 1.98434E+01 
5.72290E+02 4.59005E-05 2.84924E-02 1.77621E+01 
5.79820E+02 4.01480E-05 2.51790E-02 1.58537E+01 
5.87350E+02 3.50223E-05 2.21881E-02 1.41084E+01 
5.94880E+02 3.04657E-05 1.94950E-02 1.25166E+01 
6.02410E+02 2.64245E-05 1.70760E-02 1.10687E+01 
6.09940E+02 2.28488E-05 1.49088E-02 9.75515E+00 
6.17470E+02 1.96924E-05 1.29720E-02 8.56663E+00 
6.25000E+02 1.69127E-05 1.12453E-02 7.49410E+00 
6.32531E+02 1.44704E-05 9.70989E-03 6.52877E+00 
6.40061E+02 1.23295E-05 8.34786E-03 5.66222E+00 
6.47591E+02 1.04574E-05 7.14267E-03 4.88639E+00 
6.55121E+02 8.82396E-06 6.07889E-03 4.19357E+00 
6.62651E+02 7.40224E-06 5.14227E-03 3.57652E+00 
6.70181E+02 6.16764E-06 4.31962E-03 3.02836E+00 
6.77711E+02 5.09805E-06 3.59887E-03 2.54267E+00 
6.85241E+02 4.17358E-06 2.96895E-03 2.11345E+00 
6.92772E+02 3.37641E-06 2.41977E-03 1.73511E+00 
7.00302E+02 2.69062E-06 1.94216E-03 1.40248E+00 
7.07832E+02 2.10203E-06 1.52780E-03 1.11079E+00 
7.15362E+02 1.59805E-06 1.16922E-03 8.55651E-01 
7.22892E+02 1.16751E-06 8.59657E-04 6.33063E-01 
7.30422E+02 8.00590E-07 5.93066E-04 4.39368E-01 
7.37952E+02 4.88610E-07 3.64046E-04 2.71247E-01 
7.45482E+02 2.23965E-07 1.67782E-04 1.25693E-01 
