100 2 
0.00000E+00 3.75373E-03 1.00585E+00 3.32590E+02 
7.75417E+00 3.75161E-03 1.00584E+00 3.32589E+02 
1.55083E+01 3.74525E-03 1.00576E+00 3.32588E+02 
2.32625E+01 3.73467E-03 1.00555E+00 3.32584E+02 
3.10167E+01 3.71988E-03 1.00515E+00 3.32573E+02 
3.87708E+01 3.70092E-03 1.00449E+00 3.32550E+02 
4.65250E+01 3.67782E-03 1.00350E+00 3.32508E+02 
5.42792E+01 3.65063E-03 1.00212E+00 3.32438E+02 
6.20333E+01 3.61940E-03 1.00031E+00 3.32332E+02 
6.97875E+01 3.58421E-03 9.97985E-01 3.32179E+02 
7.75417E+01 3.54513E-03 9.95103E-01 3.31966E+02 
8.52958E+01 3.50224E-03 9.91609E-01 3.31681E+02 
9.30500E+01 3.45565E-03 9.87451E-01 3.31310E+02 
1.00804E+02 3.40545E-03 9.82583E-01 3.30838E+02 
1.08558E+02 3.35176E-03 9.76961E-01 3.30249E+02 
1.16312E+02 3.29472E-03 9.70545E-01 3.29527E+02 
1.24067E+02 3.23446E-03 9.63301E-01 3.28655E+02 
1.31821E+02 3.17113E-03 9.55196E-01 3.27618E+02 
1.39575E+02 3.10489E-03 9.46206E-01 3.26397E+02 
1.47329E+02 3.03592E-03 9.36310E-01 3.24977E+02 
1.55083E+02 2.96439E-03 9.25493E-01 3.23341E+02 
1.62837E+02 2.89050E-03 9.13746E-01 3.21473E+02 
1.70592E+02 2.81444E-03 9.01065E-01 3.19358E+02 
1.78346E+02 2.73643E-03 8.87453E-01 3.16983E+02 
1.86100E+02 2.65668E-03 8.72919E-01 3.14334E+02 
1.93854E+02 2.57541E-03 8.57478E-01 3.11400E+02 
2.01608E+02 2.49284E-03 8.41152E-01 3.08171E+02 
2.09362E+02 2.40922E-03 8.23968E-01 3.04639E+02 
2.17117E+02 2.32477E-03 8.05959E-01 3.00799E+02 
2.24871E+02 2.23973E-03 7.87165E-01 2.96645E+02 
2.32625E+02 2.15433E-03 7.67632E-01 2.92176E+02 
2.40379E+02 2.06882E-03 7.47409E-01 2.87393E+02 
2.48133E+02 1.98343E-03 7.26551E-01 2.82298E+02 
2.55887E+02 1.89838E-03 7.05118E-01 2.76896E+02 
2.63642E+02 1.81390E-03 6.83174E-01 2.71196E+02 
2.71396E+02 1.73021E-03 6.60786E-01 2.65206E+02 
2.79150E+02 1.64752E-03 6.38022E-01 2.58940E+02 
2.86904E+02 1.56602E-03 6.14957E-01 2.52411E+02 
2.94658E+02 1.48590E-03 5.91663E-01 2.45638E+02 
3.02412E+02 1.40736E-03 5.68214E-01 2.38638E+02 
3.10167E+02 1.33054E-03 5.44687E-01 2.31432E+02 
3.17921E+02 1.25561E-03 5.21157E-01 2.24042E+02 
3.25675E+02 1.18270E-03 4.97696E-01 2.16492E+02 
3.33429E+02 1.11194E-03 4.74378E-01 2.08808E+02 
3.41183E+02 1.04343E-03 4.51273E-01 2.01014E+02 
3.48937E+02 9.77283E-04 4.28448E-01 1.93139E+02 
3.56692E+02 9.13564E-04 4.05969E-01 1.85208E+02 
3.64446E+02 8.52342E-04 3.83895E-01 1.77249E+02 
3.72200E+02 7.93665E-04 3.62285E-01 1.69290E+02 
3.79954E+02 7.37570E-04 3.41191E-01 1.61357E+02 
3.87708E+02 6.84076E-04 3.20660E-01 1.53477E+02 
3.95462E+02 6.33190E-04 3.00735E-01 1.45676E+02 
4.03217E+02 5.84905E-04 2.81455E-01 1.37977E+02 
4.10971E+02 5.39202E-04 2.62851E-01 1.30404E+02 
4.18725E+02 4.96052E-04 2.44952E-01 1.22979E+02 
4.26479E+02 4.55413E-04 2.27780E-01 1.15722E+02 
4.34233E+02 4.17234E-04 2.11351E-01 1.08652E+02 
4.41987E+02 3.81456E-04 1.95677E-01 1.01786E+02 
4.49742E+02 3.48010E-04 1.80767E-01 9.51384E+01 
4.57496E+02 3.16823E-04 1.66621E-01 8.87221E+01 
4.65250E+02 2.87814E-04 1.53238E-01 8.25483E+01 
4.73004E+02 2.60898E-04 1.40613E-01 7.66257E+01 
4.80758E+02 2.35986E-04 1.28734E-01 7.09615E+01 
4.88512E+02 2.12987E-04 1.17589E-01 6.55606E+01 
4.96267E+02 1.91805E-04 1.07160E-01 6.04262E+01 
5.04021E+02 1.72346E-04 9.74292E-02 5.55597E+01 
5.11775E+02 1.54515E-04 8.83736E-02 5.09608E+01 
5.19529E+02 1.38215E-04 7.99694E-02 4.66275E+01 
5.27283E+02 1.23352E-04 7.21909E-02 4.25566E+01 
5.35037E+02 1.09833E-04 6.50109E-02 3.87433E+01 
5.42792E+02 9.75664E-05 5.84013E-02 3.51816E+01 
5.50546E+02 8.64646E-05 5.23331E-02 3.18647E+01 
5.58300E+02 7.64418E-05 4.67768E-02 2.87845E+01 
5.66054E+02 6.74155E-05 4.17030E-02 2.59324E+01 
5.73808E+02 5.93067E-05 3.70822E-02 2.32991E+01 
5.81562E+02 5.20402E-05 3.28849E-02 2.08747E+01 
5.89317E+02 4.55447E-05 2.90827E-02 1.86490E+01 
5.97071E+02 3.97529E-05 2.56475E-02 1.66115E+01 
6.04825E+02 3.46013E-05 2.25520E-02 1.47515E+01 
6.12579E+02 3.00305E-05 1.97701E-02 1.30583E+01 
6.20333E+02 2.59851E-05 1.72766E-02 1.15213E+01 
6.28087E+02 2.24136E-05 1.50475E-02 1.01301E+01 
6.35842E+02 1.92682E-05 1.30601E-02 8.87423E+00 
6.43596E+02 1.65051E-05 1.12927E-02 7.74373E+00 
6.51350E+02 1.40838E-05 9.72514E-03 6.72891E+00 
6.59104E+02 1.19672E-05 8.33850E-03 5.82046E+00 
6.66858E+02 1.01217E-05 7.11510E-03 5.00947E+00 
6.74612E+02 8.51639E-06 6.03853E-03 4.28747E+00 
6.82367E+02 7.12361E-06 5.09367E-03 3.64647E+00 
6.90121E+02 5.91817E-06 4.26656E-03 3.07894E+00 
6.97875E+02 4.87747E-06 3.54442E-03 2.57784E+00 
7.05629E+02 3.98121E-06 2.91556E-03 2.13659E+00 
7.13383E+02 3.21128E-06 2.36936E-03 1.74911E+00 
7.21137E+02 2.55150E-06 1.89619E-03 1.40977E+00 
7.28892E+02 1.98752E-06 1.48736E-03 1.11340E+00 
7.36646E+02 1.50662E-06 1.13502E-03 8.55251E-01 
7.44400E+02 1.09759E-06 8.32162E-04 6.31009E-01 
7.52154E+02 7.50541E-07 5.72511E-04 4.36744E-01 
7.59908E+02 4.56816E-07 3.50478E-04 2.68903E-01 
7.67662E+02 2.08836E-07 1.61102E-04 1.24280E-01 
