100 2 
0.00000E+00 3.74167E-03 1.00585E+00 3.33487E+02 
7.76781E+00 3.73957E-03 1.00584E+00 3.33486E+02 
1.55356E+01 3.73327E-03 1.00577E+00 3.33486E+02 
2.33034E+01 3.72279E-03 1.00556E+00 3.33481E+02 
3.10712E+01 3.70814E-03 1.00516E+00 3.33470E+02 
3.88391E+01 3.68935E-03 1.00450E+00 3.33447E+02 
4.66069E+01 3.66647E-03 1.00352E+00 3.33405E+02 
5.43747E+01 3.63953E-03 1.00216E+00 3.33336E+02 
6.21425E+01 3.60858E-03 1.00035E+00 3.33230E+02 
6.99103E+01 3.57370E-03 9.98046E-01 3.33078E+02 
7.76781E+01 3.53496E-03 9.95184E-01 3.32866E+02 
8.54459E+01 3.49244E-03 9.91714E-01 3.32583E+02 
9.32137E+01 3.44623E-03 9.87584E-01 3.32213E+02 
1.00982E+02 3.39644E-03 9.82747E-01 3.31743E+02 
1.08749E+02 3.34318E-03 9.77159E-01 3.31157E+02 
1.16517E+02 3.28658E-03 9.70782E-01 3.30438E+02 
1.24285E+02 3.22676E-03 9.63578E-01 3.29570E+02 
1.32053E+02 3.16389E-03 9.55518E-01 3.28537E+02 
1.39821E+02 3.09812E-03 9.46576E-01 3.27320E+02 
1.47588E+02 3.02961E-03 9.36729E-01 3.25905E+02 
1.55356E+02 2.95855E-03 9.25963E-01 3.24273E+02 
1.63124E+02 2.88512E-03 9.14268E-01 3.22411E+02 
1.70892E+02 2.80951E-03 9.01640E-01 3.20301E+02 
1.78660E+02 2.73194E-03 8.88082E-01 3.17931E+02 
1.86427E+02 2.65262E-03 8.73601E-01 3.15287E+02 
1.94195E+02 2.57177E-03 8.58213E-01 3.12358E+02 
2.01963E+02 2.48961E-03 8.41938E-01 3.09133E+02 
2.09731E+02 2.40637E-03 8.24802E-01 3.05606E+02 
2.17499E+02 2.32228E-03 8.06841E-01 3.01768E+02 
2.25267E+02 2.23759E-03 7.88091E-01 2.97617E+02 
2.33034E+02 2.15252E-03 7.68597E-01 2.93149E+02 
2.40802E+02 2.06732E-03 7.48411E-01 2.88366E+02 
2.48570E+02 1.98221E-03 7.27585E-01 2.83270E+02 
2.56338E+02 1.89742E-03 7.06181E-01 2.77866E+02 
2.64106E+02 1.81318E-03 6.84260E-01 2.72162E+02 
2.71873E+02 1.72970E-03 6.61889E-01 2.66166E+02 
2.79641E+02 1.64720E-03 6.39139E-01 2.59893E+02 
2.87409E+02 1.56587E-03 6.16082E-01 2.53355E+02 
2.95177E+02 1.48591E-03 5.92790E-01 2.46570E+02 
3.02945E+02 1.40749E-03 5.69340E-01 2.39557E+02 
3.10712E+02 1.33079E-03 5.45806E-01 2.32336E+02 
3.18480E+02 1.25595E-03 5.22263E-01 2.24930E+02 
3.26248E+02 1.18312E-03 4.98786E-01 2.17362E+02 
3.34016E+02 1.11242E-03 4.75447E-01 2.09657E+02 
3.41784E+02 1.04396E-03 4.52317E-01 2.01841E+02 
3.49552E+02 9.77843E-04 4.29464E-01 1.93942E+02 
3.57319E+02 9.14146E-04 4.06953E-01 1.85986E+02 
3.65087E+02 8.52935E-04 3.84845E-01 1.78001E+02 
3.72855E+02 7.94261E-04 3.63197E-01 1.70014E+02 
3.80623E+02 7.38159E-04 3.42063E-01 1.62052E+02 
3.88391E+02 6.84652E-04 3.21491E-01 1.54142E+02 
3.96158E+02 6.33747E-04 3.01524E-01 1.46310E+02 
4.03926E+02 5.85438E-04 2.82200E-01 1.38580E+02 
4.11694E+02 5.39708E-04 2.63553E-01 1.30976E+02 
4.19462E+02 4.96528E-04 2.45610E-01 1.23520E+02 
4.27230E+02 4.55857E-04 2.28393E-01 1.16232E+02 
4.34997E+02 4.17644E-04 2.11921E-01 1.09131E+02 
4.42765E+02 3.81832E-04 1.96205E-01 1.02234E+02 
4.50533E+02 3.48352E-04 1.81253E-01 9.55559E+01 
4.58301E+02 3.17131E-04 1.67067E-01 8.91101E+01 
4.66069E+02 2.88089E-04 1.53646E-01 8.29074E+01 
4.73837E+02 2.61141E-04 1.40983E-01 7.69570E+01 
4.81604E+02 2.36200E-04 1.29069E-01 7.12660E+01 
4.89372E+02 2.13171E-04 1.17890E-01 6.58393E+01 
4.97140E+02 1.91963E-04 1.07430E-01 6.06804E+01 
5.04908E+02 1.72480E-04 9.76699E-02 5.57906E+01 
5.12676E+02 1.54626E-04 8.85869E-02 5.11697E+01 
5.20443E+02 1.38306E-04 8.01574E-02 4.68158E+01 
5.28211E+02 1.23424E-04 7.23556E-02 4.27255E+01 
5.35979E+02 1.09889E-04 6.51544E-02 3.88941E+01 
5.43747E+02 9.76086E-05 5.85254E-02 3.53158E+01 
5.51515E+02 8.64944E-05 5.24397E-02 3.19834E+01 
5.59282E+02 7.64609E-05 4.68677E-02 2.88891E+01 
5.67050E+02 6.74254E-05 4.17799E-02 2.60240E+01 
5.74818E+02 5.93090E-05 3.71465E-02 2.33790E+01 
5.82586E+02 5.20363E-05 3.29383E-02 2.09440E+01 
5.90354E+02 4.55359E-05 2.91265E-02 1.87087E+01 
5.98122E+02 3.97402E-05 2.56829E-02 1.66626E+01 
6.05889E+02 3.45857E-05 2.25802E-02 1.47950E+01 
6.13657E+02 3.00128E-05 1.97922E-02 1.30951E+01 
6.21425E+02 2.59660E-05 1.72934E-02 1.15522E+01 
6.29193E+02 2.23938E-05 1.50600E-02 1.01558E+01 
6.36961E+02 1.92483E-05 1.30689E-02 8.89542E+00 
6.44728E+02 1.64854E-05 1.12986E-02 7.76104E+00 
6.52496E+02 1.40647E-05 9.72866E-03 6.74291E+00 
6.60264E+02 1.19490E-05 8.34015E-03 5.83164E+00 
6.68032E+02 1.01045E-05 7.11532E-03 5.01827E+00 
6.75800E+02 8.50052E-06 6.03770E-03 4.29429E+00 
6.83567E+02 7.10908E-06 5.09209E-03 3.65165E+00 
6.91335E+02 5.90506E-06 4.26450E-03 3.08280E+00 
6.99103E+02 4.86579E-06 3.54208E-03 2.58062E+00 
7.06871E+02 3.97097E-06 2.91312E-03 2.13853E+00 
7.14639E+02 3.20244E-06 2.36696E-03 1.75039E+00 
7.22406E+02 2.54402E-06 1.89394E-03 1.41056E+00 
7.30174E+02 1.98134E-06 1.48532E-03 1.11383E+00 
7.37942E+02 1.50167E-06 1.13327E-03 8.55434E-01 
7.45710E+02 1.09379E-06 8.30740E-04 6.31036E-01 
7.53478E+02 7.47816E-07 5.71435E-04 4.36689E-01 
7.61246E+02 4.55081E-07 3.49761E-04 2.68824E-01 
7.69013E+02 2.08010E-07 1.60747E-04 1.24224E-01 
