100 2 
0.00000E+00 3.73824E-03 1.00585E+00 3.33742E+02 
7.77169E+00 3.73615E-03 1.00584E+00 3.33742E+02 
1.55434E+01 3.72987E-03 1.00577E+00 3.33741E+02 
2.33151E+01 3.71941E-03 1.00556E+00 3.33737E+02 
3.10868E+01 3.70480E-03 1.00516E+00 3.33726E+02 
3.88585E+01 3.68607E-03 1.00450E+00 3.33703E+02 
4.66302E+01 3.66324E-03 1.00353E+00 3.33661E+02 
5.44019E+01 3.63637E-03 1.00217E+00 3.33592E+02 
6.21736E+01 3.60551E-03 1.00036E+00 3.33487E+02 
6.99452E+01 3.57072E-03 9.98063E-01 3.33334E+02 
7.77169E+01 3.53207E-03 9.95207E-01 3.33123E+02 
8.54886E+01 3.48965E-03 9.91744E-01 3.32840E+02 
9.32603E+01 3.44355E-03 9.87621E-01 3.32471E+02 
1.01032E+02 3.39388E-03 9.82793E-01 3.32002E+02 
1.08804E+02 3.34074E-03 9.77216E-01 3.31416E+02 
1.16575E+02 3.28426E-03 9.70849E-01 3.30698E+02 
1.24347E+02 3.22458E-03 9.63658E-01 3.29831E+02 
1.32119E+02 3.16184E-03 9.55610E-01 3.28799E+02 
1.39890E+02 3.09620E-03 9.46681E-01 3.27584E+02 
1.47662E+02 3.02782E-03 9.36848E-01 3.26169E+02 
1.55434E+02 2.95689E-03 9.26097E-01 3.24539E+02 
1.63206E+02 2.88359E-03 9.14417E-01 3.22678E+02 
1.70977E+02 2.80811E-03 9.01805E-01 3.20570E+02 
1.78749E+02 2.73067E-03 8.88262E-01 3.18201E+02 
1.86521E+02 2.65147E-03 8.73796E-01 3.15559E+02 
1.94292E+02 2.57074E-03 8.58423E-01 3.12631E+02 
2.02064E+02 2.48869E-03 8.42162E-01 3.09408E+02 
2.09836E+02 2.40556E-03 8.25041E-01 3.05881E+02 
2.17607E+02 2.32158E-03 8.07092E-01 3.02045E+02 
2.25379E+02 2.23699E-03 7.88355E-01 2.97894E+02 
2.33151E+02 2.15201E-03 7.68873E-01 2.93427E+02 
2.40923E+02 2.06689E-03 7.48697E-01 2.88644E+02 
2.48694E+02 1.98186E-03 7.27881E-01 2.83548E+02 
2.56466E+02 1.89715E-03 7.06484E-01 2.78143E+02 
2.64238E+02 1.81297E-03 6.84570E-01 2.72437E+02 
2.72009E+02 1.72956E-03 6.62205E-01 2.66440E+02 
2.79781E+02 1.64711E-03 6.39458E-01 2.60165E+02 
2.87553E+02 1.56583E-03 6.16403E-01 2.53624E+02 
2.95324E+02 1.48591E-03 5.93113E-01 2.46837E+02 
3.03096E+02 1.40753E-03 5.69662E-01 2.39820E+02 
3.10868E+02 1.33086E-03 5.46126E-01 2.32595E+02 
3.18639E+02 1.25605E-03 5.22580E-01 2.25183E+02 
3.26411E+02 1.18324E-03 4.99098E-01 2.17610E+02 
3.34183E+02 1.11256E-03 4.75753E-01 2.09899E+02 
3.41955E+02 1.04411E-03 4.52616E-01 2.02077E+02 
3.49726E+02 9.78005E-04 4.29754E-01 1.94171E+02 
3.57498E+02 9.14314E-04 4.07234E-01 1.86208E+02 
3.65270E+02 8.53106E-04 3.85116E-01 1.78215E+02 
3.73041E+02 7.94432E-04 3.63458E-01 1.70220E+02 
3.80813E+02 7.38329E-04 3.42313E-01 1.62251E+02 
3.88585E+02 6.84818E-04 3.21729E-01 1.54332E+02 
3.96356E+02 6.33908E-04 3.01750E-01 1.46492E+02 
4.04128E+02 5.85592E-04 2.82414E-01 1.38753E+02 
4.11900E+02 5.39855E-04 2.63754E-01 1.31140E+02 
4.19671E+02 4.96665E-04 2.45798E-01 1.23674E+02 
4.27443E+02 4.55985E-04 2.28569E-01 1.16377E+02 
4.35215E+02 4.17763E-04 2.12084E-01 1.09268E+02 
4.42987E+02 3.81940E-04 1.96356E-01 1.02362E+02 
4.50758E+02 3.48451E-04 1.81392E-01 9.56753E+01 
4.58530E+02 3.17220E-04 1.67195E-01 8.92211E+01 
4.66302E+02 2.88169E-04 1.53762E-01 8.30102E+01 
4.74073E+02 2.61212E-04 1.41089E-01 7.70518E+01 
4.81845E+02 2.36261E-04 1.29165E-01 7.13531E+01 
4.89617E+02 2.13225E-04 1.17977E-01 6.59191E+01 
4.97388E+02 1.92009E-04 1.07508E-01 6.07532E+01 
5.05160E+02 1.72519E-04 9.77389E-02 5.58567E+01 
5.12932E+02 1.54659E-04 8.86481E-02 5.12295E+01 
5.20703E+02 1.38332E-04 8.02113E-02 4.68697E+01 
5.28475E+02 1.23446E-04 7.24028E-02 4.27738E+01 
5.36247E+02 1.09906E-04 6.51955E-02 3.89373E+01 
5.44019E+02 9.76212E-05 5.85610E-02 3.53542E+01 
5.51790E+02 8.65034E-05 5.24703E-02 3.20174E+01 
5.59562E+02 7.64668E-05 4.68938E-02 2.89190E+01 
5.67334E+02 6.74286E-05 4.18019E-02 2.60503E+01 
5.75105E+02 5.93100E-05 3.71650E-02 2.34019E+01 
5.82877E+02 5.20355E-05 3.29536E-02 2.09638E+01 
5.90649E+02 4.55336E-05 2.91391E-02 1.87258E+01 
5.98420E+02 3.97368E-05 2.56931E-02 1.66772E+01 
6.06192E+02 3.45814E-05 2.25883E-02 1.48075E+01 
6.13964E+02 3.00079E-05 1.97985E-02 1.31056E+01 
6.21736E+02 2.59607E-05 1.72983E-02 1.15611E+01 
6.29507E+02 2.23883E-05 1.50636E-02 1.01632E+01 
6.37279E+02 1.92427E-05 1.30715E-02 8.90150E+00 
6.45051E+02 1.64799E-05 1.13003E-02 7.76602E+00 
6.52822E+02 1.40593E-05 9.72970E-03 6.74693E+00 
6.60594E+02 1.19439E-05 8.34067E-03 5.83485E+00 
6.68366E+02 1.00997E-05 7.11543E-03 5.02080E+00 
6.76137E+02 8.49606E-06 6.03750E-03 4.29625E+00 
6.83909E+02 7.10500E-06 5.09167E-03 3.65315E+00 
6.91681E+02 5.90136E-06 4.26393E-03 3.08390E+00 
6.99452E+02 4.86249E-06 3.54143E-03 2.58142E+00 
7.07224E+02 3.96807E-06 2.91244E-03 2.13908E+00 
7.14996E+02 3.19994E-06 2.36629E-03 1.75076E+00 
7.22768E+02 2.54191E-06 1.89331E-03 1.41079E+00 
7.30539E+02 1.97959E-06 1.48476E-03 1.11395E+00 
7.38311E+02 1.50028E-06 1.13278E-03 8.55489E-01 
7.46083E+02 1.09272E-06 8.30338E-04 6.31046E-01 
7.53854E+02 7.47047E-07 5.71133E-04 4.36676E-01 
7.61626E+02 4.54591E-07 3.49559E-04 2.68803E-01 
7.69398E+02 2.07777E-07 1.60647E-04 1.24209E-01 
