100 2 
0.00000E+00 3.85441E-03 1.00582E+00 3.25262E+02 
7.64065E+00 3.85212E-03 1.00581E+00 3.25262E+02 
1.52813E+01 3.84526E-03 1.00573E+00 3.25261E+02 
2.29219E+01 3.83384E-03 1.00550E+00 3.25257E+02 
3.05626E+01 3.81789E-03 1.00508E+00 3.25245E+02 
3.82032E+01 3.79745E-03 1.00437E+00 3.25220E+02 
4.58439E+01 3.77257E-03 1.00332E+00 3.25176E+02 
5.34845E+01 3.74332E-03 1.00187E+00 3.25104E+02 
6.11252E+01 3.70976E-03 9.99940E-01 3.24993E+02 
6.87658E+01 3.67197E-03 9.97483E-01 3.24833E+02 
7.64065E+01 3.63006E-03 9.94439E-01 3.24612E+02 
8.40471E+01 3.58414E-03 9.90752E-01 3.24315E+02 
9.16877E+01 3.53431E-03 9.86371E-01 3.23930E+02 
9.93284E+01 3.48071E-03 9.81250E-01 3.23440E+02 
1.06969E+02 3.42349E-03 9.75345E-01 3.22831E+02 
1.14610E+02 3.36280E-03 9.68619E-01 3.22085E+02 
1.22250E+02 3.29880E-03 9.61038E-01 3.21187E+02 
1.29891E+02 3.23167E-03 9.52573E-01 3.20119E+02 
1.37532E+02 3.16160E-03 9.43201E-01 3.18865E+02 
1.45172E+02 3.08877E-03 9.32905E-01 3.17409E+02 
1.52813E+02 3.01340E-03 9.21674E-01 3.15735E+02 
1.60454E+02 2.93571E-03 9.09503E-01 3.13828E+02 
1.68094E+02 2.85590E-03 8.96392E-01 3.11674E+02 
1.75735E+02 2.77422E-03 8.82348E-01 3.09259E+02 
1.83375E+02 2.69089E-03 8.67385E-01 3.06572E+02 
1.91016E+02 2.60615E-03 8.51522E-01 3.03602E+02 
1.98657E+02 2.52026E-03 8.34786E-01 3.00340E+02 
2.06297E+02 2.43345E-03 8.17208E-01 2.96781E+02 
2.13938E+02 2.34596E-03 7.98826E-01 2.92918E+02 
2.21579E+02 2.25806E-03 7.79683E-01 2.88749E+02 
2.29219E+02 2.16997E-03 7.59829E-01 2.84273E+02 
2.36860E+02 2.08195E-03 7.39316E-01 2.79492E+02 
2.44501E+02 1.99422E-03 7.18202E-01 2.74411E+02 
2.52141E+02 1.90702E-03 6.96550E-01 2.69034E+02 
2.59782E+02 1.82058E-03 6.74425E-01 2.63370E+02 
2.67423E+02 1.73511E-03 6.51896E-01 2.57431E+02 
2.75063E+02 1.65082E-03 6.29033E-01 2.51230E+02 
2.82704E+02 1.56790E-03 6.05909E-01 2.44780E+02 
2.90345E+02 1.48654E-03 5.82597E-01 2.38101E+02 
2.97985E+02 1.40690E-03 5.59173E-01 2.31210E+02 
3.05626E+02 1.32916E-03 5.35709E-01 2.24129E+02 
3.13266E+02 1.25344E-03 5.12280E-01 2.16879E+02 
3.20907E+02 1.17988E-03 4.88958E-01 2.09484E+02 
3.28548E+02 1.10860E-03 4.65813E-01 2.01968E+02 
3.36188E+02 1.03970E-03 4.42912E-01 1.94357E+02 
3.43829E+02 9.73250E-04 4.20321E-01 1.86676E+02 
3.51470E+02 9.09333E-04 3.98102E-01 1.78952E+02 
3.59110E+02 8.47998E-04 3.76312E-01 1.71210E+02 
3.66751E+02 7.89286E-04 3.55006E-01 1.63478E+02 
3.74392E+02 7.33220E-04 3.34231E-01 1.55780E+02 
3.82032E+02 6.79812E-04 3.14033E-01 1.48141E+02 
3.89673E+02 6.29059E-04 2.94451E-01 1.40586E+02 
3.97314E+02 5.80946E-04 2.75521E-01 1.33137E+02 
4.04954E+02 5.35446E-04 2.57271E-01 1.25817E+02 
4.12595E+02 4.92523E-04 2.39727E-01 1.18646E+02 
4.20236E+02 4.52127E-04 2.22907E-01 1.11642E+02 
4.27876E+02 4.14202E-04 2.06826E-01 1.04824E+02 
4.35517E+02 3.78684E-04 1.91495E-01 9.82054E+01 
4.43157E+02 3.45498E-04 1.76917E-01 9.18012E+01 
4.50798E+02 3.14568E-04 1.63093E-01 8.56228E+01 
4.58439E+02 2.85810E-04 1.50020E-01 7.96802E+01 
4.66079E+02 2.59136E-04 1.37691E-01 7.39813E+01 
4.73720E+02 2.34453E-04 1.26094E-01 6.85324E+01 
4.81361E+02 2.11670E-04 1.15215E-01 6.33377E+01 
4.89001E+02 1.90689E-04 1.05037E-01 5.84000E+01 
4.96642E+02 1.71416E-04 9.55400E-02 5.37200E+01 
5.04283E+02 1.53755E-04 8.67018E-02 4.92973E+01 
5.11923E+02 1.37608E-04 7.84986E-02 4.51296E+01 
5.19564E+02 1.22882E-04 7.09048E-02 4.12135E+01 
5.27205E+02 1.09485E-04 6.38936E-02 3.75443E+01 
5.34845E+02 9.73250E-05 5.74373E-02 3.41162E+01 
5.42486E+02 8.63155E-05 5.15076E-02 3.09224E+01 
5.50126E+02 7.63713E-05 4.60756E-02 2.79552E+01 
5.57767E+02 6.74109E-05 4.11126E-02 2.52063E+01 
5.65408E+02 5.93566E-05 3.65900E-02 2.26667E+01 
5.73048E+02 5.21341E-05 3.24792E-02 2.03270E+01 
5.80689E+02 4.56730E-05 2.87525E-02 1.81774E+01 
5.88330E+02 3.99072E-05 2.53828E-02 1.62079E+01 
5.95970E+02 3.47741E-05 2.23436E-02 1.44085E+01 
6.03611E+02 3.02154E-05 1.96096E-02 1.27689E+01 
6.11252E+02 2.61764E-05 1.71566E-02 1.12790E+01 
6.18892E+02 2.26067E-05 1.49612E-02 9.92883E+00 
6.26533E+02 1.94592E-05 1.30015E-02 8.70863E+00 
6.34174E+02 1.66907E-05 1.12566E-02 7.60887E+00 
6.41814E+02 1.42615E-05 9.70698E-03 6.62033E+00 
6.49455E+02 1.21351E-05 8.33425E-03 5.73416E+00 
6.57096E+02 1.02782E-05 7.12136E-03 4.94190E+00 
6.64736E+02 8.66058E-06 6.05240E-03 4.23550E+00 
6.72377E+02 7.25481E-06 5.11269E-03 3.60733E+00 
6.80017E+02 6.03609E-06 4.28871E-03 3.05022E+00 
6.87658E+02 4.98208E-06 3.56803E-03 2.55746E+00 
6.95299E+02 4.07269E-06 2.93929E-03 2.12276E+00 
7.02939E+02 3.28999E-06 2.39217E-03 1.74030E+00 
7.10580E+02 2.61795E-06 1.91726E-03 1.40470E+00 
7.18221E+02 2.04231E-06 1.50608E-03 1.11099E+00 
7.25861E+02 1.55043E-06 1.15097E-03 8.54619E-01 
7.33502E+02 1.13113E-06 8.45067E-04 6.31434E-01 
7.41143E+02 7.74574E-07 5.82205E-04 4.37645E-01 
7.48783E+02 4.72097E-07 3.56902E-04 2.69825E-01 
7.56424E+02 2.16114E-07 1.64276E-04 1.24873E-01 
