100 2 
0.00000E+00 3.98661E-03 1.00577E+00 3.16047E+02 
7.49200E+00 3.98410E-03 1.00576E+00 3.16047E+02 
1.49840E+01 3.97658E-03 1.00567E+00 3.16046E+02 
2.24760E+01 3.96408E-03 1.00544E+00 3.16042E+02 
2.99680E+01 3.94662E-03 1.00498E+00 3.16030E+02 
3.74600E+01 3.92427E-03 1.00422E+00 3.16004E+02 
4.49520E+01 3.89709E-03 1.00310E+00 3.15957E+02 
5.24440E+01 3.86515E-03 1.00154E+00 3.15881E+02 
5.99360E+01 3.82855E-03 9.99478E-01 3.15765E+02 
6.74280E+01 3.78740E-03 9.96855E-01 3.15598E+02 
7.49200E+01 3.74182E-03 9.93608E-01 3.15366E+02 
8.24120E+01 3.69195E-03 9.89682E-01 3.15057E+02 
8.99040E+01 3.63794E-03 9.85026E-01 3.14655E+02 
9.73960E+01 3.57995E-03 9.79593E-01 3.14146E+02 
1.04888E+02 3.51816E-03 9.73341E-01 3.13513E+02 
1.12380E+02 3.45274E-03 9.66232E-01 3.12740E+02 
1.19872E+02 3.38391E-03 9.58237E-01 3.11811E+02 
1.27364E+02 3.31187E-03 9.49329E-01 3.10710E+02 
1.34856E+02 3.23683E-03 9.39490E-01 3.09419E+02 
1.42348E+02 3.15904E-03 9.28706E-01 3.07924E+02 
1.49840E+02 3.07872E-03 9.16970E-01 3.06208E+02 
1.57332E+02 2.99611E-03 9.04282E-01 3.04259E+02 
1.64824E+02 2.91148E-03 8.90647E-01 3.02062E+02 
1.72316E+02 2.82507E-03 8.76080E-01 2.99606E+02 
1.79808E+02 2.73714E-03 8.60598E-01 2.96880E+02 
1.87300E+02 2.64795E-03 8.44227E-01 2.93874E+02 
1.94792E+02 2.55777E-03 8.26997E-01 2.90582E+02 
2.02284E+02 2.46686E-03 8.08948E-01 2.86998E+02 
2.09776E+02 2.37547E-03 7.90120E-01 2.83118E+02 
2.17268E+02 2.28388E-03 7.70563E-01 2.78942E+02 
2.24760E+02 2.19233E-03 7.50328E-01 2.74470E+02 
2.32252E+02 2.10107E-03 7.29475E-01 2.69704E+02 
2.39744E+02 2.01034E-03 7.08063E-01 2.64651E+02 
2.47236E+02 1.92037E-03 6.86159E-01 2.59317E+02 
2.54728E+02 1.83140E-03 6.63828E-01 2.53712E+02 
2.62220E+02 1.74363E-03 6.41143E-01 2.47848E+02 
2.69712E+02 1.65726E-03 6.18173E-01 2.41739E+02 
2.77204E+02 1.57249E-03 5.94993E-01 2.35400E+02 
2.84696E+02 1.48949E-03 5.71675E-01 2.28849E+02 
2.92188E+02 1.40843E-03 5.48294E-01 2.22105E+02 
2.99680E+02 1.32945E-03 5.24922E-01 2.15188E+02 
3.07172E+02 1.25268E-03 5.01630E-01 2.08121E+02 
3.14664E+02 1.17824E-03 4.78489E-01 2.00926E+02 
3.22156E+02 1.10624E-03 4.55565E-01 1.93627E+02 
3.29648E+02 1.03677E-03 4.32924E-01 1.86248E+02 
3.37140E+02 9.69886E-04 4.10627E-01 1.78815E+02 
3.44632E+02 9.05652E-04 3.88733E-01 1.71352E+02 
3.52124E+02 8.44109E-04 3.67294E-01 1.63883E+02 
3.59616E+02 7.85283E-04 3.46361E-01 1.56434E+02 
3.67108E+02 7.29186E-04 3.25980E-01 1.49029E+02 
3.74600E+02 6.75818E-04 3.06190E-01 1.41690E+02 
3.82092E+02 6.25164E-04 2.87027E-01 1.34440E+02 
3.89584E+02 5.77201E-04 2.68522E-01 1.27301E+02 
3.97076E+02 5.31890E-04 2.50702E-01 1.20292E+02 
4.04568E+02 4.89185E-04 2.33586E-01 1.13432E+02 
4.12060E+02 4.49031E-04 2.17192E-01 1.06739E+02 
4.19552E+02 4.11363E-04 2.01531E-01 1.00227E+02 
4.27044E+02 3.76109E-04 1.86610E-01 9.39114E+01 
4.34536E+02 3.43191E-04 1.72431E-01 8.78037E+01 
4.42028E+02 3.12527E-04 1.58993E-01 8.19144E+01 
4.49520E+02 2.84028E-04 1.46290E-01 7.62523E+01 
4.57012E+02 2.57604E-04 1.34314E-01 7.08244E+01 
4.64504E+02 2.33159E-04 1.23052E-01 6.56358E+01 
4.71996E+02 2.10598E-04 1.12489E-01 6.06903E+01 
4.79488E+02 1.89825E-04 1.02607E-01 5.59896E+01 
4.86980E+02 1.70742E-04 9.33870E-02 5.15343E+01 
4.94472E+02 1.53253E-04 8.48053E-02 4.73235E+01 
5.01964E+02 1.37260E-04 7.68385E-02 4.33547E+01 
5.09456E+02 1.22671E-04 6.94615E-02 3.96244E+01 
5.16948E+02 1.09393E-04 6.26479E-02 3.61280E+01 
5.24440E+02 9.73362E-05 5.63707E-02 3.28598E+01 
5.31932E+02 8.64134E-05 5.06021E-02 2.98132E+01 
5.39424E+02 7.65411E-05 4.53144E-02 2.69810E+01 
5.46916E+02 6.76389E-05 4.04796E-02 2.43551E+01 
5.54408E+02 5.96301E-05 3.60700E-02 2.19272E+01 
5.61900E+02 5.24418E-05 3.20583E-02 1.96883E+01 
5.69392E+02 4.60048E-05 2.84176E-02 1.76292E+01 
5.76884E+02 4.02540E-05 2.51221E-02 1.57406E+01 
5.84376E+02 3.51281E-05 2.21462E-02 1.40129E+01 
5.91868E+02 3.05699E-05 1.94657E-02 1.24366E+01 
5.99360E+02 2.65258E-05 1.70573E-02 1.10023E+01 
6.06852E+02 2.29461E-05 1.48986E-02 9.70057E+00 
6.14344E+02 1.97849E-05 1.29687E-02 8.52227E+00 
6.21836E+02 1.69997E-05 1.12474E-02 7.45850E+00 
6.29328E+02 1.45515E-05 9.71605E-03 6.50062E+00 
6.36820E+02 1.24045E-05 8.35701E-03 5.64035E+00 
6.44312E+02 1.05260E-05 7.15386E-03 4.86974E+00 
6.51804E+02 8.88623E-06 6.09132E-03 4.18124E+00 
6.59296E+02 7.45815E-06 5.15526E-03 3.56768E+00 
6.66788E+02 6.21732E-06 4.33265E-03 3.02232E+00 
6.74280E+02 5.14169E-06 3.61151E-03 2.53883E+00 
6.81772E+02 4.21143E-06 2.98085E-03 2.11128E+00 
6.89264E+02 3.40874E-06 2.43067E-03 1.73417E+00 
6.96756E+02 2.71775E-06 1.95186E-03 1.40240E+00 
7.04248E+02 2.12428E-06 1.53620E-03 1.11126E+00 
7.11740E+02 1.61576E-06 1.17621E-03 8.56423E-01 
7.19232E+02 1.18103E-06 8.65212E-04 6.33935E-01 
7.26724E+02 8.10241E-07 5.97180E-04 4.40179E-01 
7.34216E+02 4.94729E-07 3.66740E-04 2.71871E-01 
7.41708E+02 2.26872E-07 1.69099E-04 1.26039E-01 
