100 2 
0.00000E+00 3.87952E-03 1.00581E+00 3.23477E+02 
7.61240E+00 3.87719E-03 1.00580E+00 3.23477E+02 
1.52248E+01 3.87020E-03 1.00572E+00 3.23476E+02 
2.28372E+01 3.85858E-03 1.00549E+00 3.23472E+02 
3.04496E+01 3.84234E-03 1.00506E+00 3.23460E+02 
3.80620E+01 3.82154E-03 1.00434E+00 3.23435E+02 
4.56744E+01 3.79622E-03 1.00328E+00 3.23390E+02 
5.32868E+01 3.76645E-03 1.00180E+00 3.23317E+02 
6.08992E+01 3.73231E-03 9.99850E-01 3.23205E+02 
6.85116E+01 3.69388E-03 9.97361E-01 3.23044E+02 
7.61240E+01 3.65127E-03 9.94277E-01 3.22820E+02 
8.37364E+01 3.60459E-03 9.90543E-01 3.22522E+02 
9.13488E+01 3.55396E-03 9.86109E-01 3.22133E+02 
9.89612E+01 3.49952E-03 9.80926E-01 3.21639E+02 
1.06574E+02 3.44143E-03 9.74954E-01 3.21025E+02 
1.14186E+02 3.37983E-03 9.68153E-01 3.20274E+02 
1.21798E+02 3.31490E-03 9.60490E-01 3.19369E+02 
1.29411E+02 3.24683E-03 9.51938E-01 3.18294E+02 
1.37023E+02 3.17581E-03 9.42474E-01 3.17033E+02 
1.44636E+02 3.10203E-03 9.32082E-01 3.15569E+02 
1.52248E+02 3.02571E-03 9.20752E-01 3.13886E+02 
1.59860E+02 2.94707E-03 9.08479E-01 3.11971E+02 
1.67473E+02 2.86634E-03 8.95265E-01 3.09807E+02 
1.75085E+02 2.78375E-03 8.81117E-01 3.07384E+02 
1.82698E+02 2.69954E-03 8.66052E-01 3.04688E+02 
1.90310E+02 2.61395E-03 8.50088E-01 3.01710E+02 
1.97922E+02 2.52723E-03 8.33254E-01 2.98442E+02 
2.05535E+02 2.43963E-03 8.15583E-01 2.94876E+02 
2.13147E+02 2.35140E-03 7.97112E-01 2.91009E+02 
2.20760E+02 2.26279E-03 7.77887E-01 2.86838E+02 
2.28372E+02 2.17404E-03 7.57957E-01 2.82362E+02 
2.35984E+02 2.08539E-03 7.37375E-01 2.77583E+02 
2.43597E+02 1.99709E-03 7.16202E-01 2.72505E+02 
2.51209E+02 1.90937E-03 6.94499E-01 2.67136E+02 
2.58822E+02 1.82244E-03 6.72332E-01 2.61482E+02 
2.66434E+02 1.73653E-03 6.49771E-01 2.55557E+02 
2.74046E+02 1.65185E-03 6.26886E-01 2.49372E+02 
2.81659E+02 1.56857E-03 6.03749E-01 2.42944E+02 
2.89271E+02 1.48690E-03 5.80435E-01 2.36288E+02 
2.96884E+02 1.40699E-03 5.57018E-01 2.29425E+02 
3.04496E+02 1.32901E-03 5.33571E-01 2.22375E+02 
3.12108E+02 1.25310E-03 5.10168E-01 2.15160E+02 
3.19721E+02 1.17938E-03 4.86880E-01 2.07803E+02 
3.27333E+02 1.10797E-03 4.63777E-01 2.00329E+02 
3.34946E+02 1.03896E-03 4.40927E-01 1.92762E+02 
3.42558E+02 9.72433E-04 4.18394E-01 1.85129E+02 
3.50170E+02 9.08461E-04 3.96238E-01 1.77455E+02 
3.57783E+02 8.47093E-04 3.74516E-01 1.69767E+02 
3.65395E+02 7.88365E-04 3.53283E-01 1.62089E+02 
3.73008E+02 7.32300E-04 3.32585E-01 1.54448E+02 
3.80620E+02 6.78906E-04 3.12467E-01 1.46868E+02 
3.88232E+02 6.28179E-04 2.92968E-01 1.39372E+02 
3.95845E+02 5.80102E-04 2.74122E-01 1.31984E+02 
4.03457E+02 5.34646E-04 2.55957E-01 1.24725E+02 
4.11070E+02 4.91771E-04 2.38497E-01 1.17615E+02 
4.18682E+02 4.51428E-04 2.21761E-01 1.10672E+02 
4.26294E+02 4.13559E-04 2.05764E-01 1.03914E+02 
4.33907E+02 3.78098E-04 1.90513E-01 9.73547E+01 
4.41519E+02 3.44970E-04 1.76014E-01 9.10088E+01 
4.49132E+02 3.14097E-04 1.62267E-01 8.48874E+01 
4.56744E+02 2.85395E-04 1.49268E-01 7.90001E+01 
4.64356E+02 2.58773E-04 1.37009E-01 7.33546E+01 
4.71969E+02 2.34142E-04 1.25479E-01 6.79570E+01 
4.79581E+02 2.11406E-04 1.14663E-01 6.28115E+01 
4.87194E+02 1.90471E-04 1.04544E-01 5.79206E+01 
4.94806E+02 1.71239E-04 9.51021E-02 5.32851E+01 
5.02418E+02 1.53614E-04 8.63152E-02 4.89042E+01 
5.10031E+02 1.37501E-04 7.81593E-02 4.47759E+01 
5.17643E+02 1.22805E-04 7.06090E-02 4.08966E+01 
5.25256E+02 1.09434E-04 6.36374E-02 3.72617E+01 
5.32868E+02 9.72972E-05 5.72170E-02 3.38652E+01 
5.40480E+02 8.63073E-05 5.13197E-02 3.07006E+01 
5.48093E+02 7.63795E-05 4.59168E-02 2.77602E+01 
5.55705E+02 6.74328E-05 4.09797E-02 2.50357E+01 
5.63318E+02 5.93895E-05 3.64799E-02 2.25183E+01 
5.70930E+02 5.21756E-05 3.23893E-02 2.01986E+01 
5.78542E+02 4.57210E-05 2.86801E-02 1.80671E+01 
5.86155E+02 3.99598E-05 2.53254E-02 1.61137E+01 
5.93767E+02 3.48296E-05 2.22992E-02 1.43286E+01 
6.01380E+02 3.02724E-05 1.95763E-02 1.27016E+01 
6.08992E+02 2.62337E-05 1.71324E-02 1.12228E+01 
6.16604E+02 2.26632E-05 1.49447E-02 9.88230E+00 
6.24217E+02 1.95141E-05 1.29913E-02 8.67049E+00 
6.31829E+02 1.67434E-05 1.12514E-02 7.57794E+00 
6.39442E+02 1.43113E-05 9.70568E-03 6.59556E+00 
6.47054E+02 1.21817E-05 8.33599E-03 5.71461E+00 
6.54666E+02 1.03213E-05 7.12530E-03 4.92672E+00 
6.62279E+02 8.70005E-06 6.05789E-03 4.22394E+00 
6.69891E+02 7.29053E-06 5.11915E-03 3.59874E+00 
6.77504E+02 6.06805E-06 4.29568E-03 3.04404E+00 
6.85116E+02 5.01030E-06 3.57513E-03 2.55318E+00 
6.92728E+02 4.09730E-06 2.94623E-03 2.11997E+00 
7.00341E+02 3.31110E-06 2.39869E-03 1.73864E+00 
7.07953E+02 2.63572E-06 1.92319E-03 1.40386E+00 
7.15566E+02 2.05693E-06 1.51129E-03 1.11073E+00 
7.23178E+02 1.56210E-06 1.15537E-03 8.54719E-01 
7.30790E+02 1.14006E-06 8.48594E-04 6.31730E-01 
7.38403E+02 7.80962E-07 5.84839E-04 4.38002E-01 
7.46015E+02 4.76154E-07 3.58640E-04 2.70137E-01 
7.53628E+02 2.18043E-07 1.65130E-04 1.25058E-01 
