100 2 
0.00000E+00 3.98826E-03 1.00577E+00 3.15935E+02 
7.49014E+00 3.98575E-03 1.00576E+00 3.15935E+02 
1.49803E+01 3.97823E-03 1.00567E+00 3.15934E+02 
2.24704E+01 3.96571E-03 1.00544E+00 3.15929E+02 
2.99606E+01 3.94824E-03 1.00497E+00 3.15917E+02 
3.74507E+01 3.92586E-03 1.00422E+00 3.15891E+02 
4.49408E+01 3.89864E-03 1.00309E+00 3.15845E+02 
5.24310E+01 3.86667E-03 1.00153E+00 3.15768E+02 
5.99211E+01 3.83004E-03 9.99472E-01 3.15652E+02 
6.74112E+01 3.78885E-03 9.96847E-01 3.15485E+02 
7.49014E+01 3.74322E-03 9.93598E-01 3.15253E+02 
8.23915E+01 3.69331E-03 9.89670E-01 3.14944E+02 
8.98817E+01 3.63924E-03 9.85010E-01 3.14542E+02 
9.73718E+01 3.58120E-03 9.79573E-01 3.14032E+02 
1.04862E+02 3.51935E-03 9.73317E-01 3.13399E+02 
1.12352E+02 3.45387E-03 9.66204E-01 3.12626E+02 
1.19842E+02 3.38498E-03 9.58203E-01 3.11697E+02 
1.27332E+02 3.31288E-03 9.49291E-01 3.10595E+02 
1.34822E+02 3.23778E-03 9.39445E-01 3.09304E+02 
1.42313E+02 3.15993E-03 9.28655E-01 3.07808E+02 
1.49803E+02 3.07954E-03 9.16913E-01 3.06092E+02 
1.57293E+02 2.99688E-03 9.04219E-01 3.04143E+02 
1.64783E+02 2.91218E-03 8.90579E-01 3.01945E+02 
1.72273E+02 2.82571E-03 8.76005E-01 2.99489E+02 
1.79763E+02 2.73773E-03 8.60517E-01 2.96762E+02 
1.87253E+02 2.64848E-03 8.44139E-01 2.93756E+02 
1.94744E+02 2.55825E-03 8.26904E-01 2.90464E+02 
2.02234E+02 2.46729E-03 8.08849E-01 2.86879E+02 
2.09724E+02 2.37586E-03 7.90016E-01 2.83000E+02 
2.17214E+02 2.28422E-03 7.70454E-01 2.78823E+02 
2.24704E+02 2.19262E-03 7.50215E-01 2.74351E+02 
2.32194E+02 2.10132E-03 7.29358E-01 2.69586E+02 
2.39684E+02 2.01056E-03 7.07943E-01 2.64533E+02 
2.47175E+02 1.92056E-03 6.86035E-01 2.59199E+02 
2.54665E+02 1.83155E-03 6.63702E-01 2.53596E+02 
2.62155E+02 1.74375E-03 6.41015E-01 2.47733E+02 
2.69645E+02 1.65736E-03 6.18044E-01 2.41625E+02 
2.77135E+02 1.57257E-03 5.94864E-01 2.35287E+02 
2.84625E+02 1.48955E-03 5.71546E-01 2.28738E+02 
2.92115E+02 1.40846E-03 5.48165E-01 2.21995E+02 
2.99606E+02 1.32947E-03 5.24794E-01 2.15081E+02 
3.07096E+02 1.25269E-03 5.01504E-01 2.08016E+02 
3.14586E+02 1.17824E-03 4.78365E-01 2.00823E+02 
3.22076E+02 1.10623E-03 4.55444E-01 1.93527E+02 
3.29566E+02 1.03675E-03 4.32806E-01 1.86151E+02 
3.37056E+02 9.69859E-04 4.10513E-01 1.78721E+02 
3.44546E+02 9.05621E-04 3.88622E-01 1.71261E+02 
3.52037E+02 8.44074E-04 3.67188E-01 1.63796E+02 
3.59527E+02 7.85246E-04 3.46260E-01 1.56350E+02 
3.67017E+02 7.29148E-04 3.25883E-01 1.48948E+02 
3.74507E+02 6.75780E-04 3.06098E-01 1.41613E+02 
3.81997E+02 6.25128E-04 2.86940E-01 1.34367E+02 
3.89487E+02 5.77165E-04 2.68440E-01 1.27231E+02 
3.96977E+02 5.31856E-04 2.50625E-01 1.20226E+02 
4.04467E+02 4.89153E-04 2.33515E-01 1.13370E+02 
4.11958E+02 4.49001E-04 2.17126E-01 1.06680E+02 
4.19448E+02 4.11336E-04 2.01470E-01 1.00173E+02 
4.26938E+02 3.76085E-04 1.86553E-01 9.38605E+01 
4.34428E+02 3.43170E-04 1.72379E-01 8.77563E+01 
4.41918E+02 3.12509E-04 1.58945E-01 8.18705E+01 
4.49408E+02 2.84013E-04 1.46247E-01 7.62118E+01 
4.56898E+02 2.57591E-04 1.34275E-01 7.07871E+01 
4.64389E+02 2.33148E-04 1.23017E-01 6.56016E+01 
4.71879E+02 2.10590E-04 1.12458E-01 6.06590E+01 
4.79369E+02 1.89819E-04 1.02580E-01 5.59612E+01 
4.86859E+02 1.70738E-04 9.33624E-02 5.15086E+01 
4.94349E+02 1.53250E-04 8.47837E-02 4.73002E+01 
5.01839E+02 1.37260E-04 7.68198E-02 4.33338E+01 
5.09329E+02 1.22672E-04 6.94453E-02 3.96058E+01 
5.16820E+02 1.09395E-04 6.26340E-02 3.61114E+01 
5.24310E+02 9.73389E-05 5.63588E-02 3.28451E+01 
5.31800E+02 8.64169E-05 5.05921E-02 2.98002E+01 
5.39290E+02 7.65453E-05 4.53060E-02 2.69696E+01 
5.46780E+02 6.76436E-05 4.04727E-02 2.43452E+01 
5.54270E+02 5.96352E-05 3.60644E-02 2.19186E+01 
5.61760E+02 5.24471E-05 3.20538E-02 1.96809E+01 
5.69251E+02 4.60103E-05 2.84142E-02 1.76229E+01 
5.76741E+02 4.02595E-05 2.51194E-02 1.57352E+01 
5.84231E+02 3.51336E-05 2.21443E-02 1.40084E+01 
5.91721E+02 3.05752E-05 1.94644E-02 1.24328E+01 
5.99211E+02 2.65309E-05 1.70565E-02 1.09991E+01 
6.06701E+02 2.29511E-05 1.48983E-02 9.69798E+00 
6.14191E+02 1.97896E-05 1.29686E-02 8.52016E+00 
6.21682E+02 1.70042E-05 1.12476E-02 7.45681E+00 
6.29172E+02 1.45556E-05 9.71642E-03 6.49929E+00 
6.36662E+02 1.24083E-05 8.35752E-03 5.63932E+00 
6.44152E+02 1.05295E-05 7.15446E-03 4.86897E+00 
6.51642E+02 8.88936E-06 6.09197E-03 4.18067E+00 
6.59132E+02 7.46096E-06 5.15594E-03 3.56728E+00 
6.66622E+02 6.21981E-06 4.33332E-03 3.02205E+00 
6.74112E+02 5.14388E-06 3.61215E-03 2.53866E+00 
6.81603E+02 4.21331E-06 2.98145E-03 2.11119E+00 
6.89093E+02 3.41036E-06 2.43122E-03 1.73413E+00 
6.96583E+02 2.71910E-06 1.95236E-03 1.40240E+00 
7.04073E+02 2.12539E-06 1.53662E-03 1.11129E+00 
7.11563E+02 1.61664E-06 1.17656E-03 8.56467E-01 
7.19053E+02 1.18170E-06 8.65489E-04 6.33981E-01 
7.26543E+02 8.10722E-07 5.97386E-04 4.40222E-01 
7.34034E+02 4.95033E-07 3.66874E-04 2.71903E-01 
7.41524E+02 2.27017E-07 1.69165E-04 1.26057E-01 
