100 2 
0.00000E+00 3.73613E-03 1.00585E+00 3.33900E+02 
7.77409E+00 3.73404E-03 1.00584E+00 3.33900E+02 
1.55482E+01 3.72777E-03 1.00577E+00 3.33899E+02 
2.33223E+01 3.71733E-03 1.00556E+00 3.33895E+02 
3.10964E+01 3.70275E-03 1.00516E+00 3.33884E+02 
3.88704E+01 3.68404E-03 1.00451E+00 3.33861E+02 
4.66445E+01 3.66125E-03 1.00353E+00 3.33819E+02 
5.44186E+01 3.63442E-03 1.00217E+00 3.33750E+02 
6.21927E+01 3.60361E-03 1.00037E+00 3.33645E+02 
6.99668E+01 3.56887E-03 9.98074E-01 3.33493E+02 
7.77409E+01 3.53029E-03 9.95222E-01 3.33282E+02 
8.55150E+01 3.48793E-03 9.91762E-01 3.32999E+02 
9.32891E+01 3.44190E-03 9.87644E-01 3.32630E+02 
1.01063E+02 3.39230E-03 9.82822E-01 3.32161E+02 
1.08837E+02 3.33923E-03 9.77251E-01 3.31576E+02 
1.16611E+02 3.28283E-03 9.70891E-01 3.30858E+02 
1.24385E+02 3.22323E-03 9.63706E-01 3.29992E+02 
1.32159E+02 3.16057E-03 9.55667E-01 3.28960E+02 
1.39934E+02 3.09501E-03 9.46746E-01 3.27746E+02 
1.47708E+02 3.02672E-03 9.36922E-01 3.26333E+02 
1.55482E+02 2.95586E-03 9.26180E-01 3.24704E+02 
1.63256E+02 2.88264E-03 9.14509E-01 3.22843E+02 
1.71030E+02 2.80725E-03 9.01906E-01 3.20736E+02 
1.78804E+02 2.72988E-03 8.88372E-01 3.18368E+02 
1.86578E+02 2.65076E-03 8.73916E-01 3.15727E+02 
1.94352E+02 2.57010E-03 8.58552E-01 3.12800E+02 
2.02126E+02 2.48812E-03 8.42300E-01 3.09577E+02 
2.09900E+02 2.40506E-03 8.25188E-01 3.06051E+02 
2.17674E+02 2.32115E-03 8.07248E-01 3.02215E+02 
2.25449E+02 2.23661E-03 7.88518E-01 2.98065E+02 
2.33223E+02 2.15170E-03 7.69043E-01 2.93599E+02 
2.40997E+02 2.06663E-03 7.48874E-01 2.88816E+02 
2.48771E+02 1.98165E-03 7.28063E-01 2.83719E+02 
2.56545E+02 1.89698E-03 7.06671E-01 2.78314E+02 
2.64319E+02 1.81285E-03 6.84761E-01 2.72607E+02 
2.72093E+02 1.72947E-03 6.62399E-01 2.66610E+02 
2.79867E+02 1.64706E-03 6.39655E-01 2.60333E+02 
2.87641E+02 1.56581E-03 6.16602E-01 2.53791E+02 
2.95415E+02 1.48592E-03 5.93312E-01 2.47001E+02 
3.03189E+02 1.40756E-03 5.69860E-01 2.39982E+02 
3.10964E+02 1.33091E-03 5.46323E-01 2.32754E+02 
3.18738E+02 1.25611E-03 5.22775E-01 2.25340E+02 
3.26512E+02 1.18331E-03 4.99290E-01 2.17763E+02 
3.34286E+02 1.11264E-03 4.75942E-01 2.10049E+02 
3.42060E+02 1.04421E-03 4.52800E-01 2.02223E+02 
3.49834E+02 9.78105E-04 4.29934E-01 1.94313E+02 
3.57608E+02 9.14418E-04 4.07408E-01 1.86345E+02 
3.65382E+02 8.53212E-04 3.85284E-01 1.78348E+02 
3.73156E+02 7.94539E-04 3.63619E-01 1.70348E+02 
3.80930E+02 7.38435E-04 3.42467E-01 1.62373E+02 
3.88704E+02 6.84921E-04 3.21876E-01 1.54450E+02 
3.96478E+02 6.34007E-04 3.01889E-01 1.46604E+02 
4.04253E+02 5.85688E-04 2.82546E-01 1.38859E+02 
4.12027E+02 5.39945E-04 2.63878E-01 1.31241E+02 
4.19801E+02 4.96751E-04 2.45914E-01 1.23770E+02 
4.27575E+02 4.56064E-04 2.28678E-01 1.16468E+02 
4.35349E+02 4.17836E-04 2.12185E-01 1.09352E+02 
4.43123E+02 3.82007E-04 1.96450E-01 1.02441E+02 
4.50897E+02 3.48512E-04 1.81478E-01 9.57491E+01 
4.58671E+02 3.17275E-04 1.67274E-01 8.92896E+01 
4.66445E+02 2.88218E-04 1.53834E-01 8.30737E+01 
4.74219E+02 2.61256E-04 1.41154E-01 7.71104E+01 
4.81993E+02 2.36300E-04 1.29224E-01 7.14069E+01 
4.89768E+02 2.13258E-04 1.18030E-01 6.59684E+01 
4.97542E+02 1.92038E-04 1.07556E-01 6.07981E+01 
5.05316E+02 1.72543E-04 9.77815E-02 5.58976E+01 
5.13090E+02 1.54679E-04 8.86859E-02 5.12665E+01 
5.20864E+02 1.38349E-04 8.02447E-02 4.69030E+01 
5.28638E+02 1.23459E-04 7.24321E-02 4.28037E+01 
5.36412E+02 1.09916E-04 6.52210E-02 3.89640E+01 
5.44186E+02 9.76289E-05 5.85830E-02 3.53779E+01 
5.51960E+02 8.65090E-05 5.24892E-02 3.20384E+01 
5.59734E+02 7.64704E-05 4.69100E-02 2.89375E+01 
5.67508E+02 6.74307E-05 4.18156E-02 2.60665E+01 
5.75282E+02 5.93107E-05 3.71765E-02 2.34160E+01 
5.83057E+02 5.20351E-05 3.29632E-02 2.09760E+01 
5.90831E+02 4.55323E-05 2.91469E-02 1.87363E+01 
5.98605E+02 3.97347E-05 2.56994E-02 1.66863E+01 
6.06379E+02 3.45788E-05 2.25934E-02 1.48152E+01 
6.14153E+02 3.00049E-05 1.98025E-02 1.31122E+01 
6.21927E+02 2.59575E-05 1.73013E-02 1.15665E+01 
6.29701E+02 2.23849E-05 1.50659E-02 1.01677E+01 
6.37475E+02 1.92393E-05 1.30731E-02 8.90526E+00 
6.45249E+02 1.64765E-05 1.13014E-02 7.76909E+00 
6.53023E+02 1.40561E-05 9.73037E-03 6.74941E+00 
6.60797E+02 1.19408E-05 8.34099E-03 5.83683E+00 
6.68572E+02 1.00968E-05 7.11549E-03 5.02236E+00 
6.76346E+02 8.49332E-06 6.03738E-03 4.29747E+00 
6.84120E+02 7.10248E-06 5.09141E-03 3.65407E+00 
6.91894E+02 5.89909E-06 4.26359E-03 3.08459E+00 
6.99668E+02 4.86047E-06 3.54104E-03 2.58192E+00 
7.07442E+02 3.96630E-06 2.91202E-03 2.13943E+00 
7.15216E+02 3.19841E-06 2.36588E-03 1.75099E+00 
7.22990E+02 2.54061E-06 1.89292E-03 1.41093E+00 
7.30764E+02 1.97852E-06 1.48441E-03 1.11403E+00 
7.38538E+02 1.49942E-06 1.13248E-03 8.55524E-01 
7.46312E+02 1.09206E-06 8.30093E-04 6.31053E-01 
7.54086E+02 7.46575E-07 5.70947E-04 4.36669E-01 
7.61861E+02 4.54291E-07 3.49436E-04 2.68791E-01 
7.69635E+02 2.07633E-07 1.60585E-04 1.24199E-01 
