100 2 
0.00000E+00 3.76481E-03 1.00585E+00 3.31769E+02 
7.74164E+00 3.76267E-03 1.00584E+00 3.31769E+02 
1.54833E+01 3.75626E-03 1.00576E+00 3.31768E+02 
2.32249E+01 3.74558E-03 1.00555E+00 3.31764E+02 
3.09666E+01 3.73066E-03 1.00514E+00 3.31753E+02 
3.87082E+01 3.71154E-03 1.00447E+00 3.31729E+02 
4.64499E+01 3.68824E-03 1.00348E+00 3.31687E+02 
5.41915E+01 3.66082E-03 1.00210E+00 3.31617E+02 
6.19331E+01 3.62934E-03 1.00027E+00 3.31510E+02 
6.96748E+01 3.59387E-03 9.97929E-01 3.31356E+02 
7.74164E+01 3.55447E-03 9.95029E-01 3.31143E+02 
8.51581E+01 3.51125E-03 9.91513E-01 3.30856E+02 
9.28997E+01 3.46430E-03 9.87330E-01 3.30484E+02 
1.00641E+02 3.41372E-03 9.82434E-01 3.30009E+02 
1.08383E+02 3.35965E-03 9.76780E-01 3.29418E+02 
1.16125E+02 3.30220E-03 9.70329E-01 3.28693E+02 
1.23866E+02 3.24153E-03 9.63047E-01 3.27819E+02 
1.31608E+02 3.17778E-03 9.54902E-01 3.26778E+02 
1.39350E+02 3.11112E-03 9.45869E-01 3.25553E+02 
1.47091E+02 3.04172E-03 9.35928E-01 3.24129E+02 
1.54833E+02 2.96976E-03 9.25064E-01 3.22489E+02 
1.62574E+02 2.89545E-03 9.13269E-01 3.20616E+02 
1.70316E+02 2.81898E-03 9.00539E-01 3.18497E+02 
1.78058E+02 2.74056E-03 8.86878E-01 3.16116E+02 
1.85799E+02 2.66041E-03 8.72296E-01 3.13463E+02 
1.93541E+02 2.57875E-03 8.56807E-01 3.10525E+02 
2.01283E+02 2.49582E-03 8.40434E-01 3.07292E+02 
2.09024E+02 2.41184E-03 8.23205E-01 3.03757E+02 
2.16766E+02 2.32706E-03 8.05154E-01 2.99913E+02 
2.24508E+02 2.24170E-03 7.86321E-01 2.95757E+02 
2.32249E+02 2.15601E-03 7.66751E-01 2.91287E+02 
2.39991E+02 2.07022E-03 7.46494E-01 2.86504E+02 
2.47733E+02 1.98457E-03 7.25607E-01 2.81410E+02 
2.55474E+02 1.89928E-03 7.04149E-01 2.76011E+02 
2.63216E+02 1.81458E-03 6.82184E-01 2.70314E+02 
2.70957E+02 1.73069E-03 6.59779E-01 2.64330E+02 
2.78699E+02 1.64782E-03 6.37004E-01 2.58070E+02 
2.86441E+02 1.56617E-03 6.13931E-01 2.51550E+02 
2.94182E+02 1.48591E-03 5.90634E-01 2.44787E+02 
3.01924E+02 1.40725E-03 5.67188E-01 2.37799E+02 
3.09666E+02 1.33033E-03 5.43668E-01 2.30606E+02 
3.17407E+02 1.25531E-03 5.20148E-01 2.23232E+02 
3.25149E+02 1.18233E-03 4.96703E-01 2.15700E+02 
3.32891E+02 1.11151E-03 4.73404E-01 2.08034E+02 
3.40632E+02 1.04296E-03 4.50321E-01 2.00261E+02 
3.48374E+02 9.76782E-04 4.27523E-01 1.92407E+02 
3.56116E+02 9.13043E-04 4.05073E-01 1.84499E+02 
3.63857E+02 8.51810E-04 3.83031E-01 1.76565E+02 
3.71599E+02 7.93132E-04 3.61455E-01 1.68631E+02 
3.79340E+02 7.37041E-04 3.40397E-01 1.60724E+02 
3.87082E+02 6.83558E-04 3.19903E-01 1.52872E+02 
3.94824E+02 6.32689E-04 3.00017E-01 1.45097E+02 
4.02565E+02 5.84425E-04 2.80776E-01 1.37427E+02 
4.10307E+02 5.38748E-04 2.62213E-01 1.29882E+02 
4.18049E+02 4.95625E-04 2.44354E-01 1.22486E+02 
4.25790E+02 4.55015E-04 2.27222E-01 1.15258E+02 
4.33532E+02 4.16866E-04 2.10832E-01 1.08217E+02 
4.41274E+02 3.81118E-04 1.95197E-01 1.01378E+02 
4.49015E+02 3.47704E-04 1.80325E-01 9.47583E+01 
4.56757E+02 3.16547E-04 1.66216E-01 8.83690E+01 
4.64499E+02 2.87568E-04 1.52868E-01 8.22213E+01 
4.72240E+02 2.60680E-04 1.40276E-01 7.63242E+01 
4.79982E+02 2.35796E-04 1.28430E-01 7.06844E+01 
4.87723E+02 2.12822E-04 1.17315E-01 6.53069E+01 
4.95465E+02 1.91664E-04 1.06915E-01 6.01949E+01 
5.03207E+02 1.72227E-04 9.72109E-02 5.53496E+01 
5.10948E+02 1.54416E-04 8.81801E-02 5.07707E+01 
5.18690E+02 1.38134E-04 7.97989E-02 4.64563E+01 
5.26432E+02 1.23288E-04 7.20416E-02 4.24030E+01 
5.34173E+02 1.09783E-04 6.48809E-02 3.86061E+01 
5.41915E+02 9.75299E-05 5.82889E-02 3.50597E+01 
5.49657E+02 8.64395E-05 5.22366E-02 3.17567E+01 
5.57398E+02 7.64262E-05 4.66947E-02 2.86894E+01 
5.65140E+02 6.74080E-05 4.16336E-02 2.58491E+01 
5.72882E+02 5.93060E-05 3.70240E-02 2.32265E+01 
5.80623E+02 5.20451E-05 3.28368E-02 2.08118E+01 
5.88365E+02 4.55540E-05 2.90433E-02 1.85948E+01 
5.96106E+02 3.97657E-05 2.56157E-02 1.65650E+01 
6.03848E+02 3.46166E-05 2.25267E-02 1.47119E+01 
6.11590E+02 3.00476E-05 1.97504E-02 1.30249E+01 
6.19331E+02 2.60033E-05 1.72617E-02 1.14933E+01 
6.27073E+02 2.24323E-05 1.50365E-02 1.01068E+01 
6.34815E+02 1.92871E-05 1.30523E-02 8.85501E+00 
6.42556E+02 1.65237E-05 1.12876E-02 7.72804E+00 
6.50298E+02 1.41017E-05 9.72215E-03 6.71624E+00 
6.58040E+02 1.19843E-05 8.33718E-03 5.81035E+00 
6.65781E+02 1.01377E-05 7.11506E-03 5.00151E+00 
6.73523E+02 8.53122E-06 6.03945E-03 4.28131E+00 
6.81265E+02 7.13716E-06 5.09525E-03 3.64180E+00 
6.89006E+02 5.93040E-06 4.26856E-03 3.07548E+00 
6.96748E+02 4.88835E-06 3.54665E-03 2.57535E+00 
7.04489E+02 3.99076E-06 2.91787E-03 2.13487E+00 
7.12231E+02 3.21951E-06 2.37162E-03 1.74798E+00 
7.19973E+02 2.55846E-06 1.89831E-03 1.40908E+00 
7.27714E+02 1.99327E-06 1.48926E-03 1.11303E+00 
7.35456E+02 1.51123E-06 1.13665E-03 8.55105E-01 
7.43198E+02 1.10112E-06 8.33492E-04 6.30999E-01 
7.50939E+02 7.53072E-07 5.73515E-04 4.36804E-01 
7.58681E+02 4.58426E-07 3.51146E-04 2.68980E-01 
7.66423E+02 2.09603E-07 1.61432E-04 1.24333E-01 
