100 2 
0.00000E+00 3.93200E-03 1.00579E+00 3.19800E+02 
7.55341E+00 3.92959E-03 1.00578E+00 3.19800E+02 
1.51068E+01 3.92234E-03 1.00570E+00 3.19799E+02 
2.26602E+01 3.91028E-03 1.00547E+00 3.19794E+02 
3.02136E+01 3.89345E-03 1.00502E+00 3.19782E+02 
3.77670E+01 3.87188E-03 1.00428E+00 3.19757E+02 
4.53204E+01 3.84564E-03 1.00319E+00 3.19712E+02 
5.28738E+01 3.81480E-03 1.00167E+00 3.19637E+02 
6.04272E+01 3.77945E-03 9.99666E-01 3.19523E+02 
6.79807E+01 3.73969E-03 9.97110E-01 3.19358E+02 
7.55341E+01 3.69562E-03 9.93945E-01 3.19131E+02 
8.30875E+01 3.64737E-03 9.90115E-01 3.18827E+02 
9.06409E+01 3.59507E-03 9.85571E-01 3.18431E+02 
9.81943E+01 3.53889E-03 9.80263E-01 3.17930E+02 
1.05748E+02 3.47897E-03 9.74151E-01 3.17306E+02 
1.13301E+02 3.41549E-03 9.67197E-01 3.16544E+02 
1.20854E+02 3.34865E-03 9.59368E-01 3.15627E+02 
1.28408E+02 3.27862E-03 9.50639E-01 3.14538E+02 
1.35961E+02 3.20562E-03 9.40988E-01 3.13262E+02 
1.43515E+02 3.12986E-03 9.30400E-01 3.11782E+02 
1.51068E+02 3.05157E-03 9.18867E-01 3.10083E+02 
1.58622E+02 2.97098E-03 9.06386E-01 3.08149E+02 
1.66175E+02 2.88833E-03 8.92962E-01 3.05969E+02 
1.73728E+02 2.80385E-03 8.78605E-01 3.03528E+02 
1.81282E+02 2.71781E-03 8.63331E-01 3.00816E+02 
1.88835E+02 2.63045E-03 8.47163E-01 2.97824E+02 
1.96389E+02 2.54203E-03 8.30131E-01 2.94543E+02 
2.03942E+02 2.45279E-03 8.12270E-01 2.90967E+02 
2.11495E+02 2.36301E-03 7.93620E-01 2.87093E+02 
2.19049E+02 2.27293E-03 7.74228E-01 2.82918E+02 
2.26602E+02 2.18280E-03 7.54145E-01 2.78442E+02 
2.34156E+02 2.09287E-03 7.33426E-01 2.73669E+02 
2.41709E+02 2.00337E-03 7.12133E-01 2.68602E+02 
2.49262E+02 1.91455E-03 6.90328E-01 2.63249E+02 
2.56816E+02 1.82661E-03 6.68078E-01 2.57618E+02 
2.64369E+02 1.73979E-03 6.45453E-01 2.51722E+02 
2.71923E+02 1.65428E-03 6.22524E-01 2.45574E+02 
2.79476E+02 1.57027E-03 5.99365E-01 2.39189E+02 
2.87029E+02 1.48795E-03 5.76048E-01 2.32584E+02 
2.94583E+02 1.40748E-03 5.52647E-01 2.25779E+02 
3.02136E+02 1.32901E-03 5.29236E-01 2.18794E+02 
3.09690E+02 1.25268E-03 5.05887E-01 2.11651E+02 
3.17243E+02 1.17861E-03 4.82672E-01 2.04374E+02 
3.24796E+02 1.10692E-03 4.59657E-01 1.96986E+02 
3.32350E+02 1.03768E-03 4.36911E-01 1.89513E+02 
3.39903E+02 9.70988E-04 4.14495E-01 1.81978E+02 
3.47457E+02 9.06894E-04 3.92469E-01 1.74408E+02 
3.55010E+02 8.45447E-04 3.70888E-01 1.66829E+02 
3.62564E+02 7.86678E-04 3.49804E-01 1.59265E+02 
3.70117E+02 7.30605E-04 3.29264E-01 1.51740E+02 
3.77670E+02 6.77232E-04 3.09310E-01 1.44280E+02 
3.85224E+02 6.26549E-04 2.89978E-01 1.36907E+02 
3.92777E+02 5.78535E-04 2.71303E-01 1.29642E+02 
4.00331E+02 5.33158E-04 2.53310E-01 1.22507E+02 
4.07884E+02 4.90374E-04 2.36023E-01 1.15522E+02 
4.15437E+02 4.50132E-04 2.19458E-01 1.08703E+02 
4.22991E+02 4.12369E-04 2.03629E-01 1.02068E+02 
4.30544E+02 3.77017E-04 1.88543E-01 9.56304E+01 
4.38098E+02 3.44000E-04 1.74204E-01 8.94033E+01 
4.45651E+02 3.13236E-04 1.60612E-01 8.33978E+01 
4.53204E+02 2.84641E-04 1.47762E-01 7.76229E+01 
4.60758E+02 2.58122E-04 1.35645E-01 7.20861E+01 
4.68311E+02 2.33589E-04 1.24249E-01 6.67929E+01 
4.75865E+02 2.10945E-04 1.13561E-01 6.17474E+01 
4.83418E+02 1.90095E-04 1.03561E-01 5.69516E+01 
4.90971E+02 1.70941E-04 9.42305E-02 5.24062E+01 
4.98525E+02 1.53387E-04 8.55469E-02 4.81104E+01 
5.06078E+02 1.37338E-04 7.74863E-02 4.40619E+01 
5.13632E+02 1.22699E-04 7.00232E-02 4.02572E+01 
5.21185E+02 1.09377E-04 6.31313E-02 3.66916E+01 
5.28738E+02 9.72834E-05 5.67832E-02 3.33594E+01 
5.36292E+02 8.63297E-05 5.09509E-02 3.02540E+01 
5.43845E+02 7.64322E-05 4.56062E-02 2.73678E+01 
5.51399E+02 6.75102E-05 4.07209E-02 2.46927E+01 
5.58952E+02 5.94863E-05 3.62668E-02 2.22202E+01 
5.66505E+02 5.22873E-05 3.22162E-02 1.99411E+01 
5.74059E+02 4.58435E-05 2.85418E-02 1.78459E+01 
5.81612E+02 4.00893E-05 2.52173E-02 1.59250E+01 
5.89166E+02 3.49629E-05 2.22167E-02 1.41687E+01 
5.96719E+02 3.04067E-05 1.95155E-02 1.25673E+01 
6.04273E+02 2.63668E-05 1.70898E-02 1.11108E+01 
6.11826E+02 2.27930E-05 1.49171E-02 9.78984E+00 
6.19379E+02 1.96391E-05 1.29758E-02 8.59490E+00 
6.26933E+02 1.68623E-05 1.12456E-02 7.51686E+00 
6.34486E+02 1.44232E-05 9.70746E-03 6.54684E+00 
6.42040E+02 1.22858E-05 8.34343E-03 5.67634E+00 
6.49593E+02 1.04172E-05 7.13684E-03 4.89720E+00 
6.57146E+02 8.78749E-06 6.07216E-03 4.20165E+00 
6.64700E+02 7.36942E-06 5.13505E-03 3.58237E+00 
6.72253E+02 6.13843E-06 4.31227E-03 3.03243E+00 
6.79807E+02 5.07235E-06 3.59167E-03 2.54534E+00 
6.87360E+02 4.15126E-06 2.96212E-03 2.11505E+00 
6.94913E+02 3.35733E-06 2.41347E-03 1.73591E+00 
7.02467E+02 2.67460E-06 1.93652E-03 1.40271E+00 
7.10020E+02 2.08888E-06 1.52292E-03 1.11064E+00 
7.17574E+02 1.58757E-06 1.16513E-03 8.55287E-01 
7.25127E+02 1.15952E-06 8.56401E-04 6.32612E-01 
7.32680E+02 7.94876E-07 5.90651E-04 4.38930E-01 
7.40234E+02 4.84984E-07 3.62461E-04 2.70900E-01 
7.47787E+02 2.22242E-07 1.67006E-04 1.25499E-01 
