100 2 
0.00000E+00 3.86587E-03 1.00582E+00 3.24445E+02 
7.62775E+00 3.86357E-03 1.00580E+00 3.24445E+02 
1.52555E+01 3.85665E-03 1.00572E+00 3.24444E+02 
2.28832E+01 3.84513E-03 1.00550E+00 3.24440E+02 
3.05110E+01 3.82905E-03 1.00507E+00 3.24428E+02 
3.81387E+01 3.80845E-03 1.00436E+00 3.24403E+02 
4.57665E+01 3.78337E-03 1.00330E+00 3.24359E+02 
5.33942E+01 3.75388E-03 1.00184E+00 3.24286E+02 
6.10220E+01 3.72005E-03 9.99899E-01 3.24175E+02 
6.86497E+01 3.68197E-03 9.97427E-01 3.24014E+02 
7.62775E+01 3.63974E-03 9.94365E-01 3.23792E+02 
8.39052E+01 3.59347E-03 9.90656E-01 3.23494E+02 
9.15330E+01 3.54328E-03 9.86251E-01 3.23107E+02 
9.91607E+01 3.48930E-03 9.81102E-01 3.22616E+02 
1.06788E+02 3.43168E-03 9.75166E-01 3.22004E+02 
1.14416E+02 3.37057E-03 9.68405E-01 3.21256E+02 
1.22044E+02 3.30615E-03 9.60787E-01 3.20355E+02 
1.29672E+02 3.23859E-03 9.52282E-01 3.19284E+02 
1.37299E+02 3.16808E-03 9.42868E-01 3.18027E+02 
1.44927E+02 3.09482E-03 9.32528E-01 3.16567E+02 
1.52555E+02 3.01902E-03 9.21252E-01 3.14889E+02 
1.60183E+02 2.94089E-03 9.09034E-01 3.12978E+02 
1.67810E+02 2.86066E-03 8.95875E-01 3.10819E+02 
1.75438E+02 2.77856E-03 8.81784E-01 3.08400E+02 
1.83066E+02 2.69483E-03 8.66774E-01 3.05709E+02 
1.90694E+02 2.60971E-03 8.50865E-01 3.02736E+02 
1.98321E+02 2.52343E-03 8.34084E-01 2.99471E+02 
2.05949E+02 2.43626E-03 8.16463E-01 2.95909E+02 
2.13577E+02 2.34844E-03 7.98040E-01 2.92044E+02 
2.21205E+02 2.26021E-03 7.78860E-01 2.87874E+02 
2.28832E+02 2.17182E-03 7.58970E-01 2.83398E+02 
2.36460E+02 2.08351E-03 7.38426E-01 2.78618E+02 
2.44088E+02 1.99552E-03 7.17285E-01 2.73538E+02 
2.51716E+02 1.90809E-03 6.95609E-01 2.68164E+02 
2.59343E+02 1.82142E-03 6.73465E-01 2.62505E+02 
2.66971E+02 1.73575E-03 6.50921E-01 2.56572E+02 
2.74599E+02 1.65128E-03 6.28048E-01 2.50378E+02 
2.82227E+02 1.56820E-03 6.04918E-01 2.43939E+02 
2.89854E+02 1.48669E-03 5.81605E-01 2.37270E+02 
2.97482E+02 1.40693E-03 5.58184E-01 2.30392E+02 
3.05110E+02 1.32908E-03 5.34728E-01 2.23325E+02 
3.12738E+02 1.25327E-03 5.11311E-01 2.16091E+02 
3.20365E+02 1.17964E-03 4.88004E-01 2.08713E+02 
3.27993E+02 1.10830E-03 4.64878E-01 2.01216E+02 
3.35621E+02 1.03935E-03 4.42001E-01 1.93626E+02 
3.43249E+02 9.72867E-04 4.19436E-01 1.85967E+02 
3.50876E+02 9.08925E-04 3.97246E-01 1.78265E+02 
3.58504E+02 8.47576E-04 3.75488E-01 1.70548E+02 
3.66132E+02 7.88856E-04 3.54214E-01 1.62841E+02 
3.73760E+02 7.32791E-04 3.33475E-01 1.55169E+02 
3.81387E+02 6.79390E-04 3.13314E-01 1.47557E+02 
3.89015E+02 6.28649E-04 2.93770E-01 1.40029E+02 
3.96643E+02 5.80553E-04 2.74878E-01 1.32608E+02 
4.04271E+02 5.35074E-04 2.56667E-01 1.25316E+02 
4.11898E+02 4.92173E-04 2.39162E-01 1.18173E+02 
4.19526E+02 4.51802E-04 2.22381E-01 1.11197E+02 
4.27154E+02 4.13903E-04 2.06338E-01 1.04406E+02 
4.34782E+02 3.78411E-04 1.91044E-01 9.78149E+01 
4.42409E+02 3.45252E-04 1.76502E-01 9.14375E+01 
4.50037E+02 3.14349E-04 1.62713E-01 8.52852E+01 
4.57665E+02 2.85616E-04 1.49674E-01 7.93680E+01 
4.65293E+02 2.58966E-04 1.37377E-01 7.36936E+01 
4.72920E+02 2.34308E-04 1.25811E-01 6.82682E+01 
4.80548E+02 2.11546E-04 1.14961E-01 6.30961E+01 
4.88176E+02 1.90587E-04 1.04810E-01 5.81799E+01 
4.95804E+02 1.71333E-04 9.53384E-02 5.35203E+01 
5.03431E+02 1.53688E-04 8.65238E-02 4.91168E+01 
5.11059E+02 1.37557E-04 7.83423E-02 4.49671E+01 
5.18687E+02 1.22845E-04 7.07685E-02 4.10680E+01 
5.26315E+02 1.09460E-04 6.37755E-02 3.74145E+01 
5.33942E+02 9.73107E-05 5.73358E-02 3.40009E+01 
5.41570E+02 8.63103E-05 5.14209E-02 3.08205E+01 
5.49198E+02 7.63738E-05 4.60023E-02 2.78656E+01 
5.56826E+02 6.74198E-05 4.10513E-02 2.51279E+01 
5.64453E+02 5.93706E-05 3.65391E-02 2.25985E+01 
5.72081E+02 5.21521E-05 3.24376E-02 2.02680E+01 
5.79709E+02 4.56942E-05 2.87190E-02 1.81267E+01 
5.87337E+02 3.99305E-05 2.53562E-02 1.61646E+01 
5.94964E+02 3.47988E-05 2.23229E-02 1.43717E+01 
6.02592E+02 3.02408E-05 1.95941E-02 1.27379E+01 
6.10220E+02 2.62021E-05 1.71453E-02 1.12531E+01 
6.17848E+02 2.26320E-05 1.49534E-02 9.90740E+00 
6.25475E+02 1.94839E-05 1.29966E-02 8.69106E+00 
6.33103E+02 1.67144E-05 1.12540E-02 7.59461E+00 
6.40731E+02 1.42840E-05 9.70622E-03 6.60890E+00 
6.48359E+02 1.21561E-05 8.33490E-03 5.72514E+00 
6.55986E+02 1.02977E-05 7.12303E-03 4.93489E+00 
6.63614E+02 8.67841E-06 6.05480E-03 4.23015E+00 
6.71242E+02 7.27096E-06 5.11555E-03 3.60335E+00 
6.78870E+02 6.05054E-06 4.29182E-03 3.04735E+00 
6.86497E+02 4.99485E-06 3.57121E-03 2.55546E+00 
6.94125E+02 4.08383E-06 2.94241E-03 2.12145E+00 
7.01753E+02 3.29955E-06 2.39510E-03 1.73951E+00 
7.09381E+02 2.62600E-06 1.91993E-03 1.40429E+00 
7.17008E+02 2.04893E-06 1.50843E-03 1.11085E+00 
7.24636E+02 1.55572E-06 1.15296E-03 8.54652E-01 
7.32264E+02 1.13518E-06 8.46661E-04 6.31559E-01 
7.39892E+02 7.77471E-07 5.83397E-04 4.37801E-01 
7.47519E+02 4.73936E-07 3.57688E-04 2.69963E-01 
7.55147E+02 2.16989E-07 1.64662E-04 1.24956E-01 
