100 2 
0.00000E+00 3.94454E-03 1.00579E+00 3.18932E+02 
7.53931E+00 3.94210E-03 1.00578E+00 3.18932E+02 
1.50786E+01 3.93479E-03 1.00569E+00 3.18931E+02 
2.26179E+01 3.92263E-03 1.00546E+00 3.18926E+02 
3.01572E+01 3.90566E-03 1.00501E+00 3.18914E+02 
3.76966E+01 3.88391E-03 1.00427E+00 3.18889E+02 
4.52359E+01 3.85745E-03 1.00317E+00 3.18843E+02 
5.27752E+01 3.82636E-03 1.00164E+00 3.18768E+02 
6.03145E+01 3.79072E-03 9.99622E-01 3.18653E+02 
6.78538E+01 3.75064E-03 9.97051E-01 3.18488E+02 
7.53931E+01 3.70622E-03 9.93867E-01 3.18260E+02 
8.29324E+01 3.65760E-03 9.90015E-01 3.17954E+02 
9.04717E+01 3.60491E-03 9.85444E-01 3.17558E+02 
9.80110E+01 3.54831E-03 9.80108E-01 3.17054E+02 
1.05550E+02 3.48796E-03 9.73963E-01 3.16428E+02 
1.13090E+02 3.42403E-03 9.66973E-01 3.15664E+02 
1.20629E+02 3.35673E-03 9.59105E-01 3.14744E+02 
1.28168E+02 3.28624E-03 9.50334E-01 3.13652E+02 
1.35708E+02 3.21277E-03 9.40639E-01 3.12372E+02 
1.43247E+02 3.13654E-03 9.30006E-01 3.10889E+02 
1.50786E+02 3.05778E-03 9.18425E-01 3.09185E+02 
1.58326E+02 2.97673E-03 9.05896E-01 3.07248E+02 
1.65865E+02 2.89362E-03 8.92423E-01 3.05064E+02 
1.73404E+02 2.80870E-03 8.78017E-01 3.02619E+02 
1.80943E+02 2.72222E-03 8.62694E-01 2.99904E+02 
1.88483E+02 2.63444E-03 8.46479E-01 2.96908E+02 
1.96022E+02 2.54561E-03 8.29401E-01 2.93625E+02 
2.03561E+02 2.45599E-03 8.11495E-01 2.90047E+02 
2.11101E+02 2.36584E-03 7.92804E-01 2.86171E+02 
2.18640E+02 2.27541E-03 7.73373E-01 2.81995E+02 
2.26179E+02 2.18495E-03 7.53255E-01 2.77520E+02 
2.33719E+02 2.09471E-03 7.32504E-01 2.72749E+02 
2.41258E+02 2.00493E-03 7.11183E-01 2.67685E+02 
2.48797E+02 1.91584E-03 6.89355E-01 2.62336E+02 
2.56337E+02 1.82767E-03 6.67086E-01 2.56711E+02 
2.63876E+02 1.74063E-03 6.44447E-01 2.50822E+02 
2.71415E+02 1.65492E-03 6.21508E-01 2.44683E+02 
2.78954E+02 1.57074E-03 5.98343E-01 2.38308E+02 
2.86494E+02 1.48826E-03 5.75026E-01 2.31716E+02 
2.94033E+02 1.40765E-03 5.51630E-01 2.24924E+02 
3.01572E+02 1.32907E-03 5.28228E-01 2.17955E+02 
3.09112E+02 1.25264E-03 5.04892E-01 2.10830E+02 
3.16651E+02 1.17849E-03 4.81693E-01 2.03572E+02 
3.24190E+02 1.10672E-03 4.58700E-01 1.96204E+02 
3.31730E+02 1.03743E-03 4.35978E-01 1.88753E+02 
3.39269E+02 9.70698E-04 4.13589E-01 1.81242E+02 
3.46808E+02 9.06573E-04 3.91594E-01 1.73696E+02 
3.54348E+02 8.45105E-04 3.70046E-01 1.66143E+02 
3.61887E+02 7.86324E-04 3.48997E-01 1.58605E+02 
3.69426E+02 7.30247E-04 3.28494E-01 1.51108E+02 
3.76966E+02 6.76877E-04 3.08578E-01 1.43676E+02 
3.84505E+02 6.26202E-04 2.89286E-01 1.36331E+02 
3.92044E+02 5.78201E-04 2.70650E-01 1.29096E+02 
3.99583E+02 5.32841E-04 2.52698E-01 1.21990E+02 
4.07123E+02 4.90077E-04 2.35451E-01 1.15034E+02 
4.14662E+02 4.49856E-04 2.18926E-01 1.08245E+02 
4.22201E+02 4.12117E-04 2.03136E-01 1.01638E+02 
4.29741E+02 3.76788E-04 1.88089E-01 9.52289E+01 
4.37280E+02 3.43796E-04 1.73787E-01 8.90296E+01 
4.44819E+02 3.13056E-04 1.60231E-01 8.30512E+01 
4.52359E+02 2.84484E-04 1.47415E-01 7.73026E+01 
4.59898E+02 2.57989E-04 1.35331E-01 7.17911E+01 
4.67437E+02 2.33477E-04 1.23967E-01 6.65224E+01 
4.74977E+02 2.10853E-04 1.13308E-01 6.15001E+01 
4.82516E+02 1.90022E-04 1.03336E-01 5.67265E+01 
4.90055E+02 1.70885E-04 9.40311E-02 5.22022E+01 
4.97595E+02 1.53347E-04 8.53713E-02 4.79262E+01 
5.05134E+02 1.37312E-04 7.73327E-02 4.38963E+01 
5.12673E+02 1.22685E-04 6.98899E-02 4.01090E+01 
5.20212E+02 1.09374E-04 6.30164E-02 3.65596E+01 
5.27752E+02 9.72893E-05 5.66849E-02 3.32423E+01 
5.35291E+02 8.63434E-05 5.08676E-02 3.01506E+01 
5.42830E+02 7.64523E-05 4.55364E-02 2.72770E+01 
5.50370E+02 6.75353E-05 4.06629E-02 2.46135E+01 
5.57909E+02 5.95154E-05 3.62193E-02 2.21514E+01 
5.65448E+02 5.23193E-05 3.21779E-02 1.98817E+01 
5.72988E+02 4.58774E-05 2.85115E-02 1.77949E+01 
5.80527E+02 4.01243E-05 2.51938E-02 1.58816E+01 
5.88066E+02 3.49984E-05 2.21991E-02 1.41320E+01 
5.95606E+02 3.04420E-05 1.95028E-02 1.25364E+01 
6.03145E+02 2.64014E-05 1.70813E-02 1.10852E+01 
6.10684E+02 2.28265E-05 1.49119E-02 9.76871E+00 
6.18224E+02 1.96711E-05 1.29733E-02 8.57768E+00 
6.25763E+02 1.68925E-05 1.12453E-02 7.50298E+00 
6.33302E+02 1.44515E-05 9.70881E-03 6.53582E+00 
6.40841E+02 1.23121E-05 8.34601E-03 5.66773E+00 
6.48381E+02 1.04414E-05 7.14028E-03 4.89060E+00 
6.55920E+02 8.80944E-06 6.07617E-03 4.19672E+00 
6.63459E+02 7.38918E-06 5.13936E-03 3.57879E+00 
6.70999E+02 6.15602E-06 4.31667E-03 3.02993E+00 
6.78538E+02 5.08783E-06 3.59598E-03 2.54370E+00 
6.86077E+02 4.16470E-06 2.96621E-03 2.11405E+00 
6.93617E+02 3.36882E-06 2.41725E-03 1.73540E+00 
7.01156E+02 2.68425E-06 1.93990E-03 1.40255E+00 
7.08695E+02 2.09680E-06 1.52586E-03 1.11071E+00 
7.16235E+02 1.59388E-06 1.16759E-03 8.55497E-01 
7.23774E+02 1.16434E-06 8.58360E-04 6.32878E-01 
7.31313E+02 7.98320E-07 5.92105E-04 4.39191E-01 
7.38852E+02 4.87170E-07 3.63416E-04 2.71107E-01 
7.46392E+02 2.23281E-07 1.67473E-04 1.25615E-01 
