100 2 
0.00000E+00 3.84524E-03 1.00582E+00 3.25918E+02 
7.65096E+00 3.84296E-03 1.00581E+00 3.25918E+02 
1.53019E+01 3.83615E-03 1.00573E+00 3.25917E+02 
2.29529E+01 3.82480E-03 1.00551E+00 3.25912E+02 
3.06039E+01 3.80896E-03 1.00508E+00 3.25901E+02 
3.82548E+01 3.78866E-03 1.00438E+00 3.25877E+02 
4.59058E+01 3.76394E-03 1.00334E+00 3.25832E+02 
5.35568E+01 3.73487E-03 1.00189E+00 3.25760E+02 
6.12077E+01 3.70152E-03 9.99973E-01 3.25650E+02 
6.88587E+01 3.66398E-03 9.97528E-01 3.25490E+02 
7.65096E+01 3.62232E-03 9.94498E-01 3.25270E+02 
8.41606E+01 3.57667E-03 9.90828E-01 3.24975E+02 
9.18116E+01 3.52714E-03 9.86468E-01 3.24590E+02 
9.94625E+01 3.47385E-03 9.81369E-01 3.24102E+02 
1.07114E+02 3.41695E-03 9.75490E-01 3.23495E+02 
1.14764E+02 3.35659E-03 9.68791E-01 3.22751E+02 
1.22415E+02 3.29293E-03 9.61240E-01 3.21855E+02 
1.30066E+02 3.22614E-03 9.52807E-01 3.20790E+02 
1.37717E+02 3.15641E-03 9.43469E-01 3.19539E+02 
1.45368E+02 3.08394E-03 9.33209E-01 3.18086E+02 
1.53019E+02 3.00892E-03 9.22014E-01 3.16415E+02 
1.60670E+02 2.93156E-03 9.09881E-01 3.14512E+02 
1.68321E+02 2.85210E-03 8.96807E-01 3.12360E+02 
1.75972E+02 2.77075E-03 8.82802E-01 3.09949E+02 
1.83623E+02 2.68774E-03 8.67877E-01 3.07265E+02 
1.91274E+02 2.60332E-03 8.52051E-01 3.04298E+02 
1.98925E+02 2.51773E-03 8.35351E-01 3.01039E+02 
2.06576E+02 2.43120E-03 8.17808E-01 2.97482E+02 
2.14227E+02 2.34399E-03 7.99458E-01 2.93620E+02 
2.21878E+02 2.25634E-03 7.80346E-01 2.89452E+02 
2.29529E+02 2.16850E-03 7.60520E-01 2.84977E+02 
2.37180E+02 2.08070E-03 7.40032E-01 2.80196E+02 
2.44831E+02 1.99319E-03 7.18941E-01 2.75112E+02 
2.52482E+02 1.90619E-03 6.97308E-01 2.69733E+02 
2.60133E+02 1.81993E-03 6.75199E-01 2.64066E+02 
2.67784E+02 1.73462E-03 6.52681E-01 2.58122E+02 
2.75435E+02 1.65047E-03 6.29827E-01 2.51914E+02 
2.83086E+02 1.56768E-03 6.06707E-01 2.45458E+02 
2.90737E+02 1.48643E-03 5.83397E-01 2.38770E+02 
2.98388E+02 1.40689E-03 5.59970E-01 2.31869E+02 
3.06039E+02 1.32923E-03 5.36500E-01 2.24776E+02 
3.13690E+02 1.25358E-03 5.13062E-01 2.17513E+02 
3.21340E+02 1.18009E-03 4.89727E-01 2.10104E+02 
3.28991E+02 1.10885E-03 4.66566E-01 2.02573E+02 
3.36642E+02 1.03999E-03 4.43647E-01 1.94946E+02 
3.44293E+02 9.73568E-04 4.21035E-01 1.87247E+02 
3.51944E+02 9.09670E-04 3.98793E-01 1.79504E+02 
3.59595E+02 8.48347E-04 3.76978E-01 1.71744E+02 
3.67246E+02 7.89639E-04 3.55644E-01 1.63991E+02 
3.74897E+02 7.33573E-04 3.34841E-01 1.56272E+02 
3.82548E+02 6.80158E-04 3.14613E-01 1.48611E+02 
3.90199E+02 6.29395E-04 2.95001E-01 1.41034E+02 
3.97850E+02 5.81269E-04 2.76040E-01 1.33564E+02 
4.05501E+02 5.35753E-04 2.57759E-01 1.26221E+02 
4.13152E+02 4.92811E-04 2.40183E-01 1.19027E+02 
4.20803E+02 4.52395E-04 2.23332E-01 1.12001E+02 
4.28454E+02 4.14449E-04 2.07221E-01 1.05160E+02 
4.36105E+02 3.78908E-04 1.91859E-01 9.85201E+01 
4.43756E+02 3.45701E-04 1.77252E-01 9.20944E+01 
4.51407E+02 3.14750E-04 1.63400E-01 8.58951E+01 
4.59058E+02 2.85970E-04 1.50300E-01 7.99320E+01 
4.66709E+02 2.59276E-04 1.37945E-01 7.42134E+01 
4.74360E+02 2.34574E-04 1.26323E-01 6.87455E+01 
4.82011E+02 2.11772E-04 1.15421E-01 6.35327E+01 
4.89662E+02 1.90775E-04 1.05221E-01 5.85776E+01 
4.97313E+02 1.71487E-04 9.57032E-02 5.38812E+01 
5.04964E+02 1.53811E-04 8.68460E-02 4.94429E+01 
5.12615E+02 1.37651E-04 7.86253E-02 4.52607E+01 
5.20266E+02 1.22914E-04 7.10153E-02 4.13310E+01 
5.27917E+02 1.09507E-04 6.39894E-02 3.76491E+01 
5.35568E+02 9.73386E-05 5.75198E-02 3.42093E+01 
5.43218E+02 8.63215E-05 5.15780E-02 3.10047E+01 
5.50869E+02 7.63709E-05 4.61352E-02 2.80275E+01 
5.58520E+02 6.74053E-05 4.11626E-02 2.52696E+01 
5.66171E+02 5.93467E-05 3.66315E-02 2.27218E+01 
5.73822E+02 5.21208E-05 3.25132E-02 2.03746E+01 
5.81473E+02 4.56572E-05 2.87800E-02 1.82184E+01 
5.89124E+02 3.98894E-05 2.54046E-02 1.62430E+01 
5.96775E+02 3.47551E-05 2.23606E-02 1.44382E+01 
6.04426E+02 3.01957E-05 1.96225E-02 1.27939E+01 
6.12077E+02 2.61565E-05 1.71660E-02 1.12999E+01 
6.19728E+02 2.25869E-05 1.49678E-02 9.94619E+00 
6.27379E+02 1.94399E-05 1.30057E-02 8.72287E+00 
6.35030E+02 1.66722E-05 1.12589E-02 7.62043E+00 
6.42681E+02 1.42439E-05 9.70778E-03 6.62961E+00 
6.50332E+02 1.21186E-05 8.33391E-03 5.74150E+00 
6.57983E+02 1.02629E-05 7.12017E-03 4.94762E+00 
6.65634E+02 8.64653E-06 6.05060E-03 4.23986E+00 
6.73285E+02 7.24209E-06 5.11051E-03 3.61058E+00 
6.80936E+02 6.02470E-06 4.28632E-03 3.05258E+00 
6.88587E+02 4.97199E-06 3.56556E-03 2.55910E+00 
6.96238E+02 4.06390E-06 2.93687E-03 2.12384E+00 
7.03889E+02 3.28244E-06 2.38988E-03 1.74096E+00 
7.11540E+02 2.61158E-06 1.91517E-03 1.40505E+00 
7.19191E+02 2.03707E-06 1.50424E-03 1.11112E+00 
7.26842E+02 1.54624E-06 1.14941E-03 8.54609E-01 
7.34493E+02 1.12793E-06 8.43812E-04 6.31345E-01 
7.42144E+02 7.72283E-07 5.81266E-04 4.37528E-01 
7.49794E+02 4.70641E-07 3.56282E-04 2.69720E-01 
7.57445E+02 2.15421E-07 1.63971E-04 1.24809E-01 
