100 2 
0.00000E+00 3.95114E-03 1.00579E+00 3.18477E+02 
7.53190E+00 3.94869E-03 1.00577E+00 3.18477E+02 
1.50638E+01 3.94134E-03 1.00569E+00 3.18476E+02 
2.25957E+01 3.92913E-03 1.00546E+00 3.18471E+02 
3.01276E+01 3.91208E-03 1.00500E+00 3.18459E+02 
3.76595E+01 3.89023E-03 1.00426E+00 3.18434E+02 
4.51914E+01 3.86366E-03 1.00316E+00 3.18388E+02 
5.27233E+01 3.83244E-03 1.00162E+00 3.18313E+02 
6.02552E+01 3.79665E-03 9.99599E-01 3.18198E+02 
6.77871E+01 3.75640E-03 9.97020E-01 3.18032E+02 
7.53190E+01 3.71180E-03 9.93826E-01 3.17803E+02 
8.28509E+01 3.66298E-03 9.89962E-01 3.17497E+02 
9.03828E+01 3.61008E-03 9.85378E-01 3.17100E+02 
9.79147E+01 3.55326E-03 9.80026E-01 3.16596E+02 
1.05447E+02 3.49268E-03 9.73864E-01 3.15969E+02 
1.12979E+02 3.42853E-03 9.66855E-01 3.15202E+02 
1.20510E+02 3.36098E-03 9.58968E-01 3.14281E+02 
1.28042E+02 3.29025E-03 9.50175E-01 3.13188E+02 
1.35574E+02 3.21653E-03 9.40457E-01 3.11906E+02 
1.43106E+02 3.14006E-03 9.29800E-01 3.10421E+02 
1.50638E+02 3.06105E-03 9.18194E-01 3.08716E+02 
1.58170E+02 2.97975E-03 9.05640E-01 3.06777E+02 
1.65702E+02 2.89640E-03 8.92142E-01 3.04590E+02 
1.73234E+02 2.81125E-03 8.77709E-01 3.02144E+02 
1.80766E+02 2.72454E-03 8.62361E-01 2.99427E+02 
1.88298E+02 2.63654E-03 8.46121E-01 2.96429E+02 
1.95829E+02 2.54750E-03 8.29019E-01 2.93144E+02 
2.03361E+02 2.45768E-03 8.11091E-01 2.89565E+02 
2.10893E+02 2.36733E-03 7.92378E-01 2.85689E+02 
2.18425E+02 2.27672E-03 7.72927E-01 2.81513E+02 
2.25957E+02 2.18609E-03 7.52790E-01 2.77038E+02 
2.33489E+02 2.09569E-03 7.32023E-01 2.72267E+02 
2.41021E+02 2.00576E-03 7.10688E-01 2.67205E+02 
2.48553E+02 1.91653E-03 6.88847E-01 2.61858E+02 
2.56085E+02 1.82824E-03 6.66568E-01 2.56237E+02 
2.63616E+02 1.74108E-03 6.43921E-01 2.50352E+02 
2.71148E+02 1.65527E-03 6.20978E-01 2.44217E+02 
2.78680E+02 1.57099E-03 5.97811E-01 2.37848E+02 
2.86212E+02 1.48843E-03 5.74493E-01 2.31262E+02 
2.93744E+02 1.40776E-03 5.51099E-01 2.24478E+02 
3.01276E+02 1.32911E-03 5.27702E-01 2.17517E+02 
3.08808E+02 1.25262E-03 5.04373E-01 2.10401E+02 
3.16340E+02 1.17843E-03 4.81183E-01 2.03152E+02 
3.23872E+02 1.10663E-03 4.58201E-01 1.95796E+02 
3.31404E+02 1.03731E-03 4.35492E-01 1.88356E+02 
3.38935E+02 9.70554E-04 4.13118E-01 1.80857E+02 
3.46467E+02 9.06412E-04 3.91138E-01 1.73325E+02 
3.53999E+02 8.44933E-04 3.69608E-01 1.65784E+02 
3.61531E+02 7.86146E-04 3.48577E-01 1.58261E+02 
3.69063E+02 7.30067E-04 3.28093E-01 1.50778E+02 
3.76595E+02 6.76697E-04 3.08197E-01 1.43361E+02 
3.84127E+02 6.26026E-04 2.88926E-01 1.36031E+02 
3.91659E+02 5.78032E-04 2.70311E-01 1.28811E+02 
3.99191E+02 5.32680E-04 2.52379E-01 1.21721E+02 
4.06723E+02 4.89926E-04 2.35153E-01 1.14780E+02 
4.14254E+02 4.49717E-04 2.18649E-01 1.08005E+02 
4.21786E+02 4.11989E-04 2.02879E-01 1.01414E+02 
4.29318E+02 3.76673E-04 1.87852E-01 9.50195E+01 
4.36850E+02 3.43693E-04 1.73570E-01 8.88347E+01 
4.44382E+02 3.12966E-04 1.60033E-01 8.28704E+01 
4.51914E+02 2.84406E-04 1.47235E-01 7.71355E+01 
4.59446E+02 2.57922E-04 1.35168E-01 7.16373E+01 
4.66978E+02 2.33421E-04 1.23820E-01 6.63813E+01 
4.74510E+02 2.10808E-04 1.13176E-01 6.13712E+01 
4.82042E+02 1.89986E-04 1.03219E-01 5.66092E+01 
4.89573E+02 1.70858E-04 9.39276E-02 5.20958E+01 
4.97105E+02 1.53328E-04 8.52803E-02 4.78302E+01 
5.04637E+02 1.37300E-04 7.72532E-02 4.38100E+01 
5.12169E+02 1.22679E-04 6.98209E-02 4.00318E+01 
5.19701E+02 1.09374E-04 6.29569E-02 3.64908E+01 
5.27233E+02 9.72939E-05 5.66341E-02 3.31813E+01 
5.34765E+02 8.63518E-05 5.08246E-02 3.00968E+01 
5.42297E+02 7.64639E-05 4.55003E-02 2.72298E+01 
5.49829E+02 6.75495E-05 4.06331E-02 2.45722E+01 
5.57361E+02 5.95316E-05 3.61949E-02 2.21156E+01 
5.64893E+02 5.23368E-05 3.21582E-02 1.98507E+01 
5.72424E+02 4.58960E-05 2.84960E-02 1.77684E+01 
5.79956E+02 4.01434E-05 2.51819E-02 1.58590E+01 
5.87488E+02 3.50176E-05 2.21902E-02 1.41129E+01 
5.95020E+02 3.04611E-05 1.94965E-02 1.25204E+01 
6.02552E+02 2.64200E-05 1.70770E-02 1.10719E+01 
6.10084E+02 2.28445E-05 1.49094E-02 9.75775E+00 
6.17616E+02 1.96883E-05 1.29722E-02 8.56875E+00 
6.25148E+02 1.69088E-05 1.12453E-02 7.49580E+00 
6.32680E+02 1.44667E-05 9.70967E-03 6.53013E+00 
6.40211E+02 1.23261E-05 8.34750E-03 5.66328E+00 
6.47743E+02 1.04542E-05 7.14220E-03 4.88719E+00 
6.55275E+02 8.82115E-06 6.07836E-03 4.19418E+00 
6.62807E+02 7.39971E-06 5.14170E-03 3.57695E+00 
6.70339E+02 6.16538E-06 4.31904E-03 3.02866E+00 
6.77871E+02 5.09607E-06 3.59831E-03 2.54287E+00 
6.85403E+02 4.17186E-06 2.96841E-03 2.11357E+00 
6.92935E+02 3.37494E-06 2.41928E-03 1.73516E+00 
7.00467E+02 2.68939E-06 1.94172E-03 1.40249E+00 
7.07999E+02 2.10102E-06 1.52743E-03 1.11077E+00 
7.15531E+02 1.59724E-06 1.16890E-03 8.55619E-01 
7.23062E+02 1.16690E-06 8.59406E-04 6.33027E-01 
7.30594E+02 8.00151E-07 5.92880E-04 4.39334E-01 
7.38126E+02 4.88330E-07 3.63923E-04 2.71219E-01 
7.45658E+02 2.23833E-07 1.67722E-04 1.25679E-01 
