100 2 
0.00000E+00 3.93571E-03 1.00579E+00 3.19543E+02 
7.54924E+00 3.93329E-03 1.00578E+00 3.19543E+02 
1.50985E+01 3.92602E-03 1.00569E+00 3.19542E+02 
2.26477E+01 3.91393E-03 1.00546E+00 3.19538E+02 
3.01970E+01 3.89705E-03 1.00501E+00 3.19525E+02 
3.77462E+01 3.87543E-03 1.00428E+00 3.19500E+02 
4.52954E+01 3.84913E-03 1.00318E+00 3.19454E+02 
5.28447E+01 3.81822E-03 1.00166E+00 3.19380E+02 
6.03939E+01 3.78278E-03 9.99653E-01 3.19266E+02 
6.79432E+01 3.74292E-03 9.97092E-01 3.19101E+02 
7.54924E+01 3.69875E-03 9.93922E-01 3.18873E+02 
8.30417E+01 3.65039E-03 9.90086E-01 3.18569E+02 
9.05909E+01 3.59798E-03 9.85533E-01 3.18173E+02 
9.81401E+01 3.54167E-03 9.80217E-01 3.17671E+02 
1.05689E+02 3.48162E-03 9.74095E-01 3.17046E+02 
1.13239E+02 3.41802E-03 9.67130E-01 3.16283E+02 
1.20788E+02 3.35103E-03 9.59290E-01 3.15365E+02 
1.28337E+02 3.28087E-03 9.50549E-01 3.14276E+02 
1.35886E+02 3.20773E-03 9.40884E-01 3.12999E+02 
1.43436E+02 3.13183E-03 9.30283E-01 3.11517E+02 
1.50985E+02 3.05341E-03 9.18736E-01 3.09817E+02 
1.58534E+02 2.97268E-03 9.06241E-01 3.07883E+02 
1.66083E+02 2.88989E-03 8.92802E-01 3.05701E+02 
1.73633E+02 2.80528E-03 8.78430E-01 3.03259E+02 
1.81182E+02 2.71911E-03 8.63142E-01 3.00546E+02 
1.88731E+02 2.63162E-03 8.46960E-01 2.97553E+02 
1.96280E+02 2.54308E-03 8.29915E-01 2.94271E+02 
2.03830E+02 2.45374E-03 8.12040E-01 2.90695E+02 
2.11379E+02 2.36385E-03 7.93378E-01 2.86820E+02 
2.18928E+02 2.27366E-03 7.73975E-01 2.82645E+02 
2.26477E+02 2.18343E-03 7.53881E-01 2.78169E+02 
2.34026E+02 2.09341E-03 7.33153E-01 2.73396E+02 
2.41576E+02 2.00383E-03 7.11851E-01 2.68330E+02 
2.49125E+02 1.91493E-03 6.90039E-01 2.62978E+02 
2.56674E+02 1.82692E-03 6.67784E-01 2.57350E+02 
2.64223E+02 1.74004E-03 6.45155E-01 2.51456E+02 
2.71773E+02 1.65447E-03 6.22223E-01 2.45310E+02 
2.79322E+02 1.57041E-03 5.99062E-01 2.38928E+02 
2.86871E+02 1.48804E-03 5.75745E-01 2.32327E+02 
2.94420E+02 1.40753E-03 5.52345E-01 2.25526E+02 
3.01970E+02 1.32902E-03 5.28937E-01 2.18546E+02 
3.09519E+02 1.25266E-03 5.05592E-01 2.11408E+02 
3.17068E+02 1.17857E-03 4.82381E-01 2.04136E+02 
3.24617E+02 1.10686E-03 4.59373E-01 1.96755E+02 
3.32167E+02 1.03761E-03 4.36634E-01 1.89287E+02 
3.39716E+02 9.70900E-04 4.14226E-01 1.81760E+02 
3.47265E+02 9.06797E-04 3.92209E-01 1.74197E+02 
3.54814E+02 8.45344E-04 3.70638E-01 1.66626E+02 
3.62364E+02 7.86572E-04 3.49565E-01 1.59069E+02 
3.69913E+02 7.30497E-04 3.29036E-01 1.51553E+02 
3.77462E+02 6.77125E-04 3.09093E-01 1.44101E+02 
3.85011E+02 6.26444E-04 2.89773E-01 1.36736E+02 
3.92561E+02 5.78434E-04 2.71109E-01 1.29480E+02 
4.00110E+02 5.33063E-04 2.53128E-01 1.22354E+02 
4.07659E+02 4.90285E-04 2.35853E-01 1.15377E+02 
4.15208E+02 4.50049E-04 2.19300E-01 1.08567E+02 
4.22758E+02 4.12293E-04 2.03482E-01 1.01941E+02 
4.30307E+02 3.76948E-04 1.88408E-01 9.55114E+01 
4.37856E+02 3.43938E-04 1.74081E-01 8.92925E+01 
4.45405E+02 3.13182E-04 1.60499E-01 8.32950E+01 
4.52954E+02 2.84593E-04 1.47659E-01 7.75279E+01 
4.60504E+02 2.58082E-04 1.35552E-01 7.19986E+01 
4.68053E+02 2.33555E-04 1.24165E-01 6.67127E+01 
4.75602E+02 2.10917E-04 1.13485E-01 6.16740E+01 
4.83151E+02 1.90072E-04 1.03494E-01 5.68848E+01 
4.90701E+02 1.70924E-04 9.41712E-02 5.23457E+01 
4.98250E+02 1.53375E-04 8.54947E-02 4.80558E+01 
5.05799E+02 1.37330E-04 7.74406E-02 4.40128E+01 
5.13348E+02 1.22694E-04 6.99836E-02 4.02132E+01 
5.20898E+02 1.09376E-04 6.30972E-02 3.66525E+01 
5.28447E+02 9.72848E-05 5.67540E-02 3.33247E+01 
5.35996E+02 8.63334E-05 5.09261E-02 3.02233E+01 
5.43545E+02 7.64379E-05 4.55854E-02 2.73408E+01 
5.51095E+02 6.75173E-05 4.07036E-02 2.46692E+01 
5.58644E+02 5.94947E-05 3.62526E-02 2.21998E+01 
5.66193E+02 5.22965E-05 3.22048E-02 1.99234E+01 
5.73742E+02 4.58533E-05 2.85328E-02 1.78307E+01 
5.81292E+02 4.00995E-05 2.52102E-02 1.59121E+01 
5.88841E+02 3.49733E-05 2.22115E-02 1.41578E+01 
5.96390E+02 3.04170E-05 1.95117E-02 1.25581E+01 
6.03939E+02 2.63769E-05 1.70872E-02 1.11032E+01 
6.11489E+02 2.28028E-05 1.49155E-02 9.78355E+00 
6.19038E+02 1.96485E-05 1.29750E-02 8.58979E+00 
6.26587E+02 1.68711E-05 1.12455E-02 7.51273E+00 
6.34136E+02 1.44315E-05 9.70782E-03 6.54356E+00 
6.41686E+02 1.22935E-05 8.34416E-03 5.67377E+00 
6.49235E+02 1.04243E-05 7.13782E-03 4.89523E+00 
6.56784E+02 8.79394E-06 6.07333E-03 4.20018E+00 
6.64333E+02 7.37523E-06 5.13631E-03 3.58130E+00 
6.71883E+02 6.14360E-06 4.31356E-03 3.03168E+00 
6.79432E+02 5.07690E-06 3.59293E-03 2.54485E+00 
6.86981E+02 4.15522E-06 2.96332E-03 2.11475E+00 
6.94530E+02 3.36071E-06 2.41458E-03 1.73575E+00 
7.02079E+02 2.67743E-06 1.93751E-03 1.40266E+00 
7.09629E+02 2.09121E-06 1.52378E-03 1.11066E+00 
7.17178E+02 1.58942E-06 1.16585E-03 8.55346E-01 
7.24727E+02 1.16093E-06 8.56978E-04 6.32689E-01 
7.32276E+02 7.95889E-07 5.91078E-04 4.39006E-01 
7.39826E+02 4.85627E-07 3.62741E-04 2.70961E-01 
7.47375E+02 2.22547E-07 1.67143E-04 1.25532E-01 
