100 2 
0.00000E+00 3.98480E-03 1.00577E+00 3.16170E+02 
7.49403E+00 3.98230E-03 1.00576E+00 3.16170E+02 
1.49881E+01 3.97479E-03 1.00567E+00 3.16169E+02 
2.24821E+01 3.96230E-03 1.00544E+00 3.16165E+02 
2.99761E+01 3.94487E-03 1.00498E+00 3.16152E+02 
3.74702E+01 3.92254E-03 1.00422E+00 3.16127E+02 
4.49642E+01 3.89538E-03 1.00310E+00 3.16080E+02 
5.24582E+01 3.86348E-03 1.00154E+00 3.16004E+02 
5.99523E+01 3.82692E-03 9.99484E-01 3.15888E+02 
6.74463E+01 3.78582E-03 9.96863E-01 3.15721E+02 
7.49403E+01 3.74029E-03 9.93619E-01 3.15489E+02 
8.24344E+01 3.69048E-03 9.89697E-01 3.15180E+02 
8.99284E+01 3.63652E-03 9.85044E-01 3.14779E+02 
9.74224E+01 3.57859E-03 9.79615E-01 3.14270E+02 
1.04916E+02 3.51686E-03 9.73367E-01 3.13637E+02 
1.12410E+02 3.45151E-03 9.66264E-01 3.12865E+02 
1.19905E+02 3.38274E-03 9.58274E-01 3.11936E+02 
1.27399E+02 3.31077E-03 9.49372E-01 3.10835E+02 
1.34893E+02 3.23580E-03 9.39539E-01 3.09545E+02 
1.42387E+02 3.15807E-03 9.28761E-01 3.08050E+02 
1.49881E+02 3.07782E-03 9.17031E-01 3.06335E+02 
1.57375E+02 2.99528E-03 9.04350E-01 3.04386E+02 
1.64869E+02 2.91071E-03 8.90723E-01 3.02190E+02 
1.72363E+02 2.82436E-03 8.76162E-01 2.99734E+02 
1.79857E+02 2.73649E-03 8.60686E-01 2.97008E+02 
1.87351E+02 2.64736E-03 8.44322E-01 2.94003E+02 
1.94845E+02 2.55724E-03 8.27099E-01 2.90711E+02 
2.02339E+02 2.46639E-03 8.09055E-01 2.87128E+02 
2.09833E+02 2.37506E-03 7.90233E-01 2.83248E+02 
2.17327E+02 2.28351E-03 7.70681E-01 2.79072E+02 
2.24821E+02 2.19201E-03 7.50452E-01 2.74599E+02 
2.32315E+02 2.10079E-03 7.29603E-01 2.69833E+02 
2.39809E+02 2.01010E-03 7.08195E-01 2.64780E+02 
2.47303E+02 1.92017E-03 6.86294E-01 2.59445E+02 
2.54797E+02 1.83123E-03 6.63966E-01 2.53839E+02 
2.62291E+02 1.74349E-03 6.41282E-01 2.47974E+02 
2.69785E+02 1.65716E-03 6.18314E-01 2.41864E+02 
2.77279E+02 1.57241E-03 5.95134E-01 2.35523E+02 
2.84773E+02 1.48943E-03 5.71817E-01 2.28971E+02 
2.92267E+02 1.40839E-03 5.48435E-01 2.22224E+02 
2.99761E+02 1.32942E-03 5.25061E-01 2.15305E+02 
3.07255E+02 1.25267E-03 5.01768E-01 2.08236E+02 
3.14749E+02 1.17825E-03 4.78624E-01 2.01038E+02 
3.22243E+02 1.10626E-03 4.55697E-01 1.93736E+02 
3.29737E+02 1.03679E-03 4.33053E-01 1.86355E+02 
3.37231E+02 9.69915E-04 4.10752E-01 1.78918E+02 
3.44725E+02 9.05686E-04 3.88853E-01 1.71451E+02 
3.52220E+02 8.44147E-04 3.67410E-01 1.63979E+02 
3.59714E+02 7.85322E-04 3.46472E-01 1.56526E+02 
3.67208E+02 7.29227E-04 3.26085E-01 1.49117E+02 
3.74702E+02 6.75859E-04 3.06290E-01 1.41774E+02 
3.82196E+02 6.25205E-04 2.87122E-01 1.34520E+02 
3.89690E+02 5.77240E-04 2.68612E-01 1.27377E+02 
3.97184E+02 5.31927E-04 2.50786E-01 1.20364E+02 
4.04678E+02 4.89220E-04 2.33665E-01 1.13500E+02 
4.12172E+02 4.49063E-04 2.17265E-01 1.06802E+02 
4.19666E+02 4.11392E-04 2.01598E-01 1.00287E+02 
4.27160E+02 3.76135E-04 1.86672E-01 9.39670E+01 
4.34654E+02 3.43215E-04 1.72488E-01 8.78554E+01 
4.42148E+02 3.12547E-04 1.59044E-01 8.19624E+01 
4.49642E+02 2.84046E-04 1.46337E-01 7.62966E+01 
4.57136E+02 2.57618E-04 1.34356E-01 7.08652E+01 
4.64630E+02 2.33171E-04 1.23090E-01 6.56732E+01 
4.72124E+02 2.10608E-04 1.12523E-01 6.07244E+01 
4.79618E+02 1.89832E-04 1.02638E-01 5.60206E+01 
4.87112E+02 1.70747E-04 9.34138E-02 5.15625E+01 
4.94606E+02 1.53255E-04 8.48288E-02 4.73488E+01 
5.02100E+02 1.37261E-04 7.68591E-02 4.33775E+01 
5.09594E+02 1.22671E-04 6.94793E-02 3.96448E+01 
5.17088E+02 1.09391E-04 6.26632E-02 3.61462E+01 
5.24582E+02 9.73332E-05 5.63836E-02 3.28759E+01 
5.32076E+02 8.64096E-05 5.06130E-02 2.98274E+01 
5.39570E+02 7.65366E-05 4.53235E-02 2.69934E+01 
5.47064E+02 6.76338E-05 4.04871E-02 2.43660E+01 
5.54558E+02 5.96246E-05 3.60760E-02 2.19366E+01 
5.62052E+02 5.24360E-05 3.20631E-02 1.96964E+01 
5.69546E+02 4.59989E-05 2.84214E-02 1.76362E+01 
5.77040E+02 4.02481E-05 2.51249E-02 1.57465E+01 
5.84535E+02 3.51222E-05 2.21482E-02 1.40179E+01 
5.92029E+02 3.05641E-05 1.94671E-02 1.24408E+01 
5.99523E+02 2.65202E-05 1.70582E-02 1.10058E+01 
6.07017E+02 2.29407E-05 1.48991E-02 9.70341E+00 
6.14511E+02 1.97798E-05 1.29688E-02 8.52458E+00 
6.22005E+02 1.69950E-05 1.12472E-02 7.46034E+00 
6.29499E+02 1.45471E-05 9.71565E-03 6.50208E+00 
6.36993E+02 1.24004E-05 8.35647E-03 5.64148E+00 
6.44487E+02 1.05223E-05 7.15321E-03 4.87060E+00 
6.51981E+02 8.88283E-06 6.09061E-03 4.18187E+00 
6.59475E+02 7.45510E-06 5.15453E-03 3.56813E+00 
6.66969E+02 6.21462E-06 4.33193E-03 3.02263E+00 
6.74463E+02 5.13932E-06 3.61080E-03 2.53902E+00 
6.81957E+02 4.20937E-06 2.98019E-03 2.11138E+00 
6.89451E+02 3.40698E-06 2.43006E-03 1.73421E+00 
6.96945E+02 2.71627E-06 1.95133E-03 1.40239E+00 
7.04439E+02 2.12307E-06 1.53574E-03 1.11122E+00 
7.11933E+02 1.61480E-06 1.17583E-03 8.56377E-01 
7.19427E+02 1.18029E-06 8.64907E-04 6.33883E-01 
7.26921E+02 8.09716E-07 5.96955E-04 4.40132E-01 
7.34415E+02 4.94397E-07 3.66593E-04 2.71836E-01 
7.41909E+02 2.26715E-07 1.69028E-04 1.26020E-01 
