100 2 
0.00000E+00 3.98095E-03 1.00578E+00 3.16433E+02 
7.49837E+00 3.97845E-03 1.00576E+00 3.16433E+02 
1.49967E+01 3.97096E-03 1.00568E+00 3.16432E+02 
2.24951E+01 3.95850E-03 1.00544E+00 3.16427E+02 
2.99935E+01 3.94111E-03 1.00498E+00 3.16415E+02 
3.74919E+01 3.91884E-03 1.00423E+00 3.16390E+02 
4.49902E+01 3.89175E-03 1.00311E+00 3.16343E+02 
5.24886E+01 3.85992E-03 1.00155E+00 3.16267E+02 
5.99870E+01 3.82345E-03 9.99497E-01 3.16151E+02 
6.74853E+01 3.78245E-03 9.96881E-01 3.15984E+02 
7.49837E+01 3.73703E-03 9.93643E-01 3.15753E+02 
8.24821E+01 3.68733E-03 9.89727E-01 3.15444E+02 
8.99805E+01 3.63349E-03 9.85082E-01 3.15043E+02 
9.74788E+01 3.57569E-03 9.79662E-01 3.14535E+02 
1.04977E+02 3.51409E-03 9.73424E-01 3.13903E+02 
1.12476E+02 3.44887E-03 9.66331E-01 3.13131E+02 
1.19974E+02 3.38025E-03 9.58353E-01 3.12203E+02 
1.27472E+02 3.30841E-03 9.49463E-01 3.11103E+02 
1.34971E+02 3.23359E-03 9.39643E-01 3.09814E+02 
1.42469E+02 3.15600E-03 9.28879E-01 3.08320E+02 
1.49967E+02 3.07589E-03 9.17163E-01 3.06606E+02 
1.57466E+02 2.99349E-03 9.04496E-01 3.04659E+02 
1.64964E+02 2.90906E-03 8.90883E-01 3.02463E+02 
1.72463E+02 2.82285E-03 8.76337E-01 3.00009E+02 
1.79961E+02 2.73511E-03 8.60876E-01 2.97284E+02 
1.87459E+02 2.64612E-03 8.44526E-01 2.94279E+02 
1.94958E+02 2.55612E-03 8.27317E-01 2.90988E+02 
2.02456E+02 2.46538E-03 8.09286E-01 2.87405E+02 
2.09954E+02 2.37416E-03 7.90476E-01 2.83526E+02 
2.17453E+02 2.28272E-03 7.70936E-01 2.79349E+02 
2.24951E+02 2.19132E-03 7.50717E-01 2.74877E+02 
2.32450E+02 2.10020E-03 7.29877E-01 2.70110E+02 
2.39948E+02 2.00959E-03 7.08477E-01 2.65055E+02 
2.47446E+02 1.91975E-03 6.86583E-01 2.59719E+02 
2.54945E+02 1.83088E-03 6.64260E-01 2.54112E+02 
2.62443E+02 1.74321E-03 6.41581E-01 2.48245E+02 
2.69941E+02 1.65693E-03 6.18615E-01 2.42131E+02 
2.77440E+02 1.57224E-03 5.95437E-01 2.35787E+02 
2.84938E+02 1.48931E-03 5.72119E-01 2.29231E+02 
2.92436E+02 1.40831E-03 5.48736E-01 2.22480E+02 
2.99935E+02 1.32938E-03 5.25360E-01 2.15556E+02 
3.07433E+02 1.25266E-03 5.02062E-01 2.08481E+02 
3.14932E+02 1.17826E-03 4.78913E-01 2.01278E+02 
3.22430E+02 1.10629E-03 4.55980E-01 1.93970E+02 
3.29928E+02 1.03684E-03 4.33328E-01 1.86581E+02 
3.37427E+02 9.69980E-04 4.11019E-01 1.79138E+02 
3.44925E+02 9.05761E-04 3.89111E-01 1.71663E+02 
3.52423E+02 8.44229E-04 3.67658E-01 1.64184E+02 
3.59922E+02 7.85409E-04 3.46710E-01 1.56723E+02 
3.67420E+02 7.29316E-04 3.26312E-01 1.49305E+02 
3.74919E+02 6.75948E-04 3.06505E-01 1.41954E+02 
3.82417E+02 6.25292E-04 2.87325E-01 1.34691E+02 
3.89915E+02 5.77324E-04 2.68803E-01 1.27539E+02 
3.97414E+02 5.32008E-04 2.50965E-01 1.20517E+02 
4.04912E+02 4.89295E-04 2.33832E-01 1.13645E+02 
4.12410E+02 4.49133E-04 2.17421E-01 1.06938E+02 
4.19909E+02 4.11455E-04 2.01743E-01 1.00414E+02 
4.27407E+02 3.76192E-04 1.86805E-01 9.40861E+01 
4.34906E+02 3.43265E-04 1.72609E-01 8.79662E+01 
4.42404E+02 3.12591E-04 1.59156E-01 8.20651E+01 
4.49902E+02 2.84083E-04 1.46438E-01 7.63915E+01 
4.57401E+02 2.57650E-04 1.34447E-01 7.09525E+01 
4.64899E+02 2.33196E-04 1.23172E-01 6.57533E+01 
4.72397E+02 2.10628E-04 1.12597E-01 6.07975E+01 
4.79896E+02 1.89847E-04 1.02703E-01 5.60872E+01 
4.87394E+02 1.70757E-04 9.34714E-02 5.16227E+01 
4.94893E+02 1.53262E-04 8.48794E-02 4.74032E+01 
5.02391E+02 1.37264E-04 7.69031E-02 4.34263E+01 
5.09889E+02 1.22670E-04 6.95175E-02 3.96885E+01 
5.17388E+02 1.09388E-04 6.26960E-02 3.61851E+01 
5.24886E+02 9.73273E-05 5.64116E-02 3.29103E+01 
5.32384E+02 8.64017E-05 5.06366E-02 2.98578E+01 
5.39883E+02 7.65271E-05 4.53431E-02 2.70201E+01 
5.47381E+02 6.76231E-05 4.05032E-02 2.43892E+01 
5.54880E+02 5.96131E-05 3.60892E-02 2.19568E+01 
5.62378E+02 5.24239E-05 3.20736E-02 1.97138E+01 
5.69876E+02 4.59864E-05 2.84296E-02 1.76510E+01 
5.77375E+02 4.02354E-05 2.51311E-02 1.57592E+01 
5.84873E+02 3.51097E-05 2.21528E-02 1.40286E+01 
5.92371E+02 3.05518E-05 1.94702E-02 1.24497E+01 
5.99870E+02 2.65082E-05 1.70601E-02 1.10132E+01 
6.07368E+02 2.29293E-05 1.49001E-02 9.70949E+00 
6.14867E+02 1.97690E-05 1.29690E-02 8.52951E+00 
6.22365E+02 1.69848E-05 1.12468E-02 7.46430E+00 
6.29863E+02 1.45376E-05 9.71483E-03 6.50520E+00 
6.37362E+02 1.23917E-05 8.35531E-03 5.64390E+00 
6.44860E+02 1.05143E-05 7.15185E-03 4.87243E+00 
6.52358E+02 8.87561E-06 6.08912E-03 4.18322E+00 
6.59857E+02 7.44861E-06 5.15298E-03 3.56909E+00 
6.67355E+02 6.20886E-06 4.33039E-03 3.02328E+00 
6.74853E+02 5.13426E-06 3.60932E-03 2.53942E+00 
6.82352E+02 4.20498E-06 2.97879E-03 2.11160E+00 
6.89850E+02 3.40324E-06 2.42879E-03 1.73429E+00 
6.97349E+02 2.71314E-06 1.95020E-03 1.40238E+00 
7.04847E+02 2.12050E-06 1.53476E-03 1.11116E+00 
7.12345E+02 1.61275E-06 1.17502E-03 8.56278E-01 
7.19844E+02 1.17873E-06 8.64264E-04 6.33778E-01 
7.27342E+02 8.08601E-07 5.96477E-04 4.40034E-01 
7.34840E+02 4.93690E-07 3.66280E-04 2.71762E-01 
7.42339E+02 2.26379E-07 1.68875E-04 1.25979E-01 
