100 2 
0.00000E+00 3.89291E-03 1.00581E+00 3.22532E+02 
7.59735E+00 3.89056E-03 1.00579E+00 3.22532E+02 
1.51947E+01 3.88351E-03 1.00571E+00 3.22531E+02 
2.27920E+01 3.87177E-03 1.00549E+00 3.22527E+02 
3.03894E+01 3.85538E-03 1.00505E+00 3.22515E+02 
3.79867E+01 3.83438E-03 1.00433E+00 3.22490E+02 
4.55841E+01 3.80883E-03 1.00326E+00 3.22445E+02 
5.31814E+01 3.77878E-03 1.00177E+00 3.22371E+02 
6.07788E+01 3.74433E-03 9.99803E-01 3.22259E+02 
6.83761E+01 3.70556E-03 9.97297E-01 3.22097E+02 
7.59735E+01 3.66258E-03 9.94191E-01 3.21872E+02 
8.35708E+01 3.61550E-03 9.90433E-01 3.21572E+02 
9.11682E+01 3.56444E-03 9.85970E-01 3.21182E+02 
9.87655E+01 3.50956E-03 9.80756E-01 3.20686E+02 
1.06363E+02 3.45100E-03 9.74747E-01 3.20069E+02 
1.13960E+02 3.38892E-03 9.67906E-01 3.19315E+02 
1.21558E+02 3.32350E-03 9.60201E-01 3.18407E+02 
1.29155E+02 3.25493E-03 9.51603E-01 3.17329E+02 
1.36752E+02 3.18340E-03 9.42091E-01 3.16063E+02 
1.44350E+02 3.10911E-03 9.31648E-01 3.14595E+02 
1.51947E+02 3.03229E-03 9.20266E-01 3.12908E+02 
1.59544E+02 2.95315E-03 9.07939E-01 3.10988E+02 
1.67142E+02 2.87193E-03 8.94670E-01 3.08820E+02 
1.74739E+02 2.78886E-03 8.80468E-01 3.06392E+02 
1.82336E+02 2.70417E-03 8.65349E-01 3.03692E+02 
1.89934E+02 2.61813E-03 8.49333E-01 3.00710E+02 
1.97531E+02 2.53098E-03 8.32447E-01 2.97438E+02 
2.05128E+02 2.44296E-03 8.14727E-01 2.93870E+02 
2.12726E+02 2.35433E-03 7.96210E-01 2.90001E+02 
2.20323E+02 2.26534E-03 7.76941E-01 2.85828E+02 
2.27920E+02 2.17624E-03 7.56971E-01 2.81352E+02 
2.35518E+02 2.08727E-03 7.36354E-01 2.76574E+02 
2.43115E+02 1.99866E-03 7.15149E-01 2.71499E+02 
2.50712E+02 1.91065E-03 6.93420E-01 2.66134E+02 
2.58310E+02 1.82347E-03 6.71231E-01 2.60486E+02 
2.65907E+02 1.73733E-03 6.48653E-01 2.54568E+02 
2.73504E+02 1.65243E-03 6.25756E-01 2.48393E+02 
2.81102E+02 1.56897E-03 6.02614E-01 2.41975E+02 
2.88699E+02 1.48713E-03 5.79299E-01 2.35332E+02 
2.96297E+02 1.40708E-03 5.55885E-01 2.28484E+02 
3.03894E+02 1.32897E-03 5.32448E-01 2.21450E+02 
3.11491E+02 1.25295E-03 5.09058E-01 2.14254E+02 
3.19089E+02 1.17915E-03 4.85789E-01 2.06917E+02 
3.26686E+02 1.10766E-03 4.62709E-01 1.99465E+02 
3.34283E+02 1.03860E-03 4.39885E-01 1.91922E+02 
3.41881E+02 9.72030E-04 4.17382E-01 1.84315E+02 
3.49478E+02 9.08028E-04 3.95260E-01 1.76668E+02 
3.57075E+02 8.46641E-04 3.73575E-01 1.69007E+02 
3.64673E+02 7.87904E-04 3.52380E-01 1.61359E+02 
3.72270E+02 7.31838E-04 3.31723E-01 1.53748E+02 
3.79867E+02 6.78451E-04 3.11647E-01 1.46198E+02 
3.87465E+02 6.27736E-04 2.92191E-01 1.38734E+02 
3.95062E+02 5.79676E-04 2.73389E-01 1.31378E+02 
4.02659E+02 5.34242E-04 2.55269E-01 1.24151E+02 
4.10257E+02 4.91392E-04 2.37853E-01 1.17073E+02 
4.17854E+02 4.51076E-04 2.21162E-01 1.10162E+02 
4.25451E+02 4.13236E-04 2.05208E-01 1.03435E+02 
4.33049E+02 3.77803E-04 1.90000E-01 9.69080E+01 
4.40646E+02 3.44705E-04 1.75543E-01 9.05928E+01 
4.48243E+02 3.13862E-04 1.61836E-01 8.45013E+01 
4.55841E+02 2.85187E-04 1.48875E-01 7.86430E+01 
4.63438E+02 2.58594E-04 1.36653E-01 7.30257E+01 
4.71035E+02 2.33988E-04 1.25158E-01 6.76551E+01 
4.78633E+02 2.11277E-04 1.14375E-01 6.25355E+01 
4.86230E+02 1.90364E-04 1.04287E-01 5.76692E+01 
4.93827E+02 1.71153E-04 9.48741E-02 5.30570E+01 
5.01425E+02 1.53547E-04 8.61141E-02 4.86982E+01 
5.09022E+02 1.37452E-04 7.79829E-02 4.45905E+01 
5.16620E+02 1.22771E-04 7.04553E-02 4.07306E+01 
5.24217E+02 1.09413E-04 6.35045E-02 3.71136E+01 
5.31814E+02 9.72880E-05 5.71029E-02 3.37338E+01 
5.39412E+02 8.63079E-05 5.12225E-02 3.05845E+01 
5.47009E+02 7.63884E-05 4.58348E-02 2.76582E+01 
5.54606E+02 6.74484E-05 4.09112E-02 2.49465E+01 
5.62204E+02 5.94105E-05 3.64234E-02 2.24407E+01 
5.69801E+02 5.22008E-05 3.23432E-02 2.01315E+01 
5.77398E+02 4.57494E-05 2.86431E-02 1.80094E+01 
5.84996E+02 3.99903E-05 2.52963E-02 1.60645E+01 
5.92593E+02 3.48614E-05 2.22768E-02 1.42868E+01 
6.00190E+02 3.03046E-05 1.95596E-02 1.26665E+01 
6.07788E+02 2.62659E-05 1.71205E-02 1.11935E+01 
6.15385E+02 2.26948E-05 1.49368E-02 9.85810E+00 
6.22982E+02 1.95447E-05 1.29865E-02 8.65068E+00 
6.30580E+02 1.67725E-05 1.12492E-02 7.56190E+00 
6.38177E+02 1.43388E-05 9.70556E-03 6.58274E+00 
6.45774E+02 1.22074E-05 8.33739E-03 5.70451E+00 
6.53372E+02 1.03450E-05 7.12782E-03 4.91890E+00 
6.60969E+02 8.72170E-06 6.06116E-03 4.21801E+00 
6.68566E+02 7.31010E-06 5.12290E-03 3.59436E+00 
6.76164E+02 6.08552E-06 4.29965E-03 3.04091E+00 
6.83761E+02 5.02573E-06 3.57913E-03 2.55104E+00 
6.91359E+02 4.11073E-06 2.95009E-03 2.11860E+00 
6.98956E+02 3.32261E-06 2.40230E-03 1.73785E+00 
7.06553E+02 2.64542E-06 1.92647E-03 1.40349E+00 
7.14151E+02 2.06490E-06 1.51416E-03 1.11064E+00 
7.21748E+02 1.56846E-06 1.15778E-03 8.54819E-01 
7.29345E+02 1.14492E-06 8.50528E-04 6.31920E-01 
7.36943E+02 7.84438E-07 5.86282E-04 4.38215E-01 
7.44540E+02 4.78360E-07 3.59589E-04 2.70316E-01 
7.52137E+02 2.19093E-07 1.65597E-04 1.25164E-01 
