100 2 
0.00000E+00 3.72217E-03 1.00586E+00 3.34946E+02 
7.78991E+00 3.72010E-03 1.00585E+00 3.34946E+02 
1.55798E+01 3.71390E-03 1.00577E+00 3.34945E+02 
2.33697E+01 3.70358E-03 1.00557E+00 3.34941E+02 
3.11596E+01 3.68915E-03 1.00517E+00 3.34930E+02 
3.89496E+01 3.67065E-03 1.00452E+00 3.34907E+02 
4.67395E+01 3.64811E-03 1.00355E+00 3.34866E+02 
5.45294E+01 3.62157E-03 1.00221E+00 3.34797E+02 
6.23193E+01 3.59108E-03 1.00042E+00 3.34693E+02 
7.01092E+01 3.55671E-03 9.98145E-01 3.34542E+02 
7.78991E+01 3.51851E-03 9.95316E-01 3.34332E+02 
8.56890E+01 3.47658E-03 9.91884E-01 3.34051E+02 
9.34789E+01 3.43100E-03 9.87799E-01 3.33684E+02 
1.01269E+02 3.38187E-03 9.83012E-01 3.33218E+02 
1.09059E+02 3.32930E-03 9.77481E-01 3.32636E+02 
1.16849E+02 3.27341E-03 9.71166E-01 3.31922E+02 
1.24639E+02 3.21433E-03 9.64030E-01 3.31060E+02 
1.32428E+02 3.15220E-03 9.56043E-01 3.30032E+02 
1.40218E+02 3.08717E-03 9.47177E-01 3.28823E+02 
1.48008E+02 3.01942E-03 9.37410E-01 3.27415E+02 
1.55798E+02 2.94911E-03 9.26728E-01 3.25792E+02 
1.63588E+02 2.87642E-03 9.15119E-01 3.23937E+02 
1.71378E+02 2.80155E-03 9.02578E-01 3.21836E+02 
1.79168E+02 2.72470E-03 8.89107E-01 3.19475E+02 
1.86958E+02 2.64608E-03 8.74713E-01 3.16839E+02 
1.94748E+02 2.56590E-03 8.59411E-01 3.13918E+02 
2.02538E+02 2.48439E-03 8.43219E-01 3.10701E+02 
2.10328E+02 2.40178E-03 8.26164E-01 3.07180E+02 
2.18118E+02 2.31829E-03 8.08278E-01 3.03348E+02 
2.25907E+02 2.23416E-03 7.89600E-01 2.99200E+02 
2.33697E+02 2.14962E-03 7.70173E-01 2.94736E+02 
2.41487E+02 2.06491E-03 7.50046E-01 2.89953E+02 
2.49277E+02 1.98026E-03 7.29274E-01 2.84856E+02 
2.57067E+02 1.89589E-03 7.07915E-01 2.79448E+02 
2.64857E+02 1.81204E-03 6.86032E-01 2.73737E+02 
2.72647E+02 1.72891E-03 6.63692E-01 2.67733E+02 
2.80437E+02 1.64672E-03 6.40964E-01 2.61447E+02 
2.88227E+02 1.56567E-03 6.17920E-01 2.54895E+02 
2.96017E+02 1.48595E-03 5.94633E-01 2.48092E+02 
3.03807E+02 1.40775E-03 5.71180E-01 2.41058E+02 
3.11596E+02 1.33122E-03 5.47634E-01 2.33813E+02 
3.19386E+02 1.25654E-03 5.24073E-01 2.26380E+02 
3.27176E+02 1.18383E-03 5.00569E-01 2.18781E+02 
3.34966E+02 1.11323E-03 4.77196E-01 2.11043E+02 
3.42756E+02 1.04484E-03 4.54026E-01 2.03192E+02 
3.50546E+02 9.78782E-04 4.31126E-01 1.95254E+02 
3.58336E+02 9.15119E-04 4.08563E-01 1.87257E+02 
3.66126E+02 8.53926E-04 3.86399E-01 1.79229E+02 
3.73916E+02 7.95254E-04 3.64691E-01 1.71196E+02 
3.81706E+02 7.39141E-04 3.43492E-01 1.63188E+02 
3.89496E+02 6.85612E-04 3.22853E-01 1.55230E+02 
3.97285E+02 6.34675E-04 3.02817E-01 1.47348E+02 
4.05075E+02 5.86327E-04 2.83422E-01 1.39568E+02 
4.12865E+02 5.40552E-04 2.64703E-01 1.31913E+02 
4.20655E+02 4.97321E-04 2.46688E-01 1.24405E+02 
4.28445E+02 4.56596E-04 2.29400E-01 1.17066E+02 
4.36235E+02 4.18328E-04 2.12857E-01 1.09914E+02 
4.44025E+02 3.82459E-04 1.97071E-01 1.02967E+02 
4.51815E+02 3.48922E-04 1.82051E-01 9.62395E+01 
4.59605E+02 3.17646E-04 1.67799E-01 8.97453E+01 
4.67395E+02 2.88549E-04 1.54314E-01 8.34957E+01 
4.75185E+02 2.61549E-04 1.41591E-01 7.74997E+01 
4.82974E+02 2.36558E-04 1.29619E-01 7.17647E+01 
4.90764E+02 2.13482E-04 1.18386E-01 6.62961E+01 
4.98554E+02 1.92230E-04 1.07874E-01 6.10970E+01 
5.06344E+02 1.72707E-04 9.80657E-02 5.61691E+01 
5.14134E+02 1.54815E-04 8.89378E-02 5.15122E+01 
5.21924E+02 1.38461E-04 8.04669E-02 4.71244E+01 
5.29714E+02 1.23550E-04 7.26270E-02 4.30024E+01 
5.37504E+02 1.09987E-04 6.53908E-02 3.91415E+01 
5.45294E+02 9.76828E-05 5.87300E-02 3.55357E+01 
5.53084E+02 8.65479E-05 5.26156E-02 3.21781E+01 
5.60874E+02 7.64964E-05 4.70178E-02 2.90606E+01 
5.68664E+02 6.74457E-05 4.19069E-02 2.61744E+01 
5.76453E+02 5.93165E-05 3.72530E-02 2.35101E+01 
5.84243E+02 5.20333E-05 3.30267E-02 2.10576E+01 
5.92033E+02 4.55244E-05 2.91991E-02 1.88067E+01 
5.99823E+02 3.97221E-05 2.57417E-02 1.67466E+01 
6.07613E+02 3.45625E-05 2.26272E-02 1.48665E+01 
6.15403E+02 2.99860E-05 1.98290E-02 1.31556E+01 
6.23193E+02 2.59369E-05 1.73217E-02 1.16030E+01 
6.30983E+02 2.23633E-05 1.50810E-02 1.01981E+01 
6.38773E+02 1.92173E-05 1.30840E-02 8.93033E+00 
6.46563E+02 1.64546E-05 1.13088E-02 7.78959E+00 
6.54353E+02 1.40347E-05 9.73493E-03 6.76600E+00 
6.62142E+02 1.19204E-05 8.34333E-03 5.85009E+00 
6.69932E+02 1.00775E-05 7.11611E-03 5.03282E+00 
6.77722E+02 8.47543E-06 6.03671E-03 4.30558E+00 
6.85512E+02 7.08608E-06 5.08984E-03 3.66026E+00 
6.93302E+02 5.88426E-06 4.26141E-03 3.08921E+00 
7.01092E+02 4.84725E-06 3.53851E-03 2.58527E+00 
7.08882E+02 3.95469E-06 2.90935E-03 2.14178E+00 
7.16672E+02 3.18838E-06 2.36322E-03 1.75256E+00 
7.24462E+02 2.53211E-06 1.89040E-03 1.41191E+00 
7.32252E+02 1.97150E-06 1.48213E-03 1.11458E+00 
7.40042E+02 1.49379E-06 1.13052E-03 8.55773E-01 
7.47831E+02 1.08774E-06 8.28488E-04 6.31113E-01 
7.55621E+02 7.43473E-07 5.69731E-04 4.36624E-01 
7.63411E+02 4.52316E-07 3.48624E-04 2.68713E-01 
7.71201E+02 2.06694E-07 1.60184E-04 1.24141E-01 
