100 2 
0.00000E+00 3.96926E-03 1.00578E+00 3.17232E+02 
7.51152E+00 3.96678E-03 1.00577E+00 3.17232E+02 
1.50230E+01 3.95935E-03 1.00568E+00 3.17231E+02 
2.25346E+01 3.94699E-03 1.00545E+00 3.17226E+02 
3.00461E+01 3.92973E-03 1.00499E+00 3.17214E+02 
3.75576E+01 3.90763E-03 1.00424E+00 3.17188E+02 
4.50691E+01 3.88074E-03 1.00312E+00 3.17142E+02 
5.25806E+01 3.84915E-03 1.00158E+00 3.17066E+02 
6.00921E+01 3.81294E-03 9.99537E-01 3.16951E+02 
6.76037E+01 3.77223E-03 9.96935E-01 3.16784E+02 
7.51152E+01 3.72713E-03 9.93714E-01 3.16554E+02 
8.26267E+01 3.67778E-03 9.89819E-01 3.16246E+02 
9.01382E+01 3.62431E-03 9.85197E-01 3.15847E+02 
9.76497E+01 3.56689E-03 9.79804E-01 3.15340E+02 
1.05161E+02 3.50569E-03 9.73595E-01 3.14710E+02 
1.12673E+02 3.44089E-03 9.66535E-01 3.13940E+02 
1.20184E+02 3.37269E-03 9.58592E-01 3.13015E+02 
1.27696E+02 3.30128E-03 9.49741E-01 3.11917E+02 
1.35207E+02 3.22689E-03 9.39960E-01 3.10631E+02 
1.42719E+02 3.14974E-03 9.29237E-01 3.09140E+02 
1.50230E+02 3.07006E-03 9.17565E-01 3.07430E+02 
1.57742E+02 2.98810E-03 9.04942E-01 3.05486E+02 
1.65253E+02 2.90409E-03 8.91374E-01 3.03294E+02 
1.72765E+02 2.81829E-03 8.76872E-01 3.00842E+02 
1.80276E+02 2.73096E-03 8.61455E-01 2.98120E+02 
1.87788E+02 2.64235E-03 8.45147E-01 2.95119E+02 
1.95299E+02 2.55272E-03 8.27980E-01 2.91830E+02 
2.02811E+02 2.46234E-03 8.09989E-01 2.88248E+02 
2.10322E+02 2.37147E-03 7.91217E-01 2.84370E+02 
2.17834E+02 2.28035E-03 7.71711E-01 2.80194E+02 
2.25346E+02 2.18925E-03 7.51524E-01 2.75720E+02 
2.32857E+02 2.09841E-03 7.30712E-01 2.70952E+02 
2.40369E+02 2.00807E-03 7.09338E-01 2.65894E+02 
2.47880E+02 1.91847E-03 6.87464E-01 2.60554E+02 
2.55392E+02 1.82983E-03 6.65158E-01 2.54941E+02 
2.62903E+02 1.74236E-03 6.42491E-01 2.49066E+02 
2.70415E+02 1.65626E-03 6.19534E-01 2.42945E+02 
2.77926E+02 1.57173E-03 5.96360E-01 2.36591E+02 
2.85438E+02 1.48895E-03 5.73043E-01 2.30023E+02 
2.92949E+02 1.40807E-03 5.49655E-01 2.23259E+02 
3.00461E+02 1.32925E-03 5.26271E-01 2.16321E+02 
3.07972E+02 1.25263E-03 5.02961E-01 2.09230E+02 
3.15484E+02 1.17831E-03 4.79796E-01 2.02008E+02 
3.22995E+02 1.10641E-03 4.56843E-01 1.94681E+02 
3.30507E+02 1.03701E-03 4.34169E-01 1.87273E+02 
3.38018E+02 9.70190E-04 4.11835E-01 1.79807E+02 
3.45530E+02 9.06002E-04 3.89899E-01 1.72311E+02 
3.53041E+02 8.44491E-04 3.68416E-01 1.64807E+02 
3.60553E+02 7.85685E-04 3.47435E-01 1.57322E+02 
3.68064E+02 7.29597E-04 3.27004E-01 1.49879E+02 
3.75576E+02 6.76229E-04 3.07162E-01 1.42502E+02 
3.83087E+02 6.25568E-04 2.87947E-01 1.35213E+02 
3.90599E+02 5.77591E-04 2.69389E-01 1.28034E+02 
3.98110E+02 5.32261E-04 2.51514E-01 1.20986E+02 
4.05622E+02 4.89533E-04 2.34345E-01 1.14086E+02 
4.13133E+02 4.49352E-04 2.17897E-01 1.07354E+02 
4.20645E+02 4.11656E-04 2.02184E-01 1.00803E+02 
4.28156E+02 3.76372E-04 1.87211E-01 9.44493E+01 
4.35668E+02 3.43425E-04 1.72982E-01 8.83041E+01 
4.43180E+02 3.12731E-04 1.59496E-01 8.23784E+01 
4.50691E+02 2.84203E-04 1.46747E-01 7.66809E+01 
4.58203E+02 2.57750E-04 1.34727E-01 7.12189E+01 
4.65714E+02 2.33279E-04 1.23423E-01 6.59975E+01 
4.73226E+02 2.10693E-04 1.12821E-01 6.10206E+01 
4.80737E+02 1.89897E-04 1.02903E-01 5.62901E+01 
4.88249E+02 1.70793E-04 9.36479E-02 5.18067E+01 
4.95760E+02 1.53284E-04 8.50344E-02 4.75692E+01 
5.03272E+02 1.37275E-04 7.70384E-02 4.35754E+01 
5.10783E+02 1.22671E-04 6.96347E-02 3.98219E+01 
5.18295E+02 1.09380E-04 6.27967E-02 3.63038E+01 
5.25806E+02 9.73117E-05 5.64974E-02 3.30156E+01 
5.33318E+02 8.63799E-05 5.07090E-02 2.99506E+01 
5.40829E+02 7.65003E-05 4.54036E-02 2.71015E+01 
5.48341E+02 6.75925E-05 4.05531E-02 2.44603E+01 
5.55852E+02 5.95795E-05 3.61297E-02 2.20184E+01 
5.63364E+02 5.23883E-05 3.21059E-02 1.97669E+01 
5.70875E+02 4.59497E-05 2.84549E-02 1.76966E+01 
5.78387E+02 4.01982E-05 2.51503E-02 1.57979E+01 
5.85898E+02 3.50726E-05 2.21669E-02 1.40613E+01 
5.93410E+02 3.05153E-05 1.94800E-02 1.24771E+01 
6.00921E+02 2.64729E-05 1.70663E-02 1.10359E+01 
6.08433E+02 2.28954E-05 1.49033E-02 9.72815E+00 
6.15944E+02 1.97368E-05 1.29699E-02 8.54468E+00 
6.23456E+02 1.69545E-05 1.12459E-02 7.47646E+00 
6.30967E+02 1.45094E-05 9.71255E-03 6.51480E+00 
6.38479E+02 1.23656E-05 8.35203E-03 5.65135E+00 
6.45990E+02 1.04904E-05 7.14788E-03 4.87810E+00 
6.53502E+02 8.85396E-06 6.08474E-03 4.18741E+00 
6.61014E+02 7.42918E-06 5.14842E-03 3.57208E+00 
6.68525E+02 6.19160E-06 4.32582E-03 3.02531E+00 
6.76037E+02 5.11910E-06 3.60490E-03 2.54071E+00 
6.83548E+02 4.19184E-06 2.97464E-03 2.11232E+00 
6.91060E+02 3.39202E-06 2.42499E-03 1.73459E+00 
6.98571E+02 2.70372E-06 1.94682E-03 1.40239E+00 
7.06083E+02 2.11278E-06 1.53184E-03 1.11098E+00 
7.13594E+02 1.60660E-06 1.17258E-03 8.55999E-01 
7.21106E+02 1.17404E-06 8.62333E-04 6.33468E-01 
7.28617E+02 8.05255E-07 5.95049E-04 4.39749E-01 
7.36129E+02 4.91567E-07 3.65345E-04 2.71542E-01 
7.43640E+02 2.25372E-07 1.68418E-04 1.25858E-01 
