100 2 
0.00000E+00 3.72367E-03 1.00586E+00 3.34833E+02 
7.78820E+00 3.72160E-03 1.00585E+00 3.34833E+02 
1.55764E+01 3.71540E-03 1.00577E+00 3.34832E+02 
2.33646E+01 3.70506E-03 1.00557E+00 3.34828E+02 
3.11528E+01 3.69062E-03 1.00517E+00 3.34817E+02 
3.89410E+01 3.67210E-03 1.00452E+00 3.34794E+02 
4.67292E+01 3.64953E-03 1.00355E+00 3.34753E+02 
5.45174E+01 3.62296E-03 1.00220E+00 3.34684E+02 
6.23056E+01 3.59243E-03 1.00042E+00 3.34579E+02 
7.00938E+01 3.55802E-03 9.98137E-01 3.34428E+02 
7.78820E+01 3.51978E-03 9.95306E-01 3.34218E+02 
8.56702E+01 3.47781E-03 9.91871E-01 3.33937E+02 
9.34584E+01 3.43218E-03 9.87782E-01 3.33570E+02 
1.01247E+02 3.38300E-03 9.82992E-01 3.33103E+02 
1.09035E+02 3.33037E-03 9.77456E-01 3.32521E+02 
1.16823E+02 3.27443E-03 9.71136E-01 3.31807E+02 
1.24611E+02 3.21529E-03 9.63995E-01 3.30944E+02 
1.32399E+02 3.15310E-03 9.56002E-01 3.29916E+02 
1.40188E+02 3.08802E-03 9.47130E-01 3.28707E+02 
1.47976E+02 3.02021E-03 9.37358E-01 3.27298E+02 
1.55764E+02 2.94983E-03 9.26669E-01 3.25674E+02 
1.63552E+02 2.87709E-03 9.15053E-01 3.23819E+02 
1.71340E+02 2.80216E-03 9.02505E-01 3.21717E+02 
1.79129E+02 2.72526E-03 8.89028E-01 3.19355E+02 
1.86917E+02 2.64658E-03 8.74627E-01 3.16719E+02 
1.94705E+02 2.56635E-03 8.59318E-01 3.13797E+02 
2.02493E+02 2.48479E-03 8.43119E-01 3.10579E+02 
2.10281E+02 2.40213E-03 8.26058E-01 3.07058E+02 
2.18070E+02 2.31860E-03 8.08167E-01 3.03225E+02 
2.25858E+02 2.23442E-03 7.89483E-01 2.99078E+02 
2.33646E+02 2.14985E-03 7.70051E-01 2.94612E+02 
2.41434E+02 2.06510E-03 7.49919E-01 2.89830E+02 
2.49223E+02 1.98041E-03 7.29143E-01 2.84733E+02 
2.57011E+02 1.89601E-03 7.07780E-01 2.79325E+02 
2.64799E+02 1.81212E-03 6.85894E-01 2.73615E+02 
2.72587E+02 1.72897E-03 6.63552E-01 2.67611E+02 
2.80375E+02 1.64675E-03 6.40822E-01 2.61326E+02 
2.88164E+02 1.56568E-03 6.17777E-01 2.54775E+02 
2.95952E+02 1.48595E-03 5.94490E-01 2.47974E+02 
3.03740E+02 1.40773E-03 5.71037E-01 2.40942E+02 
3.11528E+02 1.33119E-03 5.47492E-01 2.33698E+02 
3.19316E+02 1.25649E-03 5.23932E-01 2.26267E+02 
3.27105E+02 1.18377E-03 5.00430E-01 2.18671E+02 
3.34893E+02 1.11316E-03 4.77060E-01 2.10936E+02 
3.42681E+02 1.04478E-03 4.53893E-01 2.03087E+02 
3.50469E+02 9.78708E-04 4.30997E-01 1.95152E+02 
3.58257E+02 9.15043E-04 4.08438E-01 1.87158E+02 
3.66046E+02 8.53848E-04 3.86278E-01 1.79133E+02 
3.73834E+02 7.95176E-04 3.64575E-01 1.71105E+02 
3.81622E+02 7.39064E-04 3.43381E-01 1.63100E+02 
3.89410E+02 6.85537E-04 3.22747E-01 1.55145E+02 
3.97198E+02 6.34602E-04 3.02716E-01 1.47267E+02 
4.04987E+02 5.86257E-04 2.83327E-01 1.39491E+02 
4.12775E+02 5.40486E-04 2.64614E-01 1.31840E+02 
4.20563E+02 4.97259E-04 2.46604E-01 1.24336E+02 
4.28351E+02 4.56538E-04 2.29321E-01 1.17001E+02 
4.36139E+02 4.18275E-04 2.12784E-01 1.09853E+02 
4.43928E+02 3.82410E-04 1.97004E-01 1.02910E+02 
4.51716E+02 3.48878E-04 1.81989E-01 9.61863E+01 
4.59504E+02 3.17605E-04 1.67742E-01 8.96959E+01 
4.67292E+02 2.88513E-04 1.54262E-01 8.34499E+01 
4.75080E+02 2.61517E-04 1.41543E-01 7.74575E+01 
4.82869E+02 2.36529E-04 1.29576E-01 7.17259E+01 
4.90657E+02 2.13458E-04 1.18347E-01 6.62605E+01 
4.98445E+02 1.92209E-04 1.07840E-01 6.10646E+01 
5.06233E+02 1.72689E-04 9.80348E-02 5.61397E+01 
5.14021E+02 1.54800E-04 8.89105E-02 5.14855E+01 
5.21810E+02 1.38449E-04 8.04427E-02 4.71004E+01 
5.29598E+02 1.23540E-04 7.26058E-02 4.29808E+01 
5.37386E+02 1.09979E-04 6.53723E-02 3.91222E+01 
5.45174E+02 9.76768E-05 5.87140E-02 3.55186E+01 
5.52962E+02 8.65435E-05 5.26018E-02 3.21629E+01 
5.60751E+02 7.64934E-05 4.70061E-02 2.90472E+01 
5.68539E+02 6.74440E-05 4.18970E-02 2.61627E+01 
5.76327E+02 5.93158E-05 3.72447E-02 2.34999E+01 
5.84115E+02 5.20334E-05 3.30198E-02 2.10488E+01 
5.91903E+02 4.55252E-05 2.91934E-02 1.87991E+01 
5.99692E+02 3.97234E-05 2.57371E-02 1.67400E+01 
6.07480E+02 3.45642E-05 2.26235E-02 1.48609E+01 
6.15268E+02 2.99880E-05 1.98261E-02 1.31509E+01 
6.23056E+02 2.59390E-05 1.73195E-02 1.15990E+01 
6.30844E+02 2.23656E-05 1.50794E-02 1.01948E+01 
6.38633E+02 1.92196E-05 1.30828E-02 8.92760E+00 
6.46421E+02 1.64570E-05 1.13079E-02 7.78736E+00 
6.54209E+02 1.40370E-05 9.73442E-03 6.76419E+00 
6.61997E+02 1.19225E-05 8.34306E-03 5.84865E+00 
6.69786E+02 1.00796E-05 7.11603E-03 5.03168E+00 
6.77574E+02 8.47735E-06 6.03678E-03 4.30470E+00 
6.85362E+02 7.08785E-06 5.09001E-03 3.65959E+00 
6.93150E+02 5.88585E-06 4.26164E-03 3.08870E+00 
7.00938E+02 4.84866E-06 3.53877E-03 2.58490E+00 
7.08727E+02 3.95593E-06 2.90963E-03 2.14152E+00 
7.16515E+02 3.18945E-06 2.36350E-03 1.75239E+00 
7.24303E+02 2.53302E-06 1.89067E-03 1.41180E+00 
7.32091E+02 1.97225E-06 1.48237E-03 1.11452E+00 
7.39879E+02 1.49439E-06 1.13073E-03 8.55745E-01 
7.47668E+02 1.08820E-06 8.28660E-04 6.31105E-01 
7.55456E+02 7.43805E-07 5.69861E-04 4.36628E-01 
7.63244E+02 4.52527E-07 3.48711E-04 2.68721E-01 
7.71032E+02 2.06793E-07 1.60226E-04 1.24146E-01 
