100 2 
0.00000E+00 3.90377E-03 1.00580E+00 3.21769E+02 
7.58514E+00 3.90140E-03 1.00579E+00 3.21769E+02 
1.51703E+01 3.89429E-03 1.00571E+00 3.21768E+02 
2.27554E+01 3.88247E-03 1.00548E+00 3.21764E+02 
3.03406E+01 3.86595E-03 1.00504E+00 3.21752E+02 
3.79257E+01 3.84480E-03 1.00431E+00 3.21727E+02 
4.55108E+01 3.81905E-03 1.00324E+00 3.21682E+02 
5.30960E+01 3.78879E-03 1.00174E+00 3.21608E+02 
6.06811E+01 3.75408E-03 9.99765E-01 3.21495E+02 
6.82663E+01 3.71504E-03 9.97244E-01 3.21332E+02 
7.58514E+01 3.67175E-03 9.94123E-01 3.21107E+02 
8.34366E+01 3.62434E-03 9.90344E-01 3.20806E+02 
9.10217E+01 3.57295E-03 9.85858E-01 3.20414E+02 
9.86068E+01 3.51770E-03 9.80618E-01 3.19916E+02 
1.06192E+02 3.45876E-03 9.74580E-01 3.19298E+02 
1.13777E+02 3.39629E-03 9.67708E-01 3.18541E+02 
1.21362E+02 3.33048E-03 9.59968E-01 3.17631E+02 
1.28947E+02 3.26150E-03 9.51333E-01 3.16549E+02 
1.36533E+02 3.18956E-03 9.41782E-01 3.15281E+02 
1.44118E+02 3.11487E-03 9.31299E-01 3.13809E+02 
1.51703E+02 3.03764E-03 9.19874E-01 3.12119E+02 
1.59288E+02 2.95809E-03 9.07504E-01 3.10195E+02 
1.66873E+02 2.87647E-03 8.94192E-01 3.08023E+02 
1.74458E+02 2.79301E-03 8.79946E-01 3.05592E+02 
1.82043E+02 2.70795E-03 8.64783E-01 3.02888E+02 
1.89629E+02 2.62154E-03 8.48725E-01 2.99903E+02 
1.97214E+02 2.53403E-03 8.31798E-01 2.96629E+02 
2.04799E+02 2.44567E-03 8.14038E-01 2.93058E+02 
2.12384E+02 2.35673E-03 7.95483E-01 2.89188E+02 
2.19969E+02 2.26743E-03 7.76180E-01 2.85014E+02 
2.27554E+02 2.17804E-03 7.56178E-01 2.80538E+02 
2.35139E+02 2.08880E-03 7.35533E-01 2.75762E+02 
2.42725E+02 1.99995E-03 7.14303E-01 2.70689E+02 
2.50310E+02 1.91171E-03 6.92552E-01 2.65326E+02 
2.57895E+02 1.82432E-03 6.70346E-01 2.59684E+02 
2.65480E+02 1.73799E-03 6.47755E-01 2.53772E+02 
2.73065E+02 1.65292E-03 6.24849E-01 2.47603E+02 
2.80650E+02 1.56931E-03 6.01701E-01 2.41195E+02 
2.88235E+02 1.48733E-03 5.78386E-01 2.34563E+02 
2.95821E+02 1.40717E-03 5.54976E-01 2.27726E+02 
3.03406E+02 1.32896E-03 5.31546E-01 2.20706E+02 
3.10991E+02 1.25286E-03 5.08167E-01 2.13525E+02 
3.18576E+02 1.17898E-03 4.84913E-01 2.06205E+02 
3.26161E+02 1.10743E-03 4.61851E-01 1.98770E+02 
3.33746E+02 1.03832E-03 4.39049E-01 1.91247E+02 
3.41331E+02 9.71720E-04 4.16570E-01 1.83660E+02 
3.48917E+02 9.07694E-04 3.94475E-01 1.76034E+02 
3.56502E+02 8.46290E-04 3.72819E-01 1.68396E+02 
3.64087E+02 7.87545E-04 3.51655E-01 1.60771E+02 
3.71672E+02 7.31478E-04 3.31031E-01 1.53185E+02 
3.79257E+02 6.78095E-04 3.10989E-01 1.45660E+02 
3.86842E+02 6.27390E-04 2.91568E-01 1.38221E+02 
3.94427E+02 5.79344E-04 2.72802E-01 1.30891E+02 
4.02013E+02 5.33926E-04 2.54717E-01 1.23690E+02 
4.09598E+02 4.91096E-04 2.37338E-01 1.16637E+02 
4.17183E+02 4.50801E-04 2.20682E-01 1.09752E+02 
4.24768E+02 4.12983E-04 2.04763E-01 1.03051E+02 
4.32353E+02 3.77574E-04 1.89589E-01 9.65492E+01 
4.39938E+02 3.44499E-04 1.75165E-01 9.02587E+01 
4.47523E+02 3.13678E-04 1.61491E-01 8.41913E+01 
4.55108E+02 2.85027E-04 1.48561E-01 7.83564E+01 
4.62694E+02 2.58455E-04 1.36369E-01 7.27616E+01 
4.70279E+02 2.33870E-04 1.24901E-01 6.74128E+01 
4.77864E+02 2.11178E-04 1.14145E-01 6.23139E+01 
4.85449E+02 1.90283E-04 1.04082E-01 5.74674E+01 
4.93034E+02 1.71089E-04 9.46921E-02 5.28740E+01 
5.00619E+02 1.53498E-04 8.59535E-02 4.85329E+01 
5.08204E+02 1.37415E-04 7.78423E-02 4.44418E+01 
5.15790E+02 1.22747E-04 7.03328E-02 4.05974E+01 
5.23375E+02 1.09399E-04 6.33986E-02 3.69949E+01 
5.30960E+02 9.72833E-05 5.70121E-02 3.36284E+01 
5.38545E+02 8.63109E-05 5.11453E-02 3.04915E+01 
5.46130E+02 7.63978E-05 4.57697E-02 2.75764E+01 
5.53715E+02 6.74632E-05 4.08569E-02 2.48750E+01 
5.61300E+02 5.94294E-05 3.63786E-02 2.23786E+01 
5.68886E+02 5.22229E-05 3.23068E-02 2.00778E+01 
5.76471E+02 4.57738E-05 2.86140E-02 1.79633E+01 
5.84056E+02 4.00162E-05 2.52735E-02 1.60251E+01 
5.91641E+02 3.48882E-05 2.22594E-02 1.42535E+01 
5.99226E+02 3.03318E-05 1.95467E-02 1.26385E+01 
6.06811E+02 2.62929E-05 1.71114E-02 1.11701E+01 
6.14396E+02 2.27212E-05 1.49308E-02 9.83878E+00 
6.21982E+02 1.95701E-05 1.29831E-02 8.63487E+00 
6.29567E+02 1.67968E-05 1.12478E-02 7.54912E+00 
6.37152E+02 1.43617E-05 9.70574E-03 6.57254E+00 
6.44737E+02 1.22286E-05 8.33877E-03 5.69649E+00 
6.52322E+02 1.03646E-05 7.13006E-03 4.91270E+00 
6.59907E+02 8.73958E-06 6.06400E-03 4.21332E+00 
6.67492E+02 7.32624E-06 5.12609E-03 3.59091E+00 
6.75078E+02 6.09994E-06 4.30300E-03 3.03846E+00 
6.82663E+02 5.03844E-06 3.58248E-03 2.54938E+00 
6.90248E+02 4.12179E-06 2.95333E-03 2.11754E+00 
6.97833E+02 3.33209E-06 2.40532E-03 1.73725E+00 
7.05418E+02 2.65339E-06 1.92919E-03 1.40323E+00 
7.13003E+02 2.07145E-06 1.51653E-03 1.11061E+00 
7.20588E+02 1.57368E-06 1.15978E-03 8.54921E-01 
7.28174E+02 1.14891E-06 8.52125E-04 6.32092E-01 
7.35759E+02 7.87293E-07 5.87471E-04 4.38400E-01 
7.43344E+02 4.80173E-07 3.60372E-04 2.70470E-01 
7.50929E+02 2.19955E-07 1.65981E-04 1.25253E-01 
