100 2 
0.00000E+00 3.89947E-03 1.00580E+00 3.22071E+02 
7.58998E+00 3.89710E-03 1.00579E+00 3.22071E+02 
1.51800E+01 3.89002E-03 1.00571E+00 3.22070E+02 
2.27699E+01 3.87822E-03 1.00548E+00 3.22066E+02 
3.03599E+01 3.86176E-03 1.00504E+00 3.22054E+02 
3.79499E+01 3.84067E-03 1.00432E+00 3.22029E+02 
4.55399E+01 3.81500E-03 1.00324E+00 3.21984E+02 
5.31299E+01 3.78482E-03 1.00175E+00 3.21910E+02 
6.07198E+01 3.75022E-03 9.99780E-01 3.21798E+02 
6.83098E+01 3.71128E-03 9.97265E-01 3.21635E+02 
7.58998E+01 3.66811E-03 9.94150E-01 3.21410E+02 
8.34898E+01 3.62084E-03 9.90379E-01 3.21109E+02 
9.10798E+01 3.56957E-03 9.85903E-01 3.20718E+02 
9.86697E+01 3.51447E-03 9.80672E-01 3.20221E+02 
1.06260E+02 3.45568E-03 9.74646E-01 3.19603E+02 
1.13850E+02 3.39337E-03 9.67786E-01 3.18848E+02 
1.21440E+02 3.32771E-03 9.60060E-01 3.17938E+02 
1.29030E+02 3.25889E-03 9.51440E-01 3.16858E+02 
1.36620E+02 3.18712E-03 9.41904E-01 3.15591E+02 
1.44210E+02 3.11258E-03 9.31437E-01 3.14121E+02 
1.51800E+02 3.03552E-03 9.20029E-01 3.12431E+02 
1.59390E+02 2.95613E-03 9.07676E-01 3.10509E+02 
1.66980E+02 2.87467E-03 8.94381E-01 3.08339E+02 
1.74570E+02 2.79136E-03 8.80153E-01 3.05908E+02 
1.82160E+02 2.70645E-03 8.65007E-01 3.03206E+02 
1.89749E+02 2.62019E-03 8.48965E-01 3.00223E+02 
1.97339E+02 2.53282E-03 8.32055E-01 2.96949E+02 
2.04929E+02 2.44460E-03 8.14310E-01 2.93380E+02 
2.12519E+02 2.35578E-03 7.95771E-01 2.89510E+02 
2.20109E+02 2.26660E-03 7.76481E-01 2.85336E+02 
2.27699E+02 2.17733E-03 7.56492E-01 2.80860E+02 
2.35289E+02 2.08819E-03 7.35858E-01 2.76083E+02 
2.42879E+02 1.99944E-03 7.14638E-01 2.71010E+02 
2.50469E+02 1.91129E-03 6.92895E-01 2.65646E+02 
2.58059E+02 1.82398E-03 6.70696E-01 2.60001E+02 
2.65649E+02 1.73772E-03 6.48110E-01 2.54087E+02 
2.73239E+02 1.65272E-03 6.25208E-01 2.47916E+02 
2.80829E+02 1.56917E-03 6.02062E-01 2.41503E+02 
2.88419E+02 1.48725E-03 5.78747E-01 2.34867E+02 
2.96009E+02 1.40713E-03 5.55335E-01 2.28026E+02 
3.03599E+02 1.32896E-03 5.31902E-01 2.21001E+02 
3.11189E+02 1.25289E-03 5.08520E-01 2.13813E+02 
3.18779E+02 1.17904E-03 4.85259E-01 2.06487E+02 
3.26369E+02 1.10752E-03 4.62190E-01 1.99045E+02 
3.33959E+02 1.03843E-03 4.39380E-01 1.91514E+02 
3.41549E+02 9.71841E-04 4.16891E-01 1.83919E+02 
3.49139E+02 9.07824E-04 3.94785E-01 1.76285E+02 
3.56729E+02 8.46428E-04 3.73118E-01 1.68638E+02 
3.64319E+02 7.87686E-04 3.51941E-01 1.61004E+02 
3.71909E+02 7.31619E-04 3.31304E-01 1.53407E+02 
3.79499E+02 6.78235E-04 3.11249E-01 1.45873E+02 
3.87089E+02 6.27526E-04 2.91815E-01 1.38424E+02 
3.94679E+02 5.79475E-04 2.73034E-01 1.31083E+02 
4.02269E+02 5.34050E-04 2.54935E-01 1.23872E+02 
4.09859E+02 4.91212E-04 2.37541E-01 1.16809E+02 
4.17449E+02 4.50909E-04 2.20872E-01 1.09914E+02 
4.25039E+02 4.13082E-04 2.04939E-01 1.03203E+02 
4.32629E+02 3.77664E-04 1.89752E-01 9.66910E+01 
4.40219E+02 3.44580E-04 1.75315E-01 9.03908E+01 
4.47809E+02 3.13750E-04 1.61627E-01 8.43139E+01 
4.55399E+02 2.85090E-04 1.48685E-01 7.84697E+01 
4.62989E+02 2.58509E-04 1.36481E-01 7.28660E+01 
4.70579E+02 2.33916E-04 1.25003E-01 6.75086E+01 
4.78169E+02 2.11217E-04 1.14236E-01 6.24015E+01 
4.85759E+02 1.90315E-04 1.04163E-01 5.75472E+01 
4.93349E+02 1.71114E-04 9.47639E-02 5.29463E+01 
5.00939E+02 1.53517E-04 8.60169E-02 4.85982E+01 
5.08529E+02 1.37429E-04 7.78978E-02 4.45006E+01 
5.16119E+02 1.22756E-04 7.03812E-02 4.06500E+01 
5.23709E+02 1.09404E-04 6.34404E-02 3.70418E+01 
5.31299E+02 9.72848E-05 5.70479E-02 3.36701E+01 
5.38889E+02 8.63094E-05 5.11758E-02 3.05282E+01 
5.46479E+02 7.63938E-05 4.57954E-02 2.76087E+01 
5.54069E+02 6.74571E-05 4.08783E-02 2.49032E+01 
5.61659E+02 5.94217E-05 3.63962E-02 2.24031E+01 
5.69248E+02 5.22140E-05 3.23211E-02 2.00991E+01 
5.76838E+02 4.57640E-05 2.86254E-02 1.79815E+01 
5.84428E+02 4.00058E-05 2.52825E-02 1.60407E+01 
5.92018E+02 3.48775E-05 2.22662E-02 1.42667E+01 
5.99608E+02 3.03209E-05 1.95517E-02 1.26495E+01 
6.07198E+02 2.62821E-05 1.71150E-02 1.11794E+01 
6.14788E+02 2.27106E-05 1.49331E-02 9.84641E+00 
6.22378E+02 1.95599E-05 1.29844E-02 8.64110E+00 
6.29968E+02 1.67871E-05 1.12484E-02 7.55416E+00 
6.37558E+02 1.43526E-05 9.70564E-03 6.57656E+00 
6.45148E+02 1.22202E-05 8.33820E-03 5.69965E+00 
6.52738E+02 1.03568E-05 7.12915E-03 4.91514E+00 
6.60328E+02 8.73246E-06 6.06285E-03 4.21517E+00 
6.67918E+02 7.31981E-06 5.12481E-03 3.59227E+00 
6.75508E+02 6.09420E-06 4.30166E-03 3.03942E+00 
6.83098E+02 5.03338E-06 3.58114E-03 2.55003E+00 
6.90688E+02 4.11738E-06 2.95203E-03 2.11795E+00 
6.98278E+02 3.32832E-06 2.40412E-03 1.73748E+00 
7.05868E+02 2.65021E-06 1.92810E-03 1.40333E+00 
7.13458E+02 2.06885E-06 1.51558E-03 1.11062E+00 
7.21048E+02 1.57160E-06 1.15898E-03 8.54877E-01 
7.28638E+02 1.14732E-06 8.51488E-04 6.32021E-01 
7.36228E+02 7.86157E-07 5.86997E-04 4.38325E-01 
7.43818E+02 4.79452E-07 3.60060E-04 2.70409E-01 
7.51408E+02 2.19613E-07 1.65829E-04 1.25218E-01 
