100 2 
0.00000E+00 3.79478E-03 1.00584E+00 3.29568E+02 
7.70781E+00 3.79259E-03 1.00583E+00 3.29568E+02 
1.54156E+01 3.78602E-03 1.00575E+00 3.29567E+02 
2.31234E+01 3.77510E-03 1.00553E+00 3.29563E+02 
3.08312E+01 3.75984E-03 1.00512E+00 3.29551E+02 
3.85391E+01 3.74027E-03 1.00444E+00 3.29528E+02 
4.62469E+01 3.71645E-03 1.00343E+00 3.29484E+02 
5.39547E+01 3.68841E-03 1.00202E+00 3.29414E+02 
6.16625E+01 3.65623E-03 1.00016E+00 3.29306E+02 
6.93703E+01 3.61998E-03 9.97778E-01 3.29150E+02 
7.70781E+01 3.57975E-03 9.94829E-01 3.28933E+02 
8.47859E+01 3.53562E-03 9.91255E-01 3.28644E+02 
9.24937E+01 3.48770E-03 9.87006E-01 3.28266E+02 
1.00202E+02 3.43611E-03 9.82033E-01 3.27787E+02 
1.07909E+02 3.38098E-03 9.76294E-01 3.27189E+02 
1.15617E+02 3.32245E-03 9.69750E-01 3.26457E+02 
1.23325E+02 3.26066E-03 9.62366E-01 3.25574E+02 
1.31033E+02 3.19577E-03 9.54112E-01 3.24524E+02 
1.38741E+02 3.12797E-03 9.44964E-01 3.23290E+02 
1.46448E+02 3.05742E-03 9.34902E-01 3.21854E+02 
1.54156E+02 2.98432E-03 9.23914E-01 3.20202E+02 
1.61864E+02 2.90887E-03 9.11991E-01 3.18318E+02 
1.69572E+02 2.83128E-03 8.99131E-01 3.16186E+02 
1.77280E+02 2.75176E-03 8.85340E-01 3.13794E+02 
1.84987E+02 2.67054E-03 8.70627E-01 3.11128E+02 
1.92695E+02 2.58785E-03 8.55011E-01 3.08178E+02 
2.00403E+02 2.50392E-03 8.38514E-01 3.04935E+02 
2.08111E+02 2.41899E-03 8.21166E-01 3.01391E+02 
2.15819E+02 2.33330E-03 8.03001E-01 2.97541E+02 
2.23527E+02 2.24708E-03 7.84062E-01 2.93380E+02 
2.31234E+02 2.16059E-03 7.64394E-01 2.88907E+02 
2.38942E+02 2.07405E-03 7.44050E-01 2.84124E+02 
2.46650E+02 1.98770E-03 7.23085E-01 2.79033E+02 
2.54358E+02 1.90177E-03 7.01560E-01 2.73641E+02 
2.62066E+02 1.81649E-03 6.79539E-01 2.67955E+02 
2.69773E+02 1.73207E-03 6.57091E-01 2.61985E+02 
2.77481E+02 1.64872E-03 6.34285E-01 2.55745E+02 
2.85189E+02 1.56664E-03 6.11194E-01 2.49248E+02 
2.92897E+02 1.48601E-03 5.87891E-01 2.42512E+02 
3.00605E+02 1.40702E-03 5.64451E-01 2.35557E+02 
3.08312E+02 1.32982E-03 5.40949E-01 2.28401E+02 
3.16020E+02 1.25457E-03 5.17460E-01 2.21069E+02 
3.23728E+02 1.18140E-03 4.94055E-01 2.13582E+02 
3.31436E+02 1.11043E-03 4.70808E-01 2.05967E+02 
3.39144E+02 1.04177E-03 4.47787E-01 1.98248E+02 
3.46852E+02 9.75497E-04 4.25058E-01 1.90453E+02 
3.54559E+02 9.11701E-04 4.02686E-01 1.82607E+02 
3.62267E+02 8.50437E-04 3.80730E-01 1.74738E+02 
3.69975E+02 7.91750E-04 3.59245E-01 1.66872E+02 
3.77683E+02 7.35672E-04 3.38283E-01 1.59036E+02 
3.85391E+02 6.82218E-04 3.17890E-01 1.51256E+02 
3.93098E+02 6.31391E-04 2.98108E-01 1.43556E+02 
4.00806E+02 5.83182E-04 2.78973E-01 1.35961E+02 
4.08514E+02 5.37568E-04 2.60516E-01 1.28493E+02 
4.16222E+02 4.94516E-04 2.42765E-01 1.21173E+02 
4.23930E+02 4.53982E-04 2.25739E-01 1.14021E+02 
4.31637E+02 4.15912E-04 2.09455E-01 1.07056E+02 
4.39345E+02 3.80246E-04 1.93924E-01 1.00293E+02 
4.47053E+02 3.46912E-04 1.79152E-01 9.37462E+01 
4.54761E+02 3.15835E-04 1.65141E-01 8.74289E+01 
4.62469E+02 2.86933E-04 1.51887E-01 8.13512E+01 
4.70176E+02 2.60121E-04 1.39385E-01 7.55217E+01 
4.77884E+02 2.35307E-04 1.27624E-01 6.99471E+01 
4.85592E+02 2.12400E-04 1.16590E-01 6.46321E+01 
4.93300E+02 1.91305E-04 1.06266E-01 5.95796E+01 
5.01008E+02 1.71926E-04 9.66332E-02 5.47909E+01 
5.08716E+02 1.54168E-04 8.76685E-02 5.02654E+01 
5.16423E+02 1.37934E-04 7.93484E-02 4.60011E+01 
5.24131E+02 1.23130E-04 7.16473E-02 4.19948E+01 
5.31839E+02 1.09663E-04 6.45381E-02 3.82416E+01 
5.39547E+02 9.74436E-05 5.79927E-02 3.47357E+01 
5.47255E+02 8.63820E-05 5.19826E-02 3.14701E+01 
5.54962E+02 7.63936E-05 4.64785E-02 2.84371E+01 
5.62670E+02 6.73963E-05 4.14513E-02 2.56281E+01 
5.70378E+02 5.93117E-05 3.68717E-02 2.30339E+01 
5.78086E+02 5.20649E-05 3.27109E-02 2.06449E+01 
5.85794E+02 4.55850E-05 2.89405E-02 1.84510E+01 
5.93501E+02 3.98053E-05 2.55329E-02 1.64419E+01 
6.01209E+02 3.46625E-05 2.24612E-02 1.46073E+01 
6.08917E+02 3.00977E-05 1.96996E-02 1.29365E+01 
6.16625E+02 2.60560E-05 1.72233E-02 1.14192E+01 
6.24333E+02 2.24861E-05 1.50085E-02 1.00452E+01 
6.32040E+02 1.93407E-05 1.30329E-02 8.80427E+00 
6.39748E+02 1.65761E-05 1.12751E-02 7.68665E+00 
6.47456E+02 1.41522E-05 9.71528E-03 6.68286E+00 
6.55164E+02 1.20321E-05 8.33467E-03 5.78376E+00 
6.62872E+02 1.01825E-05 7.11586E-03 4.98064E+00 
6.70580E+02 8.57260E-06 6.04267E-03 4.26521E+00 
6.78287E+02 7.17490E-06 5.10014E-03 3.62961E+00 
6.85995E+02 5.96437E-06 4.27451E-03 3.06648E+00 
6.93703E+02 4.91854E-06 3.55314E-03 2.56891E+00 
7.01411E+02 4.01720E-06 2.92449E-03 2.13045E+00 
7.09119E+02 3.24229E-06 2.37805E-03 1.74511E+00 
7.16826E+02 2.57771E-06 1.90429E-03 1.40738E+00 
7.24534E+02 2.00915E-06 1.49459E-03 1.11216E+00 
7.32242E+02 1.52394E-06 1.14122E-03 8.54800E-01 
7.39950E+02 1.11086E-06 8.37197E-04 6.31040E-01 
7.47658E+02 7.60051E-07 5.76304E-04 4.37013E-01 
7.55365E+02 4.62865E-07 3.52997E-04 2.69217E-01 
7.63073E+02 2.11720E-07 1.62350E-04 1.24494E-01 
