100 2 
0.00000E+00 3.86129E-03 1.00582E+00 3.24771E+02 
7.63290E+00 3.85899E-03 1.00581E+00 3.24771E+02 
1.52658E+01 3.85210E-03 1.00572E+00 3.24770E+02 
2.28987E+01 3.84062E-03 1.00550E+00 3.24766E+02 
3.05316E+01 3.82459E-03 1.00507E+00 3.24754E+02 
3.81645E+01 3.80405E-03 1.00436E+00 3.24729E+02 
4.57974E+01 3.77906E-03 1.00331E+00 3.24685E+02 
5.34303E+01 3.74966E-03 1.00185E+00 3.24612E+02 
6.10632E+01 3.71594E-03 9.99915E-01 3.24501E+02 
6.86961E+01 3.67798E-03 9.97450E-01 3.24341E+02 
7.63290E+01 3.63587E-03 9.94394E-01 3.24119E+02 
8.39619E+01 3.58974E-03 9.90694E-01 3.23822E+02 
9.15948E+01 3.53969E-03 9.86299E-01 3.23436E+02 
9.92277E+01 3.48587E-03 9.81161E-01 3.22945E+02 
1.06861E+02 3.42841E-03 9.75238E-01 3.22334E+02 
1.14494E+02 3.36747E-03 9.68491E-01 3.21587E+02 
1.22126E+02 3.30321E-03 9.60887E-01 3.20687E+02 
1.29759E+02 3.23582E-03 9.52398E-01 3.19617E+02 
1.37392E+02 3.16549E-03 9.43001E-01 3.18361E+02 
1.45025E+02 3.09240E-03 9.32679E-01 3.16903E+02 
1.52658E+02 3.01677E-03 9.21420E-01 3.15227E+02 
1.60291E+02 2.93882E-03 9.09221E-01 3.13317E+02 
1.67924E+02 2.85876E-03 8.96081E-01 3.11160E+02 
1.75557E+02 2.77682E-03 8.82009E-01 3.08743E+02 
1.83190E+02 2.69325E-03 8.67017E-01 3.06053E+02 
1.90823E+02 2.60828E-03 8.51127E-01 3.03081E+02 
1.98455E+02 2.52216E-03 8.34364E-01 2.99818E+02 
2.06088E+02 2.43513E-03 8.16760E-01 2.96257E+02 
2.13721E+02 2.34745E-03 7.98353E-01 2.92392E+02 
2.21354E+02 2.25935E-03 7.79188E-01 2.88223E+02 
2.28987E+02 2.17108E-03 7.59313E-01 2.83747E+02 
2.36620E+02 2.08288E-03 7.38781E-01 2.78967E+02 
2.44253E+02 1.99500E-03 7.17651E-01 2.73886E+02 
2.51886E+02 1.90766E-03 6.95984E-01 2.68511E+02 
2.59519E+02 1.82109E-03 6.73848E-01 2.62850E+02 
2.67152E+02 1.73550E-03 6.51310E-01 2.56915E+02 
2.74784E+02 1.65109E-03 6.28441E-01 2.50718E+02 
2.82417E+02 1.56808E-03 6.05313E-01 2.44274E+02 
2.90050E+02 1.48663E-03 5.82001E-01 2.37601E+02 
2.97683E+02 1.40692E-03 5.58578E-01 2.30718E+02 
3.05316E+02 1.32911E-03 5.35119E-01 2.23645E+02 
3.12949E+02 1.25334E-03 5.11697E-01 2.16405E+02 
3.20582E+02 1.17974E-03 4.88384E-01 2.09020E+02 
3.28215E+02 1.10842E-03 4.65251E-01 2.01516E+02 
3.35848E+02 1.03949E-03 4.42364E-01 1.93917E+02 
3.43481E+02 9.73018E-04 4.19789E-01 1.86249E+02 
3.51113E+02 9.09086E-04 3.97587E-01 1.78539E+02 
3.58746E+02 8.47743E-04 3.75816E-01 1.70812E+02 
3.66379E+02 7.89026E-04 3.54530E-01 1.63095E+02 
3.74012E+02 7.32961E-04 3.33776E-01 1.55412E+02 
3.81645E+02 6.79557E-04 3.13600E-01 1.47790E+02 
3.89278E+02 6.28811E-04 2.94042E-01 1.40251E+02 
3.96911E+02 5.80709E-04 2.75134E-01 1.32819E+02 
4.04544E+02 5.35221E-04 2.56908E-01 1.25516E+02 
4.12177E+02 4.92311E-04 2.39387E-01 1.18361E+02 
4.19810E+02 4.51931E-04 2.22590E-01 1.11374E+02 
4.27443E+02 4.14021E-04 2.06533E-01 1.04572E+02 
4.35075E+02 3.78519E-04 1.91223E-01 9.79705E+01 
4.42708E+02 3.45350E-04 1.76667E-01 9.15824E+01 
4.50341E+02 3.14436E-04 1.62865E-01 8.54198E+01 
4.57974E+02 2.85693E-04 1.49812E-01 7.94924E+01 
4.65607E+02 2.59033E-04 1.37502E-01 7.38083E+01 
4.73240E+02 2.34365E-04 1.25924E-01 6.83735E+01 
4.80873E+02 2.11595E-04 1.15062E-01 6.31924E+01 
4.88506E+02 1.90627E-04 1.04900E-01 5.82676E+01 
4.96139E+02 1.71366E-04 9.54187E-02 5.35999E+01 
5.03772E+02 1.53714E-04 8.65946E-02 4.91887E+01 
5.11404E+02 1.37577E-04 7.84045E-02 4.50319E+01 
5.19037E+02 1.22859E-04 7.08227E-02 4.11259E+01 
5.26670E+02 1.09469E-04 6.38225E-02 3.74662E+01 
5.34303E+02 9.73162E-05 5.73761E-02 3.40469E+01 
5.41936E+02 8.63121E-05 5.14553E-02 3.08611E+01 
5.49569E+02 7.63725E-05 4.60315E-02 2.79013E+01 
5.57202E+02 6.74160E-05 4.10756E-02 2.51591E+01 
5.64835E+02 5.93648E-05 3.65593E-02 2.26256E+01 
5.72468E+02 5.21447E-05 3.24541E-02 2.02914E+01 
5.80101E+02 4.56856E-05 2.87323E-02 1.81468E+01 
5.87733E+02 3.99210E-05 2.53667E-02 1.61818E+01 
5.95366E+02 3.47888E-05 2.23311E-02 1.43864E+01 
6.02999E+02 3.02305E-05 1.96002E-02 1.27502E+01 
6.10632E+02 2.61917E-05 1.71497E-02 1.12634E+01 
6.18265E+02 2.26219E-05 1.49565E-02 9.91594E+00 
6.25898E+02 1.94740E-05 1.29985E-02 8.69805E+00 
6.33531E+02 1.67049E-05 1.12550E-02 7.60029E+00 
6.41164E+02 1.42749E-05 9.70649E-03 6.61345E+00 
6.48797E+02 1.21477E-05 8.33462E-03 5.72873E+00 
6.56430E+02 1.02898E-05 7.12234E-03 4.93767E+00 
6.64062E+02 8.67125E-06 6.05382E-03 4.23228E+00 
6.71695E+02 7.26448E-06 5.11439E-03 3.60493E+00 
6.79328E+02 6.04475E-06 4.29056E-03 3.04849E+00 
6.86961E+02 4.98972E-06 3.56992E-03 2.55625E+00 
6.94594E+02 4.07936E-06 2.94115E-03 2.12197E+00 
7.02227E+02 3.29571E-06 2.39392E-03 1.73982E+00 
7.09860E+02 2.62277E-06 1.91886E-03 1.40445E+00 
7.17493E+02 2.04627E-06 1.50748E-03 1.11090E+00 
7.25126E+02 1.55359E-06 1.15216E-03 8.54636E-01 
7.32759E+02 1.13356E-06 8.46021E-04 6.31507E-01 
7.40391E+02 7.76309E-07 5.82918E-04 4.37737E-01 
7.48024E+02 4.73199E-07 3.57373E-04 2.69907E-01 
7.55657E+02 2.16637E-07 1.64507E-04 1.24922E-01 
