100 2 
0.00000E+00 3.98017E-03 1.00578E+00 3.16486E+02 
7.49924E+00 3.97767E-03 1.00576E+00 3.16486E+02 
1.49985E+01 3.97019E-03 1.00568E+00 3.16485E+02 
2.24977E+01 3.95774E-03 1.00544E+00 3.16480E+02 
2.99970E+01 3.94036E-03 1.00498E+00 3.16468E+02 
3.74962E+01 3.91810E-03 1.00423E+00 3.16442E+02 
4.49955E+01 3.89102E-03 1.00311E+00 3.16396E+02 
5.24947E+01 3.85921E-03 1.00155E+00 3.16320E+02 
5.99939E+01 3.82276E-03 9.99500E-01 3.16204E+02 
6.74932E+01 3.78177E-03 9.96884E-01 3.16037E+02 
7.49924E+01 3.73637E-03 9.93647E-01 3.15806E+02 
8.24917E+01 3.68669E-03 9.89733E-01 3.15497E+02 
8.99909E+01 3.63288E-03 9.85090E-01 3.15096E+02 
9.74902E+01 3.57510E-03 9.79671E-01 3.14588E+02 
1.04989E+02 3.51353E-03 9.73435E-01 3.13956E+02 
1.12489E+02 3.44834E-03 9.66344E-01 3.13185E+02 
1.19988E+02 3.37974E-03 9.58369E-01 3.12257E+02 
1.27487E+02 3.30794E-03 9.49481E-01 3.11157E+02 
1.34986E+02 3.23314E-03 9.39664E-01 3.09868E+02 
1.42486E+02 3.15559E-03 9.28902E-01 3.08374E+02 
1.49985E+02 3.07550E-03 9.17190E-01 3.06661E+02 
1.57484E+02 2.99314E-03 9.04526E-01 3.04713E+02 
1.64983E+02 2.90873E-03 8.90916E-01 3.02518E+02 
1.72483E+02 2.82255E-03 8.76373E-01 3.00064E+02 
1.79982E+02 2.73484E-03 8.60915E-01 2.97339E+02 
1.87481E+02 2.64587E-03 8.44567E-01 2.94335E+02 
1.94980E+02 2.55589E-03 8.27360E-01 2.91044E+02 
2.02480E+02 2.46518E-03 8.09332E-01 2.87461E+02 
2.09979E+02 2.37398E-03 7.90525E-01 2.83582E+02 
2.17478E+02 2.28257E-03 7.70987E-01 2.79405E+02 
2.24977E+02 2.19118E-03 7.50770E-01 2.74932E+02 
2.32477E+02 2.10008E-03 7.29932E-01 2.70166E+02 
2.39976E+02 2.00949E-03 7.08534E-01 2.65111E+02 
2.47475E+02 1.91966E-03 6.86641E-01 2.59774E+02 
2.54974E+02 1.83081E-03 6.64320E-01 2.54167E+02 
2.62474E+02 1.74315E-03 6.41641E-01 2.48299E+02 
2.69973E+02 1.65689E-03 6.18676E-01 2.42185E+02 
2.77472E+02 1.57220E-03 5.95498E-01 2.35840E+02 
2.84971E+02 1.48929E-03 5.72180E-01 2.29283E+02 
2.92470E+02 1.40829E-03 5.48797E-01 2.22532E+02 
2.99970E+02 1.32937E-03 5.25420E-01 2.15607E+02 
3.07469E+02 1.25265E-03 5.02121E-01 2.08531E+02 
3.14968E+02 1.17826E-03 4.78971E-01 2.01326E+02 
3.22467E+02 1.10630E-03 4.56037E-01 1.94017E+02 
3.29967E+02 1.03685E-03 4.33384E-01 1.86627E+02 
3.37466E+02 9.69993E-04 4.11073E-01 1.79182E+02 
3.44965E+02 9.05777E-04 3.89163E-01 1.71706E+02 
3.52464E+02 8.44246E-04 3.67708E-01 1.64225E+02 
3.59964E+02 7.85427E-04 3.46758E-01 1.56762E+02 
3.67463E+02 7.29334E-04 3.26358E-01 1.49343E+02 
3.74962E+02 6.75966E-04 3.06548E-01 1.41990E+02 
3.82461E+02 6.25310E-04 2.87366E-01 1.34726E+02 
3.89961E+02 5.77341E-04 2.68842E-01 1.27572E+02 
3.97460E+02 5.32024E-04 2.51001E-01 1.20548E+02 
4.04959E+02 4.89311E-04 2.33866E-01 1.13674E+02 
4.12458E+02 4.49147E-04 2.17452E-01 1.06966E+02 
4.19958E+02 4.11468E-04 2.01772E-01 1.00440E+02 
4.27457E+02 3.76204E-04 1.86831E-01 9.41101E+01 
4.34956E+02 3.43275E-04 1.72634E-01 8.79885E+01 
4.42455E+02 3.12600E-04 1.59178E-01 8.20858E+01 
4.49955E+02 2.84091E-04 1.46458E-01 7.64106E+01 
4.57454E+02 2.57656E-04 1.34466E-01 7.09701E+01 
4.64953E+02 2.33202E-04 1.23189E-01 6.57694E+01 
4.72452E+02 2.10632E-04 1.12611E-01 6.08122E+01 
4.79952E+02 1.89850E-04 1.02716E-01 5.61006E+01 
4.87451E+02 1.70760E-04 9.34830E-02 5.16349E+01 
4.94950E+02 1.53263E-04 8.48896E-02 4.74142E+01 
5.02449E+02 1.37265E-04 7.69121E-02 4.34362E+01 
5.09949E+02 1.22670E-04 6.95252E-02 3.96973E+01 
5.17448E+02 1.09387E-04 6.27026E-02 3.61929E+01 
5.24947E+02 9.73262E-05 5.64172E-02 3.29173E+01 
5.32446E+02 8.64002E-05 5.06413E-02 2.98639E+01 
5.39945E+02 7.65253E-05 4.53471E-02 2.70254E+01 
5.47445E+02 6.76211E-05 4.05065E-02 2.43939E+01 
5.54944E+02 5.96108E-05 3.60918E-02 2.19608E+01 
5.62443E+02 5.24215E-05 3.20757E-02 1.97173E+01 
5.69943E+02 4.59839E-05 2.84312E-02 1.76540E+01 
5.77442E+02 4.02329E-05 2.51323E-02 1.57617E+01 
5.84941E+02 3.51072E-05 2.21537E-02 1.40307E+01 
5.92440E+02 3.05493E-05 1.94708E-02 1.24515E+01 
5.99939E+02 2.65059E-05 1.70605E-02 1.10147E+01 
6.07439E+02 2.29270E-05 1.49002E-02 9.71072E+00 
6.14938E+02 1.97668E-05 1.29690E-02 8.53050E+00 
6.22437E+02 1.69828E-05 1.12468E-02 7.46510E+00 
6.29936E+02 1.45357E-05 9.71467E-03 6.50583E+00 
6.37436E+02 1.23900E-05 8.35509E-03 5.64439E+00 
6.44935E+02 1.05127E-05 7.15157E-03 4.87280E+00 
6.52434E+02 8.87415E-06 6.08882E-03 4.18349E+00 
6.59933E+02 7.44732E-06 5.15268E-03 3.56929E+00 
6.67433E+02 6.20770E-06 4.33008E-03 3.02341E+00 
6.74932E+02 5.13325E-06 3.60902E-03 2.53951E+00 
6.82431E+02 4.20411E-06 2.97851E-03 2.11165E+00 
6.89930E+02 3.40249E-06 2.42853E-03 1.73431E+00 
6.97430E+02 2.71251E-06 1.94997E-03 1.40238E+00 
7.04929E+02 2.11998E-06 1.53456E-03 1.11114E+00 
7.12428E+02 1.61234E-06 1.17486E-03 8.56260E-01 
7.19927E+02 1.17842E-06 8.64134E-04 6.33756E-01 
7.27427E+02 8.08378E-07 5.96382E-04 4.40015E-01 
7.34926E+02 4.93549E-07 3.66219E-04 2.71747E-01 
7.42425E+02 2.26311E-07 1.68844E-04 1.25971E-01 
