100 2 
0.00000E+00 3.76822E-03 1.00585E+00 3.31517E+02 
7.73778E+00 3.76608E-03 1.00583E+00 3.31517E+02 
1.54756E+01 3.75965E-03 1.00576E+00 3.31516E+02 
2.32134E+01 3.74894E-03 1.00555E+00 3.31512E+02 
3.09511E+01 3.73399E-03 1.00514E+00 3.31501E+02 
3.86889E+01 3.71481E-03 1.00447E+00 3.31477E+02 
4.64267E+01 3.69145E-03 1.00347E+00 3.31435E+02 
5.41645E+01 3.66397E-03 1.00209E+00 3.31365E+02 
6.19023E+01 3.63241E-03 1.00025E+00 3.31258E+02 
6.96401E+01 3.59684E-03 9.97911E-01 3.31104E+02 
7.73778E+01 3.55735E-03 9.95006E-01 3.30890E+02 
8.51156E+01 3.51403E-03 9.91483E-01 3.30603E+02 
9.28534E+01 3.46696E-03 9.87293E-01 3.30230E+02 
1.00591E+02 3.41627E-03 9.82388E-01 3.29755E+02 
1.08329E+02 3.36208E-03 9.76724E-01 3.29163E+02 
1.16067E+02 3.30451E-03 9.70263E-01 3.28437E+02 
1.23805E+02 3.24370E-03 9.62969E-01 3.27562E+02 
1.31542E+02 3.17983E-03 9.54811E-01 3.26520E+02 
1.39280E+02 3.11303E-03 9.45765E-01 3.25294E+02 
1.47018E+02 3.04350E-03 9.35810E-01 3.23869E+02 
1.54756E+02 2.97142E-03 9.24932E-01 3.22227E+02 
1.62493E+02 2.89698E-03 9.13122E-01 3.20353E+02 
1.70231E+02 2.82038E-03 9.00378E-01 3.18232E+02 
1.77969E+02 2.74183E-03 8.86702E-01 3.15850E+02 
1.85707E+02 2.66156E-03 8.72105E-01 3.13195E+02 
1.93445E+02 2.57979E-03 8.56601E-01 3.10256E+02 
2.01182E+02 2.49674E-03 8.40214E-01 3.07022E+02 
2.08920E+02 2.41265E-03 8.22971E-01 3.03486E+02 
2.16658E+02 2.32776E-03 8.04907E-01 2.99641E+02 
2.24396E+02 2.24231E-03 7.86061E-01 2.95485E+02 
2.32134E+02 2.15652E-03 7.66480E-01 2.91015E+02 
2.39871E+02 2.07065E-03 7.46213E-01 2.86231E+02 
2.47609E+02 1.98492E-03 7.25317E-01 2.81138E+02 
2.55347E+02 1.89956E-03 7.03852E-01 2.75739E+02 
2.63085E+02 1.81480E-03 6.81880E-01 2.70043E+02 
2.70822E+02 1.73085E-03 6.59470E-01 2.64061E+02 
2.78560E+02 1.64792E-03 6.36692E-01 2.57803E+02 
2.86298E+02 1.56621E-03 6.13617E-01 2.51286E+02 
2.94036E+02 1.48592E-03 5.90319E-01 2.44526E+02 
3.01774E+02 1.40722E-03 5.66874E-01 2.37541E+02 
3.09511E+02 1.33027E-03 5.43355E-01 2.30353E+02 
3.17249E+02 1.25522E-03 5.19839E-01 2.22984E+02 
3.24987E+02 1.18222E-03 4.96398E-01 2.15456E+02 
3.32725E+02 1.11138E-03 4.73105E-01 2.07796E+02 
3.40463E+02 1.04282E-03 4.50030E-01 2.00030E+02 
3.48200E+02 9.76631E-04 4.27239E-01 1.92182E+02 
3.55938E+02 9.12885E-04 4.04798E-01 1.84282E+02 
3.63676E+02 8.51649E-04 3.82766E-01 1.76355E+02 
3.71414E+02 7.92970E-04 3.61201E-01 1.68429E+02 
3.79151E+02 7.36881E-04 3.40153E-01 1.60530E+02 
3.86889E+02 6.83401E-04 3.19671E-01 1.52686E+02 
3.94627E+02 6.32537E-04 2.99797E-01 1.44920E+02 
4.02365E+02 5.84280E-04 2.80569E-01 1.37258E+02 
4.10103E+02 5.38610E-04 2.62017E-01 1.29722E+02 
4.17840E+02 4.95495E-04 2.44171E-01 1.22335E+02 
4.25578E+02 4.54894E-04 2.27051E-01 1.15116E+02 
4.33316E+02 4.16754E-04 2.10673E-01 1.08083E+02 
4.41054E+02 3.81016E-04 1.95051E-01 1.01253E+02 
4.48792E+02 3.47611E-04 1.80189E-01 9.46418E+01 
4.56529E+02 3.16463E-04 1.66092E-01 8.82608E+01 
4.64267E+02 2.87493E-04 1.52755E-01 8.21212E+01 
4.72005E+02 2.60614E-04 1.40174E-01 7.62318E+01 
4.79743E+02 2.35738E-04 1.28337E-01 7.05995E+01 
4.87480E+02 2.12772E-04 1.17231E-01 6.52292E+01 
4.95218E+02 1.91622E-04 1.06840E-01 6.01240E+01 
5.02956E+02 1.72192E-04 9.71441E-02 5.52852E+01 
5.10694E+02 1.54386E-04 8.81210E-02 5.07125E+01 
5.18432E+02 1.38110E-04 7.97468E-02 4.64039E+01 
5.26169E+02 1.23269E-04 7.19959E-02 4.23560E+01 
5.33907E+02 1.09769E-04 6.48412E-02 3.85641E+01 
5.41645E+02 9.75192E-05 5.82546E-02 3.50223E+01 
5.49383E+02 8.64321E-05 5.22071E-02 3.17237E+01 
5.57120E+02 7.64219E-05 4.66696E-02 2.86604E+01 
5.64858E+02 6.74061E-05 4.16125E-02 2.58237E+01 
5.72596E+02 5.93061E-05 3.70063E-02 2.32043E+01 
5.80334E+02 5.20468E-05 3.28222E-02 2.07925E+01 
5.88072E+02 4.55571E-05 2.90313E-02 1.85782E+01 
5.95809E+02 3.97698E-05 2.56060E-02 1.65508E+01 
6.03547E+02 3.46215E-05 2.25191E-02 1.46998E+01 
6.11285E+02 3.00530E-05 1.97445E-02 1.30147E+01 
6.19023E+02 2.60090E-05 1.72571E-02 1.14848E+01 
6.26761E+02 2.24382E-05 1.50332E-02 1.00997E+01 
6.34498E+02 1.92930E-05 1.30500E-02 8.84914E+00 
6.42236E+02 1.65295E-05 1.12860E-02 7.72325E+00 
6.49974E+02 1.41073E-05 9.72128E-03 6.71237E+00 
6.57712E+02 1.19896E-05 8.33682E-03 5.80726E+00 
6.65450E+02 1.01427E-05 7.11509E-03 4.99908E+00 
6.73187E+02 8.53585E-06 6.03977E-03 4.27944E+00 
6.80925E+02 7.14139E-06 5.09576E-03 3.64038E+00 
6.88663E+02 5.93421E-06 4.26920E-03 3.07443E+00 
6.96401E+02 4.89173E-06 3.54736E-03 2.57459E+00 
7.04138E+02 3.99372E-06 2.91860E-03 2.13434E+00 
7.11876E+02 3.22207E-06 2.37233E-03 1.74764E+00 
7.19614E+02 2.56062E-06 1.89897E-03 1.40888E+00 
7.27352E+02 1.99506E-06 1.48985E-03 1.11292E+00 
7.35090E+02 1.51266E-06 1.13716E-03 8.55063E-01 
7.42827E+02 1.10221E-06 8.33906E-04 6.30998E-01 
7.50565E+02 7.53856E-07 5.73827E-04 4.36824E-01 
7.58303E+02 4.58924E-07 3.51352E-04 2.69004E-01 
7.66041E+02 2.09842E-07 1.61536E-04 1.24351E-01 
