100 2 
0.00000E+00 3.78287E-03 1.00584E+00 3.30439E+02 
7.72124E+00 3.78070E-03 1.00583E+00 3.30439E+02 
1.54425E+01 3.77420E-03 1.00575E+00 3.30438E+02 
2.31637E+01 3.76337E-03 1.00554E+00 3.30434E+02 
3.08850E+01 3.74825E-03 1.00513E+00 3.30423E+02 
3.86062E+01 3.72886E-03 1.00445E+00 3.30399E+02 
4.63275E+01 3.70524E-03 1.00345E+00 3.30356E+02 
5.40487E+01 3.67745E-03 1.00205E+00 3.30286E+02 
6.17700E+01 3.64555E-03 1.00020E+00 3.30179E+02 
6.94912E+01 3.60961E-03 9.97838E-01 3.30023E+02 
7.72124E+01 3.56970E-03 9.94908E-01 3.29808E+02 
8.49337E+01 3.52594E-03 9.91357E-01 3.29520E+02 
9.26549E+01 3.47840E-03 9.87134E-01 3.29144E+02 
1.00376E+02 3.42722E-03 9.82192E-01 3.28667E+02 
1.08097E+02 3.37250E-03 9.76487E-01 3.28071E+02 
1.15819E+02 3.31440E-03 9.69979E-01 3.27342E+02 
1.23540E+02 3.25305E-03 9.62635E-01 3.26463E+02 
1.31261E+02 3.18862E-03 9.54425E-01 3.25416E+02 
1.38982E+02 3.12127E-03 9.45322E-01 3.24186E+02 
1.46704E+02 3.05118E-03 9.35308E-01 3.22755E+02 
1.54425E+02 2.97853E-03 9.24369E-01 3.21107E+02 
1.62146E+02 2.90353E-03 9.12496E-01 3.19227E+02 
1.69867E+02 2.82639E-03 8.99688E-01 3.17100E+02 
1.77589E+02 2.74731E-03 8.85948E-01 3.14713E+02 
1.85310E+02 2.66651E-03 8.71287E-01 3.12052E+02 
1.93031E+02 2.58423E-03 8.55721E-01 3.09107E+02 
2.00752E+02 2.50070E-03 8.39273E-01 3.05868E+02 
2.08474E+02 2.41614E-03 8.21972E-01 3.02327E+02 
2.16195E+02 2.33081E-03 8.03852E-01 2.98479E+02 
2.23916E+02 2.24493E-03 7.84955E-01 2.94320E+02 
2.31637E+02 2.15876E-03 7.65325E-01 2.89849E+02 
2.39359E+02 2.07251E-03 7.45016E-01 2.85065E+02 
2.47080E+02 1.98644E-03 7.24081E-01 2.79973E+02 
2.54801E+02 1.90077E-03 7.02583E-01 2.74578E+02 
2.62522E+02 1.81572E-03 6.80584E-01 2.68888E+02 
2.70244E+02 1.73151E-03 6.58153E-01 2.62912E+02 
2.77965E+02 1.64835E-03 6.35359E-01 2.56664E+02 
2.85686E+02 1.56644E-03 6.12275E-01 2.50158E+02 
2.93407E+02 1.48596E-03 5.88974E-01 2.43411E+02 
3.01129E+02 1.40710E-03 5.65532E-01 2.36443E+02 
3.08850E+02 1.33001E-03 5.42023E-01 2.29273E+02 
3.16571E+02 1.25485E-03 5.18521E-01 2.21923E+02 
3.24292E+02 1.18176E-03 4.95100E-01 2.14419E+02 
3.32013E+02 1.11085E-03 4.71832E-01 2.06783E+02 
3.39735E+02 1.04223E-03 4.48787E-01 1.99043E+02 
3.47456E+02 9.75995E-04 4.26031E-01 1.91224E+02 
3.55177E+02 9.12222E-04 4.03628E-01 1.83354E+02 
3.62898E+02 8.50971E-04 3.81638E-01 1.75459E+02 
3.70620E+02 7.92288E-04 3.60117E-01 1.67567E+02 
3.78341E+02 7.36205E-04 3.39117E-01 1.59703E+02 
3.86062E+02 6.82740E-04 3.18684E-01 1.51894E+02 
3.93783E+02 6.31897E-04 2.98861E-01 1.44165E+02 
4.01505E+02 5.83667E-04 2.79684E-01 1.36540E+02 
4.09226E+02 5.38028E-04 2.61185E-01 1.29041E+02 
4.16947E+02 4.94948E-04 2.43391E-01 1.21691E+02 
4.24668E+02 4.54384E-04 2.26323E-01 1.14509E+02 
4.32390E+02 4.16284E-04 2.09998E-01 1.07514E+02 
4.40111E+02 3.80585E-04 1.94426E-01 1.00721E+02 
4.47832E+02 3.47220E-04 1.79614E-01 9.41455E+01 
4.55553E+02 3.16112E-04 1.65564E-01 8.77997E+01 
4.63275E+02 2.87180E-04 1.52274E-01 8.16944E+01 
4.70996E+02 2.60338E-04 1.39736E-01 7.58382E+01 
4.78717E+02 2.35497E-04 1.27941E-01 7.02379E+01 
4.86438E+02 2.12563E-04 1.16875E-01 6.48982E+01 
4.94160E+02 1.91444E-04 1.06522E-01 5.98222E+01 
5.01881E+02 1.72042E-04 9.68604E-02 5.50112E+01 
5.09602E+02 1.54263E-04 8.78697E-02 5.04646E+01 
5.17323E+02 1.38010E-04 7.95255E-02 4.61806E+01 
5.25045E+02 1.23190E-04 7.18022E-02 4.21557E+01 
5.32766E+02 1.09709E-04 6.46727E-02 3.83853E+01 
5.40487E+02 9.74758E-05 5.81090E-02 3.48633E+01 
5.48208E+02 8.64030E-05 5.20823E-02 3.15831E+01 
5.55930E+02 7.64049E-05 4.65633E-02 2.85365E+01 
5.63651E+02 6.73995E-05 4.15228E-02 2.57152E+01 
5.71372E+02 5.93081E-05 3.69314E-02 2.31098E+01 
5.79093E+02 5.20558E-05 3.27602E-02 2.07106E+01 
5.86815E+02 4.55717E-05 2.89807E-02 1.85076E+01 
5.94536E+02 3.97886E-05 2.55652E-02 1.64904E+01 
6.02257E+02 3.46435E-05 2.24868E-02 1.46485E+01 
6.09978E+02 3.00771E-05 1.97194E-02 1.29713E+01 
6.17700E+02 2.60344E-05 1.72381E-02 1.14484E+01 
6.25421E+02 2.24642E-05 1.50193E-02 1.00694E+01 
6.33142E+02 1.93189E-05 1.30403E-02 8.82421E+00 
6.40863E+02 1.65549E-05 1.12798E-02 7.70291E+00 
6.48585E+02 1.41318E-05 9.71780E-03 6.69596E+00 
6.56306E+02 1.20128E-05 8.33550E-03 5.79419E+00 
6.64027E+02 1.01644E-05 7.11539E-03 4.98882E+00 
6.71748E+02 8.55594E-06 6.04126E-03 4.27151E+00 
6.79469E+02 7.15972E-06 5.09809E-03 3.63438E+00 
6.87191E+02 5.95072E-06 4.27205E-03 3.06999E+00 
6.94912E+02 4.90641E-06 3.55048E-03 2.57141E+00 
7.02633E+02 4.00658E-06 2.92179E-03 2.13216E+00 
7.10354E+02 3.23314E-06 2.37544E-03 1.74621E+00 
7.18076E+02 2.56999E-06 1.90187E-03 1.40803E+00 
7.25797E+02 2.00278E-06 1.49244E-03 1.11249E+00 
7.33518E+02 1.51884E-06 1.13938E-03 8.54904E-01 
7.41239E+02 1.10695E-06 8.35705E-04 6.31011E-01 
7.48961E+02 7.57253E-07 5.75182E-04 4.36921E-01 
7.56682E+02 4.61086E-07 3.52253E-04 2.69117E-01 
7.64403E+02 2.10871E-07 1.61981E-04 1.24427E-01 
